Sl no.,District Name,Market Name,Commodity,Variety,Grade,Min Price (Rs./Quintal),Max Price (Rs./Quintal),Modal Price (Rs./Quintal),Price Date
1,Auraiya,Achalda,Onion,Red,FAQ,2500,2700,2600,03-Jan-25
2,Agra,Achnera,Onion,Red,FAQ,2000,2100,2050,28-Jan-25
3,Agra,Achnera,Onion,Red,FAQ,2220,2300,2260,22-Jan-25
4,Shajapur,Agar,Onion,Onion,FAQ,500,3000,3000,04-Jan-25
5,Shajapur,Agar,Onion,Onion,FAQ,825,2600,2600,07-Jan-25
6,Shajapur,Agar,Onion,Onion,FAQ,850,2200,2200,13-Jan-25
7,Agra,Agra,Onion,Red,FAQ,2200,2500,2360,15-Jan-25
8,Mirzapur,Ahirora,Onion,Red,Non-FAQ,1400,1600,1500,23-Jan-25
9,Mirzapur,Ahirora,Onion,Red,Non-FAQ,1700,1800,1800,21-Jan-25
10,Ahmedabad,Ahmedabad(Chimanbhai Patal Market Vasana),Onion,Local,FAQ,1250,2750,2550,02-Jan-25
11,Ahmedabad,Ahmedabad(Chimanbhai Patal Market Vasana),Onion,Nasik,FAQ,2500,3500,3300,01-Jan-25
12,Dharmapuri,AJattihalli(Uzhavar Sandhai ),Onion,Bellary,Local,4000,4600,4600,21-Jan-25
13,Ajmer,Ajmer(F&V),Onion,Other,FAQ,1200,2800,2000,16-Jan-25
14,Amritsar,Ajnala,Onion,Red,FAQ,2500,2700,2600,18-Jan-25
15,Amritsar,Ajnala,Onion,Red,FAQ,2500,2800,2600,17-Jan-25
16,Amritsar,Ajnala,Onion,Red,FAQ,2500,3000,2700,20-Jan-25
17,Prayagraj,Ajuha,Onion,Red,FAQ,1830,1970,1900,27-Jan-25
18,Ambedkarnagar,Akbarpur,Onion,Red,FAQ,2300,2380,2370,30-Jan-25
19,Ambedkarnagar,Akbarpur,Onion,Red,FAQ,2300,2500,2440,08-Jan-25
20,Ambedkarnagar,Akbarpur,Onion,Red,FAQ,2470,2600,2530,01-Jan-25
21,Jammu,Akhnoor,Onion,Other,Non-FAQ,2400,2800,2600,22-Jan-25
22,Sholapur,Akluj,Onion,Red,FAQ,800,4000,2800,05-Jan-25
23,Akola,Akola,Onion,Other,FAQ,1500,2500,2000,09-Jan-25
24,Akola,Akola,Onion,Other,FAQ,2000,2700,2500,10-Jan-25
25,Akola,Akola,Onion,Other,Local,2000,2900,2500,28-Jan-25
26,Alipurduar,Alipurduar,Onion,Other,FAQ,2600,3000,2800,18-Jan-25
27,Alipurduar,Alipurduar,Onion,Other,FAQ,3000,3200,3100,05-Jan-25
28,Alipurduar,Alipurduar,Onion,Other,FAQ,3000,3300,3200,02-Jan-25
29,Prayagraj,Allahabad,Onion,Red,FAQ,1880,2000,1920,25-Jan-25
30,Prayagraj,Allahabad,Onion,Red,FAQ,1900,2000,1920,23-Jan-25
31,Ernakulam,Aluva,Onion,Big,FAQ,3500,4000,3800,30-Jan-25
32,Ernakulam,Aluva,Onion,Big,FAQ,3600,4000,3800,27-Jan-25
33,Ernakulam,Aluva,Onion,Big,FAQ,3800,4500,4200,22-Jan-25
34,Alwar,Alwar (F&V),Onion,Other,FAQ,750,2037,1500,22-Jan-25
35,Alwar,Alwar (F&V),Onion,Other,FAQ,875,2000,1625,17-Jan-25
36,Alwar,Alwar (F&V),Onion,Other,FAQ,1000,2250,1500,10-Jan-25
37,Alwar,Alwar (F&V),Onion,Other,FAQ,1000,2250,1625,07-Jan-25
38,Thirunelveli,Ambasamudram(Uzhavar Sandhai ),Onion,Bellary,Local,3300,4000,4000,18-Jan-25
39,Thiruvellore,Ambattur(Uzhavar Sandhai ),Onion,Bellary,Local,4000,4000,4000,11-Jan-25
40,Salem,Ammapet(Uzhavar Sandhai ),Onion,Bellary,Local,4500,5000,5000,01-Feb-25
41,Amarawati,Amrawati(Frui & Veg. Market),Onion,Red,FAQ,800,2500,1650,19-Jan-25
42,Amarawati,Amrawati(Frui & Veg. Market),Onion,Red,Local,1500,2000,1750,01-Feb-25
43,Amroha,Amroha,Onion,Red,FAQ,2150,2340,2260,18-Jan-25
44,Madurai,Anaiyur(Uzhavar Sandhai ),Onion,Bellary,Local,4500,5000,5000,26-Jan-25
45,Madurai,Anaiyur(Uzhavar Sandhai ),Onion,Bellary,Local,4500,5000,5000,29-Jan-25
46,Madurai,Anaiyur(Uzhavar Sandhai ),Onion,Bellary,Local,4500,5000,5000,31-Jan-25
47,Maharajganj,Anandnagar,Onion,Red,FAQ,2200,2800,2600,04-Jan-25
48,Kollam,Anchal,Onion,Other,FAQ,3600,3800,3700,09-Jan-25
49,Kollam,Anchal,Onion,Other,FAQ,3600,3800,3700,16-Jan-25
50,Kollam,Anchal,Onion,Other,FAQ,4600,4800,4700,06-Jan-25
51,Kollam,Anchal,Onion,Other,FAQ,4600,4800,4700,25-Jan-25
52,Kollam,Anchal,Onion,Other,FAQ,5000,5200,5100,22-Jan-25
53,Auraiya,Achalda,Onion,Red,FAQ,2000,2200,2100,27-Jan-25
54,Agra,Achnera,Onion,Red,FAQ,2080,2140,2110,29-Jan-25
55,Agra,Achnera,Onion,Red,FAQ,2340,2420,2380,16-Jan-25
56,Shajapur,Agar,Onion,Onion,FAQ,1450,1800,1550,20-Jan-25
57,Agra,Agra,Onion,Red,FAQ,2000,2350,2160,26-Jan-25
58,Agra,Agra,Onion,Red,FAQ,2100,2500,2300,18-Jan-25
59,Agra,Agra,Onion,Red,FAQ,2200,2500,2350,11-Jan-25
60,Agra,Agra,Onion,Red,FAQ,2250,2600,2400,12-Jan-25
61,Mirzapur,Ahirora,Onion,Red,FAQ,1600,1800,1700,06-Jan-25
62,Ahmedabad,Ahmedabad(Chimanbhai Patal Market Vasana),Onion,Local,FAQ,1000,2400,2200,28-Jan-25
63,Ahmedabad,Ahmedabad(Chimanbhai Patal Market Vasana),Onion,Local,FAQ,1000,2500,1800,25-Jan-25
64,Ahmedabad,Ahmedabad(Chimanbhai Patal Market Vasana),Onion,Nasik,FAQ,2000,2800,2600,08-Jan-25
65,Ahmedabad,Ahmedabad(Chimanbhai Patal Market Vasana),Onion,Nasik,FAQ,2000,3000,2750,11-Jan-25
66,Ahmedabad,Ahmedabad(Chimanbhai Patal Market Vasana),Onion,Nasik,FAQ,2000,3000,2750,30-Jan-25
67,Ahmedabad,Ahmedabad(Chimanbhai Patal Market Vasana),Onion,Nasik,FAQ,2250,3000,2800,21-Jan-25
68,Ahmedabad,Ahmedabad(Chimanbhai Patal Market Vasana),Onion,Nasik,FAQ,2500,3100,2900,24-Jan-25
69,Dharmapuri,AJattihalli(Uzhavar Sandhai ),Onion,Bellary,Local,4000,4200,4200,16-Jan-25
70,Dharmapuri,AJattihalli(Uzhavar Sandhai ),Onion,Bellary,Local,4400,4600,4600,25-Jan-25
71,Prayagraj,Ajuha,Onion,Red,FAQ,1800,1900,1850,29-Jan-25
72,Prayagraj,Ajuha,Onion,Red,FAQ,1830,1980,1900,24-Jan-25
73,Prayagraj,Ajuha,Onion,Red,FAQ,1930,2075,2000,20-Jan-25
74,Akola,Akola,Onion,Other,FAQ,1500,2500,2000,16-Jan-25
75,Akola,Akola,Onion,Other,FAQ,2000,3200,2500,02-Jan-25
76,Ahmednagar,Akole,Onion,Red,FAQ,800,2511,1700,05-Jan-25
77,Aligarh,Aligarh,Onion,Red,FAQ,2200,2400,2290,31-Jan-25
78,Aligarh,Aligarh,Onion,Red,FAQ,2200,2400,2300,22-Jan-25
79,Aligarh,Aligarh,Onion,Red,FAQ,2300,2450,2350,01-Feb-25
80,Alipurduar,Alipurduar,Onion,Other,FAQ,2800,3200,3000,17-Jan-25
81,Alipurduar,Alipurduar,Onion,Other,Non-FAQ,2800,3000,2900,21-Jan-25
82,Prayagraj,Allahabad,Onion,Red,FAQ,1800,1950,1885,31-Jan-25
83,Prayagraj,Allahabad,Onion,Red,FAQ,2000,2150,2085,06-Jan-25
84,Ernakulam,Aluva,Onion,Big,Non-FAQ,3400,4000,3700,17-Jan-25
85,Alwar,Alwar (F&V),Onion,Other,FAQ,700,2000,1450,25-Jan-25
86,Alwar,Alwar (F&V),Onion,Other,FAQ,875,1875,1375,12-Jan-25
87,Ambala,Ambala City(Subji Mandi),Onion,Other,FAQ,1400,1725,1550,29-Jan-25
88,Thirunelveli,Ambasamudram(Uzhavar Sandhai ),Onion,Bellary,Local,3800,4500,4500,29-Jan-25
89,Thiruvellore,Ambattur(Uzhavar Sandhai ),Onion,Bellary,Local,4000,4000,4000,10-Jan-25
90,Thiruvellore,Ambattur(Uzhavar Sandhai ),Onion,Bellary,Local,5000,5000,5000,05-Jan-25
91,Salem,Ammapet(Uzhavar Sandhai ),Onion,Bellary,Local,4500,5000,5000,01-Jan-25
92,Salem,Ammapet(Uzhavar Sandhai ),Onion,Bellary,Local,4500,5000,5000,16-Jan-25
93,Salem,Ammapet(Uzhavar Sandhai ),Onion,Bellary,Local,4500,5000,5000,26-Jan-25
94,Salem,Ammapet(Uzhavar Sandhai ),Onion,Bellary,Local,4500,5000,5000,29-Jan-25
95,Salem,Ammapet(Uzhavar Sandhai ),Onion,Bellary,Local,5000,5400,5400,09-Jan-25
96,Salem,Ammapet(Uzhavar Sandhai ),Onion,Bellary,Local,5000,5500,5500,28-Jan-25
97,Amarawati,Amrawati(Frui & Veg. Market),Onion,Red,FAQ,500,2600,1550,17-Jan-25
98,Amarawati,Amrawati(Frui & Veg. Market),Onion,Red,FAQ,800,3200,2000,05-Jan-25
99,Amarawati,Amrawati(Frui & Veg. Market),Onion,Red,FAQ,1000,3000,2000,08-Jan-25
100,Amritsar,Amritsar(Amritsar Mewa Mandi),Onion,Onion,FAQ,1000,2200,1400,07-Jan-25
101,Amroha,Amroha,Onion,Red,FAQ,2050,2250,2150,24-Jan-25
102,Amroha,Amroha,Onion,Red,FAQ,2220,2350,2280,09-Jan-25
103,Auraiya,Achalda,Onion,Red,FAQ,2300,2450,2400,08-Jan-25
104,Shajapur,Agar,Onion,Onion,FAQ,525,2000,1250,21-Jan-25
105,Mirzapur,Ahirora,Onion,Red,Non-FAQ,1400,1500,1500,01-Feb-25
106,Ahmedabad,Ahmedabad(Chimanbhai Patal Market Vasana),Onion,Nasik,FAQ,2000,3000,2800,16-Jan-25
107,Dharmapuri,AJattihalli(Uzhavar Sandhai ),Onion,Bellary,Local,4400,4600,4600,22-Jan-25
108,Dharmapuri,AJattihalli(Uzhavar Sandhai ),Onion,Bellary,Local,4500,4800,4800,27-Jan-25
109,Dharmapuri,AJattihalli(Uzhavar Sandhai ),Onion,Bellary,Local,4600,4800,4800,03-Jan-25
110,Ajmer,Ajmer(F&V),Onion,Other,FAQ,1000,2400,1900,21-Jan-25
111,Ajmer,Ajmer(F&V),Onion,Other,FAQ,1000,3200,2200,07-Jan-25
112,Ajmer,Ajmer(F&V),Onion,Other,FAQ,1200,2600,1900,10-Jan-25
113,Ajmer,Ajmer(F&V),Onion,Other,FAQ,1200,3000,2100,08-Jan-25
114,Prayagraj,Ajuha,Onion,Red,FAQ,1800,1940,1870,28-Jan-25
115,Prayagraj,Ajuha,Onion,Red,FAQ,2030,2180,2100,18-Jan-25
116,Ambedkarnagar,Akbarpur,Onion,Red,FAQ,2300,2400,2380,21-Jan-25
117,Ambedkarnagar,Akbarpur,Onion,Red,FAQ,2400,2550,2480,01-Feb-25
118,Akola,Akola,Onion,Other,FAQ,1800,2700,2400,06-Jan-25
119,Akola,Akola,Onion,Other,Local,1000,2800,2500,30-Jan-25
120,Aligarh,Aligarh,Onion,Red,FAQ,2250,2310,2300,20-Jan-25
121,Aligarh,Aligarh,Onion,Red,FAQ,2320,2500,2420,11-Jan-25
122,Alipurduar,Alipurduar,Onion,Other,FAQ,3100,3400,3200,10-Jan-25
123,Alipurduar,Alipurduar,Onion,Other,Non-FAQ,3000,3200,3100,26-Jan-25
124,Prayagraj,Allahabad,Onion,Red,FAQ,1900,2000,1925,28-Jan-25
125,Prayagraj,Allahabad,Onion,Red,FAQ,2000,2170,2050,04-Jan-25
126,Ernakulam,Aluva,Onion,Big,FAQ,3800,4500,4200,08-Jan-25
127,Alwar,Alwar (F&V),Onion,Other,FAQ,750,1778,1250,16-Jan-25
128,Alwar,Alwar (F&V),Onion,Other,FAQ,875,2000,1500,15-Jan-25
129,Ambala,Ambala Cantt.,Onion,Other,FAQ,1200,2200,1800,02-Jan-25
130,Thirunelveli,Ambasamudram(Uzhavar Sandhai ),Onion,Bellary,Local,3300,4000,4000,15-Jan-25
131,Thiruvellore,Ambattur(Uzhavar Sandhai ),Onion,Bellary,Local,5000,5000,5000,20-Jan-25
132,Thiruvellore,Ambattur(Uzhavar Sandhai ),Onion,Bellary,Local,5000,5000,5000,24-Jan-25
133,Salem,Ammapet(Uzhavar Sandhai ),Onion,Bellary,Local,5000,5500,5500,03-Jan-25
134,Salem,Ammapet(Uzhavar Sandhai ),Onion,Bellary,Local,5000,5500,5500,12-Jan-25
135,Amarawati,Amrawati(Frui & Veg. Market),Onion,Red,FAQ,500,2500,1500,15-Jan-25
136,Amarawati,Amrawati(Frui & Veg. Market),Onion,Red,FAQ,1000,3000,2000,11-Jan-25
137,Amarawati,Amrawati(Frui & Veg. Market),Onion,Red,FAQ,1000,3200,2100,07-Jan-25
138,Amarawati,Amrawati(Frui & Veg. Market),Onion,Red,Local,1600,2000,1800,29-Jan-25
139,Amroha,Amroha,Onion,Red,FAQ,2220,2350,2290,11-Jan-25
140,Madurai,Anaiyur(Uzhavar Sandhai ),Onion,Bellary,Local,4500,5000,5000,10-Jan-25
141,Madurai,Anaiyur(Uzhavar Sandhai ),Onion,Bellary,Local,4500,5000,5000,11-Jan-25
142,Madurai,Anaiyur(Uzhavar Sandhai ),Onion,Bellary,Local,4800,5200,5200,20-Jan-25
143,Anand,"Anand(Veg,Yard,Anand)",Onion,Onion,FAQ,1500,2000,1750,24-Jan-25
144,Maharajganj,Anandnagar,Onion,Red,FAQ,2000,2400,2250,01-Jan-25
145,Maharajganj,Anandnagar,Onion,Red,FAQ,2000,2500,2200,02-Jan-25
146,Maharajganj,Anandnagar,Onion,Red,FAQ,2250,3000,2500,08-Jan-25
147,Maharajganj,Anandnagar,Onion,Red,FAQ,2500,3000,2700,20-Jan-25
148,Maharajganj,Anandnagar,Onion,Red,FAQ,2500,3200,2800,16-Jan-25
149,Kollam,Anchal,Onion,Other,FAQ,4600,4800,4700,28-Jan-25
150,Theni,Andipatti(Uzhavar Sandhai ),Onion,Bellary,Local,4500,5000,5000,06-Jan-25
151,Bharuch,Ankleshwar,Onion,Nasik,FAQ,1200,2800,1600,30-Jan-25
152,Bharuch,Ankleshwar,Onion,Nasik,FAQ,1800,2500,2000,24-Jan-25
153,Auraiya,Achalda,Onion,Red,FAQ,2200,2360,2290,22-Jan-25
154,Auraiya,Achalda,Onion,Red,FAQ,2200,2400,2300,21-Jan-25
155,Auraiya,Achalda,Onion,Red,FAQ,2600,2800,2700,02-Jan-25
156,Agra,Achnera,Onion,Red,FAQ,2030,2100,2070,31-Jan-25
157,Agra,Achnera,Onion,Red,FAQ,2120,2220,2170,24-Jan-25
158,Agra,Agra,Onion,Red,FAQ,2250,2500,2320,03-Jan-25
159,Mirzapur,Ahirora,Onion,Red,FAQ,1600,1800,1700,09-Jan-25
160,Mirzapur,Ahirora,Onion,Red,FAQ,1800,2000,1900,14-Jan-25
161,Ahmedabad,Ahmedabad(Chimanbhai Patal Market Vasana),Onion,Local,FAQ,1000,2250,2050,15-Jan-25
162,Ahmedabad,Ahmedabad(Chimanbhai Patal Market Vasana),Onion,Local,FAQ,1300,2500,2250,08-Jan-25
163,Ahmedabad,Ahmedabad(Chimanbhai Patal Market Vasana),Onion,Nasik,FAQ,2000,3000,2750,03-Jan-25
164,Ahmedabad,Ahmedabad(Chimanbhai Patal Market Vasana),Onion,Nasik,FAQ,2000,3000,2750,22-Jan-25
165,Ahmednagar,Ahmednagar,Onion,Red,FAQ,300,3300,2700,02-Jan-25
166,Ajmer,Ajmer(F&V),Onion,Other,FAQ,1000,2600,1800,25-Jan-25
167,Ajmer,Ajmer(F&V),Onion,Other,FAQ,1000,2600,2000,26-Jan-25
168,Prayagraj,Ajuha,Onion,Red,FAQ,2000,2100,2050,19-Jan-25
169,Prayagraj,Ajuha,Onion,Red,FAQ,2050,2200,2120,03-Jan-25
170,Prayagraj,Ajuha,Onion,Red,FAQ,2080,2200,2150,06-Jan-25
171,Prayagraj,Ajuha,Onion,Red,FAQ,2100,2200,2150,10-Jan-25
172,Ambedkarnagar,Akbarpur,Onion,Red,FAQ,2300,2400,2380,22-Jan-25
173,Ambedkarnagar,Akbarpur,Onion,Red,FAQ,2300,2450,2360,28-Jan-25
174,Jammu,Akhnoor,Onion,Other,FAQ,2600,3000,2800,11-Jan-25
175,Sholapur,Akluj,Onion,Red,FAQ,300,2600,1600,15-Jan-25
176,Sholapur,Akluj,Onion,Red,FAQ,300,3200,1800,22-Jan-25
177,Akola,Akola,Onion,Other,Local,2000,2800,2500,29-Jan-25
178,Aligarh,Aligarh,Onion,Red,FAQ,2200,2400,2300,26-Jan-25
179,Aligarh,Aligarh,Onion,Red,FAQ,2250,2450,2350,25-Jan-25
180,Aligarh,Aligarh,Onion,Red,FAQ,2300,2500,2400,15-Jan-25
181,Aligarh,Aligarh,Onion,Red,FAQ,2320,2500,2420,14-Jan-25
182,Aligarh,Aligarh,Onion,Red,Non-FAQ,2100,2190,2150,30-Jan-25
183,Alipurduar,Alipurduar,Onion,Other,Non-FAQ,2800,3200,3000,29-Jan-25
184,Prayagraj,Allahabad,Onion,Red,FAQ,1870,2000,1900,24-Jan-25
185,Prayagraj,Allahabad,Onion,Red,FAQ,2150,2220,2175,15-Jan-25
186,Prayagraj,Allahabad,Onion,Red,Non-FAQ,2100,2250,2170,16-Jan-25
187,Ernakulam,Aluva,Onion,Big,FAQ,3200,4000,3600,31-Jan-25
188,Ernakulam,Aluva,Onion,Big,FAQ,3800,4000,3900,07-Jan-25
189,Alwar,Alwar (F&V),Onion,Other,FAQ,1250,3125,2125,01-Jan-25
190,Alwar,Alwar (F&V),Onion,Other,FAQ,1437,2300,1800,30-Jan-25
191,Ambala,Ambala Cantt.,Onion,Other,FAQ,1200,2200,1800,07-Jan-25
192,Ambala,Ambala City(Subji Mandi),Onion,Other,FAQ,850,1300,1050,16-Jan-25
193,Thirunelveli,Ambasamudram(Uzhavar Sandhai ),Onion,Bellary,Local,3300,4000,4000,07-Jan-25
194,Thirunelveli,Ambasamudram(Uzhavar Sandhai ),Onion,Bellary,Local,3300,4000,4000,26-Jan-25
195,Thiruvellore,Ambattur(Uzhavar Sandhai ),Onion,Bellary,Local,4000,4000,4000,25-Jan-25
196,Thiruvellore,Ambattur(Uzhavar Sandhai ),Onion,Bellary,Local,5000,5000,5000,14-Jan-25
197,Thiruvellore,Ambattur(Uzhavar Sandhai ),Onion,Bellary,Local,5000,5000,5000,19-Jan-25
198,Thiruvellore,Ambattur(Uzhavar Sandhai ),Onion,Bellary,Local,5000,5000,5000,30-Jan-25
199,Amarawati,Amrawati(Frui & Veg. Market),Onion,Red,FAQ,1000,3000,2000,12-Jan-25
200,Amroha,Amroha,Onion,Red,FAQ,2020,2170,2100,26-Jan-25
201,Amroha,Amroha,Onion,Red,FAQ,2050,2250,2120,25-Jan-25
202,Amroha,Amroha,Onion,Red,FAQ,2120,2300,2200,20-Jan-25
203,Amroha,Amroha,Onion,Red,FAQ,2140,2250,2200,22-Jan-25
204,Theni,Andipatti(Uzhavar Sandhai ),Onion,Bellary,Local,4000,4500,4500,01-Feb-25
205,Theni,Andipatti(Uzhavar Sandhai ),Onion,Bellary,Local,4000,4500,4500,12-Jan-25
206,Theni,Andipatti(Uzhavar Sandhai ),Onion,Bellary,Local,4000,4500,4500,30-Jan-25
207,Theni,Andipatti(Uzhavar Sandhai ),Onion,Bellary,Local,4000,4600,4600,23-Jan-25
208,Theni,Andipatti(Uzhavar Sandhai ),Onion,Bellary,Local,4000,4600,4600,25-Jan-25
209,Madurai,Anna nagar(Uzhavar Sandhai ),Onion,Bellary,Local,5600,5600,5600,08-Jan-25
210,Madurai,Anna nagar(Uzhavar Sandhai ),Onion,Bellary,Local,5600,5600,5600,13-Jan-25
211,Bulandshahar,Anoop Shahar,Onion,Red,FAQ,1400,1800,1600,02-Jan-25
212,Bareilly,Anwala,Onion,Red,FAQ,1700,2000,1800,05-Jan-25
213,Bareilly,Anwala,Onion,Red,FAQ,1700,2000,1800,11-Jan-25
214,Thiruvananthapuram,Aralamoodu,Onion,Onion,Non-FAQ,4000,4500,4500,19-Jan-25
215,Thiruvananthapuram,Aralamoodu,Onion,Onion,Non-FAQ,4000,4500,4500,23-Jan-25
216,Thiruvananthapuram,Aralamoodu,Onion,Onion,Non-FAQ,4000,4500,4500,25-Jan-25
217,Thiruvannamalai,Arani(Uzhavar Sandhai ),Onion,Bellary,Local,4000,4500,4500,25-Jan-25
218,Ranipet,Arcot(Uzhavar Sandhai ),Onion,Bellary,Local,4200,4400,4400,18-Jan-25
219,Ranipet,Arcot(Uzhavar Sandhai ),Onion,Bellary,Local,4800,4800,4800,07-Jan-25
220,Ariyalur,Ariyalur(Uzhavar Sandhai),Onion,Bellary,Local,4000,4400,4400,05-Jan-25
221,Ariyalur,Ariyalur(Uzhavar Sandhai),Onion,Bellary,Local,4600,5600,5600,25-Jan-25
222,Ariyalur,Ariyalur(Uzhavar Sandhai),Onion,Bellary,Local,5000,5400,5400,17-Jan-25
223,Alappuzha,Aroor,Onion,Big,FAQ,4000,4200,4100,28-Jan-25
224,Alappuzha,Aroor,Onion,Small,FAQ,10000,10300,10200,28-Jan-25
225,Virudhunagar,Aruppukottai(Uzhavar Sandhai ),Onion,Bellary,Local,3000,3500,3500,09-Jan-25
226,Paschim Bardhaman,Asansol,Onion,Nasik,FAQ,2550,2800,2600,15-Jan-25
227,Paschim Bardhaman,Asansol,Onion,Nasik,FAQ,2600,2800,2750,03-Jan-25
228,Anantnag,Ashahipora (Anantnagh),Onion,Other,FAQ,2000,2500,2250,11-Jan-25
229,Banda,Atarra,Onion,Red,FAQ,2250,2450,2350,09-Jan-25
230,Kottayam,Athirampuzha,Onion,Big,FAQ,3600,3800,3700,13-Jan-25
231,Kottayam,Athirampuzha,Onion,Big,FAQ,3800,4000,3900,26-Jan-25
232,Kottayam,Athirampuzha,Onion,Big,FAQ,4000,4200,4100,08-Jan-25
233,Salem,Athur(Uzhavar Sandhai ),Onion,Bellary,Local,3000,5500,5500,14-Jan-25
234,Salem,Athur(Uzhavar Sandhai ),Onion,Bellary,Local,4000,5500,5500,10-Jan-25
235,Salem,Athur(Uzhavar Sandhai ),Onion,Bellary,Local,4000,5500,5500,16-Jan-25
236,Salem,Athur(Uzhavar Sandhai ),Onion,Bellary,Local,4000,5500,5500,17-Jan-25
237,Salem,Athur(Uzhavar Sandhai ),Onion,Bellary,Local,5000,5500,5500,01-Jan-25
238,Salem,Athur(Uzhavar Sandhai ),Onion,Bellary,Local,5000,6000,6000,05-Jan-25
239,Salem,Attayampatti(Uzhavar Sandhai ),Onion,Bellary,Local,5000,5500,5500,24-Jan-25
240,Auraiya,Auraiya,Onion,Red,FAQ,2100,2350,2250,18-Jan-25
241,Auraiya,Auraiya,Onion,Red,FAQ,2500,2700,2600,02-Jan-25
242,Krishnagiri,Avallapalli(Uzhavar Sandhai ),Onion,Bellary,Local,4000,4500,4500,05-Jan-25
243,Azamgarh,Azamgarh,Onion,Red,FAQ,2100,2250,2170,30-Jan-25
244,Dhar,Badnawar,Onion,Onion,FAQ,1450,1650,1650,03-Jan-25
245,Dhar,Badnawar,Onion,Onion,Non-FAQ,1100,1100,1100,28-Jan-25
246,Moga,Baghapurana,Onion,Local,FAQ,2000,3000,2500,06-Jan-25
247,Moga,Baghapurana,Onion,Local,FAQ,2000,3000,2500,23-Jan-25
248,Moga,Baghapurana,Onion,Local,FAQ,2000,3000,2500,25-Jan-25
249,Bareilly,Bahedi,Onion,Red,Non-FAQ,2520,2575,2550,18-Jan-25
250,Bareilly,Bahedi,Onion,Red,Non-FAQ,2640,2685,2665,17-Jan-25
251,Bahraich,Bahraich,Onion,Red,FAQ,2200,2380,2270,17-Jan-25
252,Bahraich,Bahraich,Onion,Red,FAQ,2250,2400,2320,04-Jan-25
253,Bahraich,Bahraich,Onion,Red,Non-FAQ,1850,2100,2000,31-Jan-25
254,Amroha,Amroha,Onion,Red,FAQ,2220,2350,2290,10-Jan-25
255,Madurai,Anaiyur(Uzhavar Sandhai ),Onion,Bellary,Local,4500,5000,5000,01-Jan-25
256,Madurai,Anaiyur(Uzhavar Sandhai ),Onion,Bellary,Local,4500,5000,5000,16-Jan-25
257,Madurai,Anaiyur(Uzhavar Sandhai ),Onion,Bellary,Local,4500,5200,5200,03-Jan-25
258,Madurai,Anaiyur(Uzhavar Sandhai ),Onion,Bellary,Local,4800,5000,5000,13-Jan-25
259,Maharajganj,Anandnagar,Onion,Red,FAQ,2100,2500,2300,03-Jan-25
260,Maharajganj,Anandnagar,Onion,Red,FAQ,2400,3000,2700,28-Jan-25
261,Kollam,Anchal,Onion,Other,FAQ,4300,4500,4400,24-Jan-25
262,Theni,Andipatti(Uzhavar Sandhai ),Onion,Bellary,Local,4000,4500,4500,01-Jan-25
263,Theni,Andipatti(Uzhavar Sandhai ),Onion,Bellary,Local,4000,4500,4500,10-Jan-25
264,Theni,Andipatti(Uzhavar Sandhai ),Onion,Bellary,Local,4000,4500,4500,21-Jan-25
265,Ernakulam,Angamaly,Onion,Big,FAQ,4000,5000,4500,01-Feb-25
266,Ernakulam,Angamaly,Onion,Big,FAQ,4000,5000,4500,09-Jan-25
267,Ernakulam,Angamaly,Onion,Big,FAQ,4000,5000,4500,14-Jan-25
268,Bharuch,Ankleshwar,Onion,Nasik,FAQ,1300,2200,1500,16-Jan-25
269,Madurai,Anna nagar(Uzhavar Sandhai ),Onion,Bellary,Local,4000,5600,5600,25-Jan-25
270,Madurai,Anna nagar(Uzhavar Sandhai ),Onion,Bellary,Local,4500,5800,5800,01-Jan-25
271,Madurai,Anna nagar(Uzhavar Sandhai ),Onion,Bellary,Local,4600,5600,5600,16-Jan-25
272,Bareilly,Anwala,Onion,Red,FAQ,1800,2200,2000,22-Jan-25
273,Thiruvananthapuram,Aralamoodu,Onion,Onion,FAQ,5000,5000,5000,28-Jan-25
274,Thiruvannamalai,Arani(Uzhavar Sandhai ),Onion,Bellary,Local,3200,3800,3800,15-Jan-25
275,Pudukkottai,Aranthangi(Uzhavar Sandhai ),Onion,Bellary,Local,3500,4000,4000,11-Jan-25
276,Ranipet,Arcot(Uzhavar Sandhai ),Onion,Bellary,Local,3500,4500,4500,23-Jan-25
277,Ranipet,Arcot(Uzhavar Sandhai ),Onion,Bellary,Local,4000,4500,4500,21-Jan-25
278,Ariyalur,Ariyalur(Uzhavar Sandhai),Onion,Bellary,Local,3500,4400,4400,01-Jan-25
279,Ariyalur,Ariyalur(Uzhavar Sandhai),Onion,Bellary,Local,4500,5400,5400,16-Jan-25
280,Ariyalur,Ariyalur(Uzhavar Sandhai),Onion,Bellary,Local,5000,5600,5600,24-Jan-25
281,Alappuzha,Aroor,Onion,Small,FAQ,10000,11200,11000,31-Jan-25
282,Virudhunagar,Aruppukottai(Uzhavar Sandhai ),Onion,Bellary,Local,3500,4000,4000,28-Jan-25
283,Paschim Bardhaman,Asansol,Onion,Nasik,FAQ,2950,3250,3050,12-Jan-25
284,Anantnag,Ashahipora (Anantnagh),Onion,Other,FAQ,2600,2800,2700,27-Jan-25
285,Anantnag,Ashahipora (Anantnagh),Onion,Other,FAQ,2800,3000,2900,29-Jan-25
286,Anantnag,Ashahipora (Anantnagh),Onion,Other,FAQ,3000,3400,3200,03-Jan-25
287,Kottayam,Athirampuzha,Onion,Big,FAQ,3400,3600,3500,30-Jan-25
288,Kottayam,Athirampuzha,Onion,Onion,FAQ,6800,7000,6900,01-Feb-25
289,Kottayam,Athirampuzha,Onion,Onion,FAQ,8800,9000,8900,11-Jan-25
290,Salem,Athur(Uzhavar Sandhai ),Onion,Bellary,Local,4000,5500,5500,26-Jan-25
291,Bargarh,Attabira,Onion,Other,FAQ,2800,3000,2800,06-Jan-25
292,Salem,Attayampatti(Uzhavar Sandhai ),Onion,Bellary,Local,4500,5000,5000,22-Jan-25
293,Auraiya,Auraiya,Onion,Red,FAQ,1900,2100,2050,23-Jan-25
294,Auraiya,Auraiya,Onion,Red,FAQ,2200,2400,2300,15-Jan-25
295,Krishnagiri,Avallapalli(Uzhavar Sandhai ),Onion,Bellary,Local,4000,4500,4500,11-Jan-25
296,Delhi,Azadpur,Onion,Onion,FAQ,875,3000,1969,21-Jan-25
297,Delhi,Azadpur,Onion,Onion,FAQ,1000,2750,1792,15-Jan-25
298,Delhi,Azadpur,Onion,Onion,FAQ,1000,2750,1833,07-Jan-25
299,Delhi,Azadpur,Onion,Onion,FAQ,1000,3000,2169,25-Jan-25
300,Raebarelli,Bachranwa,Onion,Red,FAQ,2250,2350,2300,28-Jan-25
301,Raebarelli,Bachranwa,Onion,Red,FAQ,2300,2400,2350,27-Jan-25
302,Raebarelli,Bachranwa,Onion,Red,FAQ,2350,2450,2400,20-Jan-25
303,Raebarelli,Bachranwa,Onion,Red,FAQ,2500,2600,2575,08-Jan-25
304,Auraiya,Achalda,Onion,Red,FAQ,1900,2100,2040,29-Jan-25
305,Auraiya,Achalda,Onion,Red,FAQ,2000,2200,2100,30-Jan-25
306,Agra,Achnera,Onion,Red,FAQ,2040,2120,2080,30-Jan-25
307,Shajapur,Agar,Onion,Onion,FAQ,1050,3100,3100,03-Jan-25
308,Shajapur,Agar,Onion,Onion,FAQ,1600,3500,3500,02-Jan-25
309,Mirzapur,Ahirora,Onion,Red,FAQ,1800,2000,1900,08-Jan-25
310,Mirzapur,Ahirora,Onion,Red,Non-FAQ,1400,1500,1500,27-Jan-25
311,Mirzapur,Ahirora,Onion,Red,Non-FAQ,1500,1600,1500,26-Jan-25
312,Mirzapur,Ahirora,Onion,Red,Non-FAQ,1500,1700,1600,17-Jan-25
313,Ahmedabad,Ahmedabad(Chimanbhai Patal Market Vasana),Onion,Local,FAQ,1000,2250,2050,30-Jan-25
314,Ahmedabad,Ahmedabad(Chimanbhai Patal Market Vasana),Onion,Local,FAQ,1000,2500,2300,22-Jan-25
315,Ahmedabad,Ahmedabad(Chimanbhai Patal Market Vasana),Onion,Nasik,FAQ,1800,3000,2750,29-Jan-25
316,Ahmedabad,Ahmedabad(Chimanbhai Patal Market Vasana),Onion,Nasik,FAQ,2000,3000,2500,01-Feb-25
317,Ahmedabad,Ahmedabad(Chimanbhai Patal Market Vasana),Onion,Nasik,FAQ,2000,3500,3250,02-Jan-25
318,Ahmednagar,Ahmednagar,Onion,Red,Local,300,2600,1800,30-Jan-25
319,Dharmapuri,AJattihalli(Uzhavar Sandhai ),Onion,Bellary,Local,4500,5000,5000,07-Jan-25
320,Ajmer,Ajmer(F&V),Onion,Other,FAQ,1200,2400,2000,28-Jan-25
321,Ambedkarnagar,Akbarpur,Onion,Red,FAQ,2480,2600,2520,04-Jan-25
322,Jammu,Akhnoor,Onion,Other,FAQ,2400,2800,2600,08-Jan-25
323,Akola,Akola,Onion,Other,FAQ,1200,2500,2000,18-Jan-25
324,Akola,Akola,Onion,Other,FAQ,1300,2500,2000,13-Jan-25
325,Aligarh,Aligarh,Onion,Red,FAQ,2150,2350,2250,07-Jan-25
326,Aligarh,Aligarh,Onion,Red,FAQ,2300,2400,2340,18-Jan-25
327,Aligarh,Aligarh,Onion,Red,FAQ,2300,2500,2400,12-Jan-25
328,Alipurduar,Alipurduar,Onion,Other,FAQ,3000,3700,3500,06-Jan-25
329,Prayagraj,Allahabad,Onion,Red,FAQ,2100,2200,2120,08-Jan-25
330,Ernakulam,Aluva,Onion,Big,FAQ,3000,4000,3500,03-Jan-25
331,Alwar,Alwar (F&V),Onion,Other,FAQ,875,2000,1500,21-Jan-25
332,Ambala,Ambala Cantt.,Onion,Other,FAQ,1200,2200,1600,01-Jan-25
333,Ambala,Ambala Cantt.,Onion,Other,FAQ,1600,2400,2200,17-Jan-25
334,Ambala,Ambala City(Subji Mandi),Onion,Other,FAQ,1500,2500,2000,27-Jan-25
335,Thiruvellore,Ambattur(Uzhavar Sandhai ),Onion,Bellary,Local,5000,5000,5000,13-Jan-25
336,Thiruvellore,Ambattur(Uzhavar Sandhai ),Onion,Bellary,Local,5000,5000,5000,15-Jan-25
337,Thiruvellore,Ambattur(Uzhavar Sandhai ),Onion,Bellary,Local,5000,5000,5000,22-Jan-25
338,Amritsar,Amritsar(Amritsar Mewa Mandi),Onion,Onion,FAQ,900,2100,1200,21-Jan-25
339,Amroha,Amroha,Onion,Red,FAQ,2150,2350,2280,08-Jan-25
340,Madurai,Anaiyur(Uzhavar Sandhai ),Onion,Bellary,Local,4500,5000,5000,01-Feb-25
341,Maharajganj,Anandnagar,Onion,Red,FAQ,2400,3000,2800,13-Jan-25
342,Kollam,Anchal,Onion,Other,FAQ,3600,3800,3700,18-Jan-25
343,Theni,Andipatti(Uzhavar Sandhai ),Onion,Bellary,Local,4000,4400,4400,19-Jan-25
344,Theni,Andipatti(Uzhavar Sandhai ),Onion,Bellary,Local,4000,4500,4500,07-Jan-25
345,Theni,Andipatti(Uzhavar Sandhai ),Onion,Bellary,Local,4000,4500,4500,31-Jan-25
346,Ernakulam,Angamaly,Onion,Big,FAQ,4200,5000,4500,13-Jan-25
347,Ernakulam,Angamaly,Onion,Big,FAQ,4700,5500,5200,05-Jan-25
348,Bharuch,Ankleshwar,Onion,Nasik,FAQ,1250,2600,1600,26-Jan-25
349,Madurai,Anna nagar(Uzhavar Sandhai ),Onion,Bellary,Local,4000,6000,6000,07-Jan-25
350,Bulandshahar,Anoop Shahar,Onion,Red,FAQ,1600,2000,1800,15-Jan-25
351,Bulandshahar,Anoop Shahar,Onion,Red,FAQ,1800,2200,2000,07-Jan-25
352,Bareilly,Anwala,Onion,Red,FAQ,1700,2000,1800,08-Jan-25
353,Bareilly,Anwala,Onion,Red,FAQ,1700,2000,1800,13-Jan-25
354,Bareilly,Anwala,Onion,Red,FAQ,1700,2000,1800,14-Jan-25
355,Madurai,Anna nagar(Uzhavar Sandhai ),Onion,Bellary,Local,4000,5600,5600,01-Feb-25
356,Madurai,Anna nagar(Uzhavar Sandhai ),Onion,Bellary,Local,4600,5600,5600,15-Jan-25
357,Madurai,Anna nagar(Uzhavar Sandhai ),Onion,Bellary,Local,4600,5600,5600,17-Jan-25
358,Madurai,Anna nagar(Uzhavar Sandhai ),Onion,Bellary,Local,5600,5600,5600,23-Jan-25
359,Bulandshahar,Anoop Shahar,Onion,Red,FAQ,1600,2000,1800,05-Jan-25
360,Bulandshahar,Anoop Shahar,Onion,Red,FAQ,1600,2000,1800,09-Jan-25
361,Thiruvananthapuram,Aralamoodu,Onion,Onion,FAQ,4500,6000,5000,02-Jan-25
362,Thiruvananthapuram,Aralamoodu,Onion,Onion,FAQ,6000,6000,6000,19-Jan-25
363,Thiruvananthapuram,Aralamoodu,Onion,Onion,Non-FAQ,4000,4500,4500,22-Jan-25
364,Thiruvannamalai,Arani(Uzhavar Sandhai ),Onion,Bellary,Local,3500,4200,4200,09-Jan-25
365,Thiruvannamalai,Arani(Uzhavar Sandhai ),Onion,Bellary,Local,3500,4200,4200,31-Jan-25
366,Thiruvannamalai,Arani(Uzhavar Sandhai ),Onion,Bellary,Local,4200,4800,4800,29-Jan-25
367,Ranipet,Arcot(Uzhavar Sandhai ),Onion,Bellary,Local,4400,4800,4800,03-Jan-25
368,Ariyalur,Ariyalur(Uzhavar Sandhai),Onion,Bellary,Local,3800,4400,4400,29-Jan-25
369,Ariyalur,Ariyalur(Uzhavar Sandhai),Onion,Bellary,Local,4000,4600,4600,03-Jan-25
370,Alappuzha,Aroor,Onion,Big,FAQ,4200,4400,4300,16-Jan-25
371,Alappuzha,Aroor,Onion,Big,Non-FAQ,4200,4400,4300,01-Feb-25
372,Alappuzha,Aroor,Onion,Small,FAQ,7800,8000,7900,01-Jan-25
373,Alappuzha,Aroor,Onion,Small,Non-FAQ,10000,11200,11000,22-Jan-25
374,Virudhunagar,Aruppukottai(Uzhavar Sandhai ),Onion,Bellary,Local,3400,4000,4000,04-Jan-25
375,Virudhunagar,Aruppukottai(Uzhavar Sandhai ),Onion,Bellary,Local,4500,5000,5000,01-Jan-25
376,Paschim Bardhaman,Asansol,Onion,Nasik,FAQ,2600,2800,2700,20-Jan-25
377,Banda,Atarra,Onion,Red,FAQ,2015,2215,2115,24-Jan-25
378,Banda,Atarra,Onion,Red,FAQ,2225,2425,2325,21-Jan-25
379,Banda,Atarra,Onion,Red,FAQ,2235,2370,2300,23-Jan-25
380,Kottayam,Athirampuzha,Onion,Big,FAQ,3800,4000,3900,10-Jan-25
381,Kottayam,Athirampuzha,Onion,Onion,FAQ,8800,9000,8900,22-Jan-25
382,Kottayam,Athirampuzha,Onion,Onion,FAQ,8800,9000,8900,23-Jan-25
383,Salem,Athur(Uzhavar Sandhai ),Onion,Bellary,Local,4000,6000,6000,06-Jan-25
384,Krishnagiri,Avallapalli(Uzhavar Sandhai ),Onion,Bellary,Local,4000,4500,4500,09-Jan-25
385,Krishnagiri,Avallapalli(Uzhavar Sandhai ),Onion,Bellary,Local,4000,4500,4500,10-Jan-25
386,Etah,Awagarh,Onion,Red,Non-FAQ,1000,1250,1100,29-Jan-25
387,Delhi,Azadpur,Onion,Onion,FAQ,1000,2750,1792,08-Jan-25
388,Delhi,Azadpur,Onion,Onion,FAQ,1000,3000,2169,30-Jan-25
389,Azamgarh,Azamgarh,Onion,Red,FAQ,2225,2375,2300,21-Jan-25
390,Azamgarh,Azamgarh,Onion,Red,FAQ,2375,2525,2450,08-Jan-25
391,Azamgarh,Azamgarh,Onion,Red,FAQ,2375,2525,2450,13-Jan-25
392,Dhar,Badnawar,Onion,Onion,FAQ,300,345,345,01-Jan-25
393,Badwani,Badwani(F&V),Onion,Onion,FAQ,1500,1500,1500,09-Jan-25
394,Bagalkot,Bagalakot,Onion,Onion,FAQ,1050,3400,2550,21-Jan-25
395,Chikmagalur,Bagepalli,Onion,Onion,FAQ,3000,4000,3500,12-Jan-25
396,Moga,Baghapurana,Onion,Local,FAQ,2000,3000,2500,13-Jan-25
397,Moga,Baghapurana,Onion,Local,FAQ,2000,3000,2500,22-Jan-25
398,Jhajar,Bahadurgarh,Onion,Other,FAQ,1500,2500,2000,20-Jan-25
399,Bareilly,Bahedi,Onion,Red,FAQ,2020,2050,2030,01-Feb-25
400,Bareilly,Bahedi,Onion,Red,FAQ,2810,2840,2820,04-Jan-25
401,Bahraich,Bahraich,Onion,Red,FAQ,2200,2300,2250,18-Jan-25
402,Bahraich,Bahraich,Onion,Red,FAQ,2300,2500,2400,16-Jan-25
403,Puruliya,Balarampur,Onion,Other,FAQ,2400,2600,2500,24-Jan-25
404,Puruliya,Balarampur,Onion,Other,FAQ,2400,2800,2600,20-Jan-25
405,Amroha,Amroha,Onion,Red,FAQ,2200,2350,2270,15-Jan-25
406,Maharajganj,Anandnagar,Onion,Red,FAQ,2400,3000,2700,15-Jan-25
407,Maharajganj,Anandnagar,Onion,Red,FAQ,2500,3000,2700,01-Feb-25
408,Maharajganj,Anandnagar,Onion,Red,FAQ,2500,3000,2800,29-Jan-25
409,Kollam,Anchal,Onion,Other,FAQ,3600,3800,3700,15-Jan-25
410,Ernakulam,Angamaly,Onion,Big,FAQ,4200,5000,4500,15-Jan-25
411,Ernakulam,Angamaly,Onion,Big,FAQ,4700,5500,5200,06-Jan-25
412,Madurai,Anna nagar(Uzhavar Sandhai ),Onion,Bellary,Local,5600,5600,5600,24-Jan-25
413,Madurai,Anna nagar(Uzhavar Sandhai ),Onion,Bellary,Local,5800,5800,5800,02-Jan-25
414,Bulandshahar,Anoop Shahar,Onion,Red,FAQ,1600,2000,1800,12-Jan-25
415,Bulandshahar,Anoop Shahar,Onion,Red,FAQ,2000,2400,2200,25-Jan-25
416,Bareilly,Anwala,Onion,Red,FAQ,1700,2000,1800,15-Jan-25
417,Bareilly,Anwala,Onion,Red,FAQ,1700,2000,1900,10-Jan-25
418,Bareilly,Anwala,Onion,Red,FAQ,1800,2200,2000,30-Jan-25
419,Thiruvananthapuram,Aralamoodu,Onion,Onion,FAQ,4000,4000,4000,27-Jan-25
420,Thiruvananthapuram,Aralamoodu,Onion,Onion,FAQ,4500,5500,5000,07-Jan-25
421,Thiruvananthapuram,Aralamoodu,Onion,Onion,FAQ,5000,5500,5500,21-Jan-25
422,Pudukkottai,Aranthangi(Uzhavar Sandhai ),Onion,Bellary,Local,4500,5000,5000,31-Jan-25
423,Ranipet,Arcot(Uzhavar Sandhai ),Onion,Bellary,Local,3500,4600,4600,27-Jan-25
424,Ranipet,Arcot(Uzhavar Sandhai ),Onion,Bellary,Local,4000,4500,4500,25-Jan-25
425,Ranipet,Arcot(Uzhavar Sandhai ),Onion,Bellary,Local,4200,4200,4200,16-Jan-25
426,Ranipet,Arcot(Uzhavar Sandhai ),Onion,Bellary,Local,4400,4800,4800,05-Jan-25
427,Ariyalur,Ariyalur(Uzhavar Sandhai),Onion,Bellary,Local,4500,5400,5400,31-Jan-25
428,Alappuzha,Aroor,Onion,Big,FAQ,4200,4400,4300,24-Jan-25
429,Virudhunagar,Aruppukottai(Uzhavar Sandhai ),Onion,Bellary,Local,3500,4000,4000,14-Jan-25
430,Virudhunagar,Aruppukottai(Uzhavar Sandhai ),Onion,Bellary,Local,3500,4000,4000,29-Jan-25
431,Virudhunagar,Aruppukottai(Uzhavar Sandhai ),Onion,Bellary,Local,4500,5000,5000,17-Jan-25
432,Paschim Bardhaman,Asansol,Onion,Nasik,FAQ,2550,2800,2600,14-Jan-25
433,Paschim Bardhaman,Asansol,Onion,Nasik,FAQ,2700,3000,2850,27-Jan-25
434,Anantnag,Ashahipora (Anantnagh),Onion,Other,FAQ,2800,3000,2900,17-Jan-25
435,Anantnag,Ashahipora (Anantnagh),Onion,Other,FAQ,3000,3200,3100,23-Jan-25
436,Banda,Atarra,Onion,Red,FAQ,2325,2470,2400,05-Jan-25
437,Kottayam,Athirampuzha,Onion,Onion,FAQ,8400,8600,8500,13-Jan-25
438,Kottayam,Athirampuzha,Onion,Onion,FAQ,8400,8600,8500,15-Jan-25
439,Kottayam,Athirampuzha,Onion,Onion,Non-FAQ,9600,9800,9700,20-Jan-25
440,Salem,Athur(Uzhavar Sandhai ),Onion,Bellary,Local,4000,5000,5000,19-Jan-25
441,Salem,Athur(Uzhavar Sandhai ),Onion,Bellary,Local,5000,6000,6000,03-Jan-25
442,Bargarh,Attabira,Onion,Other,FAQ,2500,3000,2500,27-Jan-25
443,Salem,Attayampatti(Uzhavar Sandhai ),Onion,Bellary,Local,5000,5600,5600,14-Jan-25
444,Salem,Attayampatti(Uzhavar Sandhai ),Onion,Bellary,Local,5000,5600,5600,29-Jan-25
445,Salem,Attayampatti(Uzhavar Sandhai ),Onion,Bellary,Local,5000,6000,6000,08-Jan-25
446,Salem,Attayampatti(Uzhavar Sandhai ),Onion,Bellary,Local,5000,6000,6000,12-Jan-25
447,Salem,Attayampatti(Uzhavar Sandhai ),Onion,Bellary,Local,5500,6000,6000,03-Jan-25
448,Krishnagiri,Avallapalli(Uzhavar Sandhai ),Onion,Bellary,Local,4000,4500,4500,03-Jan-25
449,Raebarelli,Bachranwa,Onion,Red,FAQ,2400,2500,2450,11-Jan-25
450,Dhar,Badnawar,Onion,Onion,FAQ,700,1100,1100,16-Jan-25
451,Chikmagalur,Bagepalli,Onion,Onion,FAQ,2500,3500,2800,18-Jan-25
452,Moga,Baghapurana,Onion,Local,FAQ,2000,3000,2500,11-Jan-25
453,Moga,Baghapurana,Onion,Local,FAQ,2000,3000,2500,24-Jan-25
454,Auraiya,Achalda,Onion,Red,FAQ,2000,2200,2100,25-Jan-25
455,Auraiya,Achalda,Onion,Red,FAQ,2300,2420,2380,13-Jan-25
456,Agra,Achnera,Onion,Red,FAQ,2300,2360,2330,21-Jan-25
457,Agra,Agra,Onion,Red,FAQ,2000,2400,2200,04-Jan-25
458,Agra,Agra,Onion,Red,FAQ,2100,2500,2250,09-Jan-25
459,Agra,Agra,Onion,Red,FAQ,2300,2600,2400,14-Jan-25
460,Mirzapur,Ahirora,Onion,Red,FAQ,1800,2000,1900,03-Jan-25
461,Mirzapur,Ahirora,Onion,Red,FAQ,1800,2000,1900,12-Jan-25
462,Ahmedabad,Ahmedabad(Chimanbhai Patal Market Vasana),Onion,Local,FAQ,1000,2200,2050,11-Jan-25
463,Ahmedabad,Ahmedabad(Chimanbhai Patal Market Vasana),Onion,Nasik,FAQ,2000,3000,2750,23-Jan-25
464,Ahmednagar,Ahmednagar,Onion,Red,FAQ,400,3350,2600,04-Jan-25
465,Dharmapuri,AJattihalli(Uzhavar Sandhai ),Onion,Bellary,Local,4200,4400,4400,19-Jan-25
466,Dharmapuri,AJattihalli(Uzhavar Sandhai ),Onion,Bellary,Local,4500,4800,4800,28-Jan-25
467,Ajmer,Ajmer(F&V),Onion,Other,FAQ,1000,2600,1800,23-Jan-25
468,Ajmer,Ajmer(F&V),Onion,Other,FAQ,1000,3000,2000,03-Jan-25
469,Prayagraj,Ajuha,Onion,Red,FAQ,1980,2100,2050,04-Jan-25
470,Ambedkarnagar,Akbarpur,Onion,Red,FAQ,2300,2360,2350,11-Jan-25
471,Ambedkarnagar,Akbarpur,Onion,Red,FAQ,2300,2380,2370,24-Jan-25
472,Jammu,Akhnoor,Onion,Other,FAQ,2200,2600,2400,01-Jan-25
473,Jammu,Akhnoor,Onion,Other,Non-FAQ,2000,2500,2250,18-Jan-25
474,Jammu,Akhnoor,Onion,Other,Non-FAQ,2400,2800,2600,01-Feb-25
475,Aligarh,Aligarh,Onion,Red,FAQ,2050,2200,2110,06-Jan-25
476,Aligarh,Aligarh,Onion,Red,FAQ,2100,2250,2200,03-Jan-25
477,Aligarh,Aligarh,Onion,Red,FAQ,2300,2500,2410,24-Jan-25
478,Aligarh,Aligarh,Onion,Red,FAQ,2350,2500,2430,13-Jan-25
479,Alipurduar,Alipurduar,Onion,Other,FAQ,2800,3400,3200,08-Jan-25
480,Alipurduar,Alipurduar,Onion,Other,Non-FAQ,2900,3200,3000,23-Jan-25
481,Prayagraj,Allahabad,Onion,Red,FAQ,2000,2200,2100,18-Jan-25
482,Prayagraj,Allahabad,Onion,Red,FAQ,2100,2220,2150,17-Jan-25
483,Ernakulam,Aluva,Onion,Big,FAQ,3500,4500,4000,04-Jan-25
484,Alwar,Alwar (F&V),Onion,Other,FAQ,1275,2219,1787,28-Jan-25
485,Alwar,Alwar (F&V),Onion,Other,FAQ,2000,2800,2400,27-Jan-25
486,Ambala,Ambala Cantt.,Onion,Other,FAQ,1600,2600,2200,20-Jan-25
487,Thirunelveli,Ambasamudram(Uzhavar Sandhai ),Onion,Bellary,Local,3300,4000,4000,04-Jan-25
488,Thirunelveli,Ambasamudram(Uzhavar Sandhai ),Onion,Bellary,Local,3300,4000,4000,09-Jan-25
489,Thirunelveli,Ambasamudram(Uzhavar Sandhai ),Onion,Bellary,Local,3300,4000,4000,31-Jan-25
490,Thirunelveli,Ambasamudram(Uzhavar Sandhai ),Onion,Bellary,Local,3800,4600,4600,22-Jan-25
491,Thiruvellore,Ambattur(Uzhavar Sandhai ),Onion,Bellary,Local,4000,4000,4000,04-Jan-25
492,Thiruvellore,Ambattur(Uzhavar Sandhai ),Onion,Bellary,Local,4000,4000,4000,28-Jan-25
493,Salem,Ammapet(Uzhavar Sandhai ),Onion,Bellary,Local,4500,5000,5000,07-Jan-25
494,Salem,Ammapet(Uzhavar Sandhai ),Onion,Bellary,Local,4500,5000,5000,27-Jan-25
495,Amarawati,Amrawati(Frui & Veg. Market),Onion,Red,FAQ,600,2400,1500,14-Jan-25
496,Amarawati,Amrawati(Frui & Veg. Market),Onion,Red,FAQ,1000,2800,1900,25-Jan-25
497,Amroha,Amroha,Onion,Red,FAQ,2050,2200,2120,31-Jan-25
498,Amroha,Amroha,Onion,Red,FAQ,2300,2430,2360,03-Jan-25
499,Madurai,Anaiyur(Uzhavar Sandhai ),Onion,Bellary,Local,4800,5200,5200,04-Jan-25
500,Maharajganj,Anandnagar,Onion,Red,FAQ,2200,2800,2400,07-Jan-25
501,Maharajganj,Anandnagar,Onion,Red,FAQ,2500,3000,2800,23-Jan-25
502,Kollam,Anchal,Onion,Other,FAQ,3700,3900,3800,21-Jan-25
503,Kollam,Anchal,Onion,Other,FAQ,4300,4500,4400,03-Jan-25
504,Theni,Andipatti(Uzhavar Sandhai ),Onion,Bellary,Local,4000,4500,4500,11-Jan-25
505,Fazilka,Abohar,Onion,Onion,FAQ,3000,3600,3400,15-Jan-25
506,Sirohi,Abu Road,Onion,Other,FAQ,2975,3025,3000,11-Jan-25
507,Agra,Achnera,Onion,Red,FAQ,2300,2360,2330,03-Jan-25
508,Agra,Achnera,Onion,Red,FAQ,2300,2400,2350,17-Jan-25
509,Agra,Achnera,Onion,Red,FAQ,2350,2420,2390,12-Jan-25
510,Shajapur,Agar,Onion,Onion,FAQ,500,1875,1025,09-Jan-25
511,Shajapur,Agar,Onion,Onion,FAQ,650,1800,1800,10-Jan-25
512,Shajapur,Agar,Onion,Onion,FAQ,1450,2170,2170,27-Jan-25
513,Shajapur,Agar,Onion,Onion,Non-FAQ,1200,2050,2050,24-Jan-25
514,Agra,Agra,Onion,Red,FAQ,1950,2300,2150,24-Jan-25
515,Agra,Agra,Onion,Red,FAQ,2100,2500,2300,20-Jan-25
516,Mirzapur,Ahirora,Onion,Red,Non-FAQ,1500,1600,1600,25-Jan-25
517,Ahmedabad,Ahmedabad(Chimanbhai Patal Market Vasana),Onion,Local,FAQ,1500,2600,2400,24-Jan-25
518,Ahmedabad,Ahmedabad(Chimanbhai Patal Market Vasana),Onion,Local,FAQ,2000,3200,2950,01-Jan-25
519,Ahmedabad,Ahmedabad(Chimanbhai Patal Market Vasana),Onion,Nasik,FAQ,1500,2800,2600,09-Jan-25
520,Ahmedabad,Ahmedabad(Chimanbhai Patal Market Vasana),Onion,Nasik,FAQ,1800,2500,2150,04-Jan-25
521,Ahmednagar,Ahmednagar,Onion,Red,FAQ,400,3200,2300,06-Jan-25
522,Ahmednagar,Ahmednagar,Onion,Red,Local,400,3000,2400,25-Jan-25
523,Dharmapuri,AJattihalli(Uzhavar Sandhai ),Onion,Bellary,Local,4400,4600,4600,24-Jan-25
524,Ajmer,Ajmer(F&V),Onion,Other,FAQ,1100,2000,1800,12-Jan-25
525,Prayagraj,Ajuha,Onion,Red,FAQ,1830,1970,1900,23-Jan-25
526,Prayagraj,Ajuha,Onion,Red,FAQ,1830,1980,1900,26-Jan-25
527,Ambedkarnagar,Akbarpur,Onion,Red,FAQ,2300,2390,2380,19-Jan-25
528,Ambedkarnagar,Akbarpur,Onion,Red,FAQ,2300,2450,2380,10-Jan-25
529,Ambedkarnagar,Akbarpur,Onion,Red,FAQ,2330,2460,2400,05-Jan-25
530,Ambedkarnagar,Akbarpur,Onion,Red,Non-FAQ,2200,2280,2250,30-Jan-25
531,Alipurduar,Alipurduar,Onion,Other,FAQ,2800,3000,2900,16-Jan-25
532,Ernakulam,Aluva,Onion,Big,FAQ,3300,4000,3700,10-Jan-25
533,Ernakulam,Aluva,Onion,Big,FAQ,3600,4000,3800,23-Jan-25
534,Ernakulam,Aluva,Onion,Big,FAQ,3700,4400,4100,09-Jan-25
535,Alwar,Alwar (F&V),Onion,Other,FAQ,750,2000,1400,24-Jan-25
536,Alwar,Alwar (F&V),Onion,Other,FAQ,1000,2000,1500,13-Jan-25
537,Ambala,Ambala Cantt.,Onion,Other,FAQ,1600,2400,2000,14-Jan-25
538,Ambala,Ambala Cantt.,Onion,Other,FAQ,1600,2600,2200,01-Feb-25
539,Ambala,Ambala Cantt.,Onion,Other,FAQ,1600,2600,2300,26-Jan-25
540,Thirunelveli,Ambasamudram(Uzhavar Sandhai ),Onion,Bellary,Local,3300,4000,4000,01-Feb-25
541,Salem,Ammapet(Uzhavar Sandhai ),Onion,Bellary,Local,4500,5000,5000,08-Jan-25
542,Amarawati,Amrawati(Frui & Veg. Market),Onion,Red,Local,800,2800,1700,27-Jan-25
543,Amarawati,Amrawati(Frui & Veg. Market),Onion,Red,Local,1800,2100,1950,31-Jan-25
544,Amritsar,Amritsar(Amritsar Mewa Mandi),Onion,Onion,FAQ,1000,2200,1400,06-Jan-25
545,Amroha,Amroha,Onion,Red,FAQ,2150,2270,2210,21-Jan-25
546,Madurai,Anaiyur(Uzhavar Sandhai ),Onion,Bellary,Local,4500,5200,5200,18-Jan-25
547,Madurai,Anaiyur(Uzhavar Sandhai ),Onion,Bellary,Local,5000,5400,5400,02-Jan-25
548,Anand,"Anand(Veg,Yard,Anand)",Onion,Onion,FAQ,1500,2000,1800,20-Jan-25
549,Anand,"Anand(Veg,Yard,Anand)",Onion,Onion,FAQ,2000,3000,2500,11-Jan-25
550,Kollam,Anchal,Onion,Other,FAQ,4500,4700,4600,23-Jan-25
551,Kollam,Anchal,Onion,Other,FAQ,5600,5800,5700,04-Jan-25
552,Theni,Andipatti(Uzhavar Sandhai ),Onion,Bellary,Local,4000,4500,4500,02-Jan-25
553,Theni,Andipatti(Uzhavar Sandhai ),Onion,Bellary,Local,4000,4500,4500,28-Jan-25
554,Ernakulam,Angamaly,Onion,Big,FAQ,4000,5000,4500,28-Jan-25
555,Ernakulam,Angamaly,Onion,Big,FAQ,4200,5000,4500,04-Jan-25
556,Bharuch,Ankleshwar,Onion,Nasik,FAQ,1200,2500,2000,25-Jan-25
557,Puruliya,Balarampur,Onion,Other,FAQ,2500,3000,2800,27-Jan-25
558,Puruliya,Balarampur,Onion,Other,FAQ,3000,3400,3200,08-Jan-25
559,Thiruvananthapuram,Balarampuram,Onion,1st Sort,FAQ,4000,5000,4000,31-Jan-25
560,Thiruvananthapuram,Balarampuram,Onion,1st Sort,FAQ,4000,5000,5000,28-Jan-25
561,Thiruvananthapuram,Balarampuram,Onion,1st Sort,FAQ,4500,5000,5000,22-Jan-25
562,Faridabad,Ballabhgarh,Onion,Other,FAQ,500,1600,1200,09-Jan-25
563,Faridabad,Ballabhgarh,Onion,Other,FAQ,1500,2300,2000,27-Jan-25
564,Ballia,Ballia,Onion,Red,FAQ,2170,2230,2200,04-Jan-25
565,Ballia,Ballia,Onion,Red,FAQ,2170,2230,2200,06-Jan-25
566,Ballia,Ballia,Onion,Red,FAQ,2300,2350,2320,07-Jan-25
567,Balotra,Balotra,Onion,1st Sort,FAQ,2300,2400,2380,31-Jan-25
568,Balotra,Balotra,Onion,1st Sort,FAQ,2400,2500,2450,05-Jan-25
569,Balotra,Balotra,Onion,1st Sort,FAQ,2400,2500,2450,24-Jan-25
570,Balrampur,Balrampur,Onion,Red,FAQ,2120,2340,2230,25-Jan-25
571,Balrampur,Balrampur,Onion,Red,FAQ,2200,2400,2300,02-Jan-25
572,Balrampur,Balrampur,Onion,Red,Non-FAQ,2150,2200,2180,31-Jan-25
573,Khurda,Balugaon,Onion,Other,FAQ,2500,2700,2600,28-Jan-25
574,Khurda,Balugaon,Onion,Other,Non-FAQ,2500,2700,2600,31-Jan-25
575,Banda,Banda,Onion,Red,FAQ,2025,2170,2100,23-Jan-25
576,Banda,Banda,Onion,Red,FAQ,2230,2375,2300,17-Jan-25
577,Banda,Banda,Onion,Red,FAQ,2230,2380,2300,09-Jan-25
578,Banda,Banda,Onion,Red,FAQ,2275,2420,2350,07-Jan-25
579,Banda,Banda,Onion,Red,FAQ,2600,2700,2650,01-Jan-25
580,Bangalore,Bangalore,Onion,Local,FAQ,2000,2800,2200,03-Jan-25
581,Bangalore,Bangalore,Onion,Local,FAQ,2000,3000,2500,02-Jan-25
582,Bangalore,Bangalore,Onion,Onion,FAQ,2500,3000,2800,20-Jan-25
583,Bangalore,Bangalore,Onion,Onion,FAQ,2500,3200,2800,30-Jan-25
584,Bangalore,Bangalore,Onion,Onion,FAQ,2800,3600,3200,07-Jan-25
585,Bangalore,Bangalore,Onion,Puna,FAQ,3000,3600,3200,22-Jan-25
586,Unnao,Bangarmau,Onion,Red,FAQ,2280,2380,2330,18-Jan-25
587,Unnao,Bangarmau,Onion,Red,FAQ,2550,2650,2600,02-Jan-25
588,Unnao,Bangarmau,Onion,Red,FAQ,2570,2670,2620,04-Jan-25
589,Barabanki,Barabanki,Onion,Red,FAQ,2450,2550,2500,09-Jan-25
590,Banka,Barahat,Onion,Medium,FAQ,3500,4000,3800,24-Jan-25
591,Baran,Baran,Onion,Other,Non-FAQ,500,800,600,19-Jan-25
592,Ambala,Barara,Onion,Other,FAQ,2000,2500,2500,22-Jan-25
593,North 24 Parganas,Barasat,Onion,Other,FAQ,2600,2600,2600,15-Jan-25
594,North 24 Parganas,Barasat,Onion,Other,FAQ,2700,2700,2700,05-Jan-25
595,North 24 Parganas,Barasat,Onion,Other,FAQ,2800,2800,2800,16-Jan-25
596,Bareilly,Bareilly,Onion,Red,FAQ,2300,2325,2315,08-Jan-25
597,Bargarh,Bargarh,Onion,Other,FAQ,3300,3500,3400,14-Jan-25
598,Bargarh,Bargarh(Barapalli),Onion,Other,FAQ,2600,2800,2700,18-Jan-25
599,Muktsar,Bariwala,Onion,Nasik,FAQ,2500,2500,2500,12-Jan-25
600,Muktsar,Bariwala,Onion,Nasik,Non-FAQ,2300,2300,2300,24-Jan-25
601,Sounth 24 Parganas,Baruipur(Canning),Onion,Other,FAQ,2900,3000,2950,26-Jan-25
602,Panchkula,Barwala,Onion,Onion,FAQ,2000,3000,2500,10-Jan-25
603,Panchkula,Barwala,Onion,Onion,FAQ,2000,3000,2500,14-Jan-25
604,Panchkula,Barwala,Onion,Onion,FAQ,2000,3000,2500,16-Jan-25
605,Panchkula,Barwala,Onion,Onion,FAQ,2000,3000,2500,17-Jan-25
606,Panchkula,Barwala,Onion,Onion,FAQ,2500,2900,2700,21-Jan-25
607,Hissar,Barwala(Hisar),Onion,Other,FAQ,1600,2000,1800,01-Feb-25
608,Jaipur Rural,Bassi,Onion,Other,FAQ,3800,4200,4000,02-Jan-25
609,Jaipur Rural,Bassi,Onion,Other,FAQ,4000,4400,4200,09-Jan-25
610,Auraiya,Achalda,Onion,Red,FAQ,2350,2560,2450,07-Jan-25
611,Agra,Achnera,Onion,Red,FAQ,2050,2150,2100,27-Jan-25
612,Agra,Achnera,Onion,Red,FAQ,2120,2200,2160,05-Jan-25
613,Agra,Agra,Onion,Red,FAQ,2050,2400,2260,23-Jan-25
614,Mirzapur,Ahirora,Onion,Red,FAQ,1800,2000,1900,04-Jan-25
615,Mirzapur,Ahirora,Onion,Red,Non-FAQ,1400,1600,1500,31-Jan-25
616,Mirzapur,Ahirora,Onion,Red,Non-FAQ,1500,1700,1600,20-Jan-25
617,Ahmedabad,Ahmedabad(Chimanbhai Patal Market Vasana),Onion,Local,FAQ,1000,2300,1700,04-Jan-25
618,Ahmedabad,Ahmedabad(Chimanbhai Patal Market Vasana),Onion,Local,FAQ,1500,2700,2100,21-Jan-25
619,Ahmedabad,Ahmedabad(Chimanbhai Patal Market Vasana),Onion,Nasik,FAQ,1500,3000,2750,31-Jan-25
620,Sangrur,Ahmedgarh,Onion,Other,FAQ,2500,2600,2500,20-Jan-25
621,Ahmednagar,Ahmednagar,Onion,Red,FAQ,300,2800,1800,16-Jan-25
622,Ahmednagar,Ahmednagar,Onion,Red,FAQ,500,3200,2300,23-Jan-25
623,Dharmapuri,AJattihalli(Uzhavar Sandhai ),Onion,Bellary,Local,4600,4800,4800,08-Jan-25
624,Dharmapuri,AJattihalli(Uzhavar Sandhai ),Onion,Bellary,Local,4600,4800,4800,26-Jan-25
625,Dharmapuri,AJattihalli(Uzhavar Sandhai ),Onion,Bellary,Local,4600,4800,4800,30-Jan-25
626,Prayagraj,Ajuha,Onion,Red,FAQ,2050,2200,2130,08-Jan-25
627,Prayagraj,Ajuha,Onion,Red,FAQ,2080,2200,2140,16-Jan-25
628,Prayagraj,Ajuha,Onion,Red,FAQ,2100,2200,2150,01-Jan-25
629,Prayagraj,Ajuha,Onion,Red,FAQ,2100,2200,2150,12-Jan-25
630,Ambedkarnagar,Akbarpur,Onion,Red,FAQ,2300,2360,2350,16-Jan-25
631,Ambedkarnagar,Akbarpur,Onion,Red,FAQ,2300,2400,2380,18-Jan-25
632,Ambedkarnagar,Akbarpur,Onion,Red,FAQ,2300,2450,2380,09-Jan-25
633,Ambedkarnagar,Akbarpur,Onion,Red,FAQ,2300,2500,2400,13-Jan-25
634,Jammu,Akhnoor,Onion,Other,FAQ,2300,2700,2500,02-Jan-25
635,Jammu,Akhnoor,Onion,Other,Non-FAQ,2400,2800,2600,23-Jan-25
636,Akola,Akola,Onion,Other,FAQ,1500,2500,2000,17-Jan-25
637,Akola,Akola,Onion,Other,FAQ,2000,3000,2500,07-Jan-25
638,Akola,Akola,Onion,Other,FAQ,2000,3200,2500,01-Jan-25
639,Aligarh,Aligarh,Onion,Red,FAQ,2280,2360,2320,23-Jan-25
640,Alipurduar,Alipurduar,Onion,Other,FAQ,2600,3400,2800,14-Jan-25
641,Alipurduar,Alipurduar,Onion,Other,FAQ,2800,3000,2900,01-Feb-25
642,Alipurduar,Alipurduar,Onion,Other,Non-FAQ,2900,3000,2950,22-Jan-25
643,Prayagraj,Allahabad,Onion,Red,FAQ,1800,1900,1850,01-Feb-25
644,Prayagraj,Allahabad,Onion,Red,FAQ,2000,2100,2040,03-Jan-25
645,Prayagraj,Allahabad,Onion,Red,FAQ,2100,2200,2150,09-Jan-25
646,Ernakulam,Aluva,Onion,Big,FAQ,3600,4500,4200,25-Jan-25
647,Ernakulam,Aluva,Onion,Big,Non-FAQ,3800,4500,4200,20-Jan-25
648,Alwar,Alwar (F&V),Onion,Other,FAQ,1000,2375,1750,06-Jan-25
649,Alwar,Alwar (F&V),Onion,Other,FAQ,1375,2400,1950,26-Jan-25
650,Alwar,Alwar (F&V),Onion,Other,FAQ,1800,2600,2200,01-Feb-25
651,Ambala,Ambala Cantt.,Onion,Other,FAQ,1600,2600,2100,30-Jan-25
652,Ambala,Ambala City(Subji Mandi),Onion,Other,FAQ,2200,2750,2500,21-Jan-25
653,Thiruvellore,Ambattur(Uzhavar Sandhai ),Onion,Bellary,Local,4000,4000,4000,01-Feb-25
654,Salem,Ammapet(Uzhavar Sandhai ),Onion,Bellary,Local,4500,5000,5000,06-Jan-25
655,Salem,Ammapet(Uzhavar Sandhai ),Onion,Bellary,Local,4500,5000,5000,20-Jan-25
656,Salem,Ammapet(Uzhavar Sandhai ),Onion,Bellary,Local,5000,5500,5500,13-Jan-25
657,Amarawati,Amrawati(Frui & Veg. Market),Onion,Red,FAQ,700,2800,1750,04-Jan-25
658,Amarawati,Amrawati(Frui & Veg. Market),Onion,Red,FAQ,1000,2700,1850,22-Jan-25
659,Amritsar,Amritsar(Amritsar Mewa Mandi),Onion,Onion,FAQ,900,2100,1200,20-Jan-25
660,Amroha,Amroha,Onion,Red,FAQ,2020,2180,2090,28-Jan-25
661,Badaun,Badayoun,Onion,Nasik,FAQ,2200,2330,2250,23-Jan-25
662,Chikmagalur,Bagepalli,Onion,Onion,Ref grade-1,2500,3500,3000,30-Jan-25
663,Bareilly,Bahedi,Onion,Red,FAQ,2820,2875,2850,15-Jan-25
664,Bahraich,Bahraich,Onion,Red,FAQ,2100,2300,2200,31-Jan-25
665,Bahraich,Bahraich,Onion,Red,FAQ,2200,2350,2275,22-Jan-25
666,Puruliya,Balarampur,Onion,Other,FAQ,2500,3000,2800,16-Jan-25
667,Thiruvananthapuram,Balarampuram,Onion,1st Sort,FAQ,4000,5000,5000,25-Jan-25
668,Ballia,Ballia,Onion,Red,FAQ,2230,2290,2260,25-Jan-25
669,Balotra,Balotra,Onion,1st Sort,FAQ,2200,2400,2300,30-Jan-25
670,Balrampur,Balrampur,Onion,Red,FAQ,2400,2600,2500,14-Jan-25
671,Khurda,Balugaon,Onion,Other,FAQ,2800,3100,3000,18-Jan-25
672,Banda,Banda,Onion,Red,FAQ,2270,2420,2350,11-Jan-25
673,Banda,Banda,Onion,Red,FAQ,2275,2430,2350,20-Jan-25
674,Banda,Banda,Onion,Red,FAQ,2300,2450,2375,19-Jan-25
675,Banda,Banda,Onion,Red,FAQ,2380,2520,2450,13-Jan-25
676,Bangalore,Bangalore,Onion,Bangalore-Samall,FAQ,1500,2000,1700,16-Jan-25
677,Bangalore,Bangalore,Onion,Onion,Ref grade-1,2500,3200,2800,31-Jan-25
678,Bangalore,Bangalore,Onion,Puna,FAQ,2000,3000,2600,09-Jan-25
679,Bangalore,Bangalore,Onion,Puna,FAQ,2000,3400,2800,15-Jan-25
680,Unnao,Bangarmau,Onion,Red,FAQ,2290,2390,2340,17-Jan-25
681,Unnao,Bangarmau,Onion,Red,FAQ,2370,2470,2420,13-Jan-25
682,Unnao,Bangarmau,Onion,Red,FAQ,2370,2470,2420,14-Jan-25
683,Unnao,Bangarmau,Onion,Red,FAQ,2600,2690,2640,06-Jan-25
684,Bankura,Bankura Sadar,Onion,Nasik,FAQ,2800,3100,3000,21-Jan-25
685,Bankura,Bankura Sadar,Onion,Nasik,FAQ,3000,3300,3200,10-Jan-25
686,Mohali,Banur,Onion,Other,FAQ,1480,3000,1480,23-Jan-25
687,Mohali,Banur,Onion,Other,FAQ,1620,3400,1620,25-Jan-25
688,Mohali,Banur,Onion,Other,FAQ,1700,3000,1700,13-Jan-25
689,Mohali,Banur,Onion,Other,FAQ,1800,2500,1800,08-Jan-25
690,Mohali,Banur,Onion,Other,FAQ,1800,2600,1800,09-Jan-25
691,Kolkata,Bara Bazar (Posta Bazar),Onion,Nasik,FAQ,2750,3000,2875,01-Feb-25
692,Barabanki,Barabanki,Onion,Red,FAQ,2310,2410,2360,21-Jan-25
693,Pune,Baramati,Onion,Red,FAQ,1000,4000,2800,04-Jan-25
694,Ambala,Barara,Onion,Other,FAQ,2000,2500,2500,20-Jan-25
695,Ambala,Barara,Onion,Other,FAQ,2500,2800,2800,09-Jan-25
696,Ambala,Barara,Onion,Other,FAQ,2500,3000,3000,14-Jan-25
697,North 24 Parganas,Barasat,Onion,Other,FAQ,2900,2900,2900,25-Jan-25
698,Baghpat,Baraut,Onion,Red,FAQ,2050,2250,2130,29-Jan-25
699,Bareilly,Bareilly,Onion,Red,FAQ,2350,2425,2380,03-Jan-25
700,Bargarh,Bargarh,Onion,Other,FAQ,2200,2400,2300,29-Jan-25
701,Bargarh,Bargarh(Barapalli),Onion,Other,FAQ,2100,2300,2200,29-Jan-25
702,Bargarh,Bargarh(Barapalli),Onion,Other,FAQ,2600,2800,2700,17-Jan-25
703,Sounth 24 Parganas,Baruipur(Canning),Onion,Other,FAQ,2800,3000,2900,03-Jan-25
704,Sounth 24 Parganas,Baruipur(Canning),Onion,Other,FAQ,2900,3000,2950,15-Jan-25
705,Panchkula,Barwala,Onion,Onion,FAQ,2500,2500,2500,07-Jan-25
706,Hissar,Barwala(Hisar),Onion,Other,FAQ,1500,2000,1800,20-Jan-25
707,Jaipur Rural,Bassi,Onion,Other,FAQ,4000,4400,4200,11-Jan-25
708,Jaipur Rural,Bassi,Onion,Other,Non-FAQ,3800,4200,4000,30-Jan-25
709,Basti,Basti,Onion,Red,FAQ,2180,2280,2230,28-Jan-25
710,Basti,Basti,Onion,Red,FAQ,2230,2330,2280,14-Jan-25
711,Jammu,Batote,Onion,Other,FAQ,3000,3500,3250,04-Jan-25
712,Bharatpur,Bayana,Onion,Onion,FAQ,2800,2800,2800,02-Jan-25
713,Jalpaiguri,Belacoba,Onion,Nasik,FAQ,2900,3100,3000,07-Jan-25
714,Auraiya,Achalda,Onion,Red,FAQ,2300,2450,2370,14-Jan-25
715,Agra,Achnera,Onion,Red,FAQ,2150,2230,2190,08-Jan-25
716,Agra,Achnera,Onion,Red,FAQ,2150,2250,2200,04-Jan-25
717,Agra,Achnera,Onion,Red,FAQ,2260,2340,2300,02-Jan-25
718,Shajapur,Agar,Onion,Onion,Non-FAQ,550,2000,2000,31-Jan-25
719,Agra,Agra,Onion,Red,FAQ,1800,2200,2000,01-Feb-25
720,Agra,Agra,Onion,Red,FAQ,2000,2400,2250,22-Jan-25
721,Mirzapur,Ahirora,Onion,Red,FAQ,1800,2000,1900,10-Jan-25
722,Mirzapur,Ahirora,Onion,Red,Non-FAQ,1400,1600,1500,30-Jan-25
723,Mirzapur,Ahirora,Onion,Red,Non-FAQ,1500,1800,1600,19-Jan-25
724,Ahmedabad,Ahmedabad(Chimanbhai Patal Market Vasana),Onion,Local,FAQ,1000,2200,2000,10-Jan-25
725,Ahmedabad,Ahmedabad(Chimanbhai Patal Market Vasana),Onion,Local,FAQ,1500,2500,2250,23-Jan-25
726,Ahmedabad,Ahmedabad(Chimanbhai Patal Market Vasana),Onion,Nasik,FAQ,1500,3000,2750,06-Jan-25
727,Ahmedabad,Ahmedabad(Chimanbhai Patal Market Vasana),Onion,Nasik,FAQ,2000,3000,2750,15-Jan-25
728,Ahmednagar,Ahmednagar,Onion,Red,FAQ,400,2800,1900,18-Jan-25
729,Dharmapuri,AJattihalli(Uzhavar Sandhai ),Onion,Bellary,Local,4200,4400,4400,01-Feb-25
730,Dharmapuri,AJattihalli(Uzhavar Sandhai ),Onion,Bellary,Local,4200,4400,4400,18-Jan-25
731,Ajmer,Ajmer(F&V),Onion,Other,FAQ,1000,2600,1800,20-Jan-25
732,Prayagraj,Ajuha,Onion,Red,FAQ,2030,2180,2100,07-Jan-25
733,Ambedkarnagar,Akbarpur,Onion,Red,FAQ,2300,2400,2385,17-Jan-25
734,Ambedkarnagar,Akbarpur,Onion,Red,FAQ,2300,2450,2350,27-Jan-25
735,Ambedkarnagar,Akbarpur,Onion,Red,FAQ,2300,2450,2350,31-Jan-25
736,Jammu,Akhnoor,Onion,Other,Non-FAQ,2400,2800,2600,24-Jan-25
737,Jammu,Akhnoor,Onion,Other,Non-FAQ,2400,2800,2600,31-Jan-25
738,Akola,Akola,Onion,Other,FAQ,800,2800,2000,25-Jan-25
739,Aligarh,Aligarh,Onion,Red,FAQ,2300,2500,2400,08-Jan-25
740,Alipurduar,Alipurduar,Onion,Other,FAQ,3000,3400,3200,07-Jan-25
741,Alipurduar,Alipurduar,Onion,Other,Non-FAQ,2800,3200,3000,28-Jan-25
742,Prayagraj,Allahabad,Onion,Red,FAQ,1870,2000,1920,27-Jan-25
743,Ambala,Ambala Cantt.,Onion,Other,FAQ,1200,2200,1700,04-Jan-25
744,Thirunelveli,Ambasamudram(Uzhavar Sandhai ),Onion,Bellary,Local,3300,4000,4000,25-Jan-25
745,Thiruvellore,Ambattur(Uzhavar Sandhai ),Onion,Bellary,Local,5000,5000,5000,12-Jan-25
746,Salem,Ammapet(Uzhavar Sandhai ),Onion,Bellary,Local,4000,5000,5000,17-Jan-25
747,Salem,Ammapet(Uzhavar Sandhai ),Onion,Bellary,Local,5000,5500,5500,10-Jan-25
748,Amritsar,Amritsar(Amritsar Mewa Mandi),Onion,Onion,FAQ,900,2200,1300,16-Jan-25
749,Amroha,Amroha,Onion,Red,FAQ,2180,2300,2250,14-Jan-25
750,Madurai,Anaiyur(Uzhavar Sandhai ),Onion,Bellary,Local,4800,5000,5000,14-Jan-25
751,Madurai,Anaiyur(Uzhavar Sandhai ),Onion,Bellary,Local,5000,5400,5400,08-Jan-25
752,Anand,"Anand(Veg,Yard,Anand)",Onion,Onion,FAQ,1500,2500,2000,25-Jan-25
753,Anand,"Anand(Veg,Yard,Anand)",Onion,Onion,FAQ,2000,2500,2250,01-Jan-25
754,Anand,"Anand(Veg,Yard,Anand)",Onion,Onion,FAQ,2000,2500,2250,07-Jan-25
755,Maharajganj,Anandnagar,Onion,Red,FAQ,2500,3000,2750,24-Jan-25
756,Maharajganj,Anandnagar,Onion,Red,FAQ,2500,3200,2700,21-Jan-25
757,Kollam,Anchal,Onion,Other,FAQ,4600,4800,4700,10-Jan-25
758,Kollam,Anchal,Onion,Other,FAQ,4700,4900,4800,27-Jan-25
759,Theni,Andipatti(Uzhavar Sandhai ),Onion,Bellary,Local,3500,4000,4000,03-Jan-25
760,Theni,Andipatti(Uzhavar Sandhai ),Onion,Bellary,Local,3500,4000,4000,17-Jan-25
761,Ernakulam,Angamaly,Onion,Big,FAQ,4000,5000,4500,08-Jan-25
762,Madurai,Anna nagar(Uzhavar Sandhai ),Onion,Bellary,Local,4600,5600,5600,28-Jan-25
763,Madurai,Anna nagar(Uzhavar Sandhai ),Onion,Bellary,Local,5600,5600,5600,10-Jan-25
764,Madurai,Anna nagar(Uzhavar Sandhai ),Onion,Bellary,Local,5600,5600,5600,26-Jan-25
765,Bareilly,Anwala,Onion,Red,FAQ,1800,2200,2000,28-Jan-25
766,Thiruvananthapuram,Aralamoodu,Onion,Onion,FAQ,4500,5000,5000,10-Jan-25
767,Thiruvananthapuram,Aralamoodu,Onion,Onion,FAQ,5000,6000,6000,11-Jan-25
768,Thiruvananthapuram,Aralamoodu,Onion,Onion,Non-FAQ,4000,4500,4500,20-Jan-25
769,Thiruvannamalai,Arani(Uzhavar Sandhai ),Onion,Bellary,Local,3500,4000,4000,18-Jan-25
770,Thiruvannamalai,Arani(Uzhavar Sandhai ),Onion,Bellary,Local,4000,4500,4500,20-Jan-25
771,Pudukkottai,Aranthangi(Uzhavar Sandhai ),Onion,Bellary,Local,3500,4000,4000,17-Jan-25
772,Pudukkottai,Aranthangi(Uzhavar Sandhai ),Onion,Bellary,Local,4500,5000,5000,02-Jan-25
773,Pudukkottai,Aranthangi(Uzhavar Sandhai ),Onion,Bellary,Local,4500,5000,5000,10-Jan-25
774,Hassan,Arasikere,Onion,Onion,FAQ,1100,1100,1100,15-Jan-25
775,Ranipet,Arcot(Uzhavar Sandhai ),Onion,Bellary,Local,4800,4800,4800,12-Jan-25
776,Ranipet,Arcot(Uzhavar Sandhai ),Onion,Bellary,Local,4800,5000,5000,10-Jan-25
777,Ariyalur,Ariyalur(Uzhavar Sandhai),Onion,Bellary,Local,4000,4400,4400,13-Jan-25
778,Ariyalur,Ariyalur(Uzhavar Sandhai),Onion,Bellary,Local,4000,4600,4600,11-Jan-25
779,Virudhunagar,Aruppukottai(Uzhavar Sandhai ),Onion,Bellary,Local,3500,4000,4000,08-Jan-25
780,Virudhunagar,Aruppukottai(Uzhavar Sandhai ),Onion,Bellary,Local,3500,4000,4000,13-Jan-25
781,Virudhunagar,Aruppukottai(Uzhavar Sandhai ),Onion,Bellary,Local,3500,4000,4000,22-Jan-25
782,Paschim Bardhaman,Asansol,Onion,Nasik,FAQ,2650,2850,2700,06-Jan-25
783,Paschim Bardhaman,Asansol,Onion,Nasik,FAQ,2850,3200,3050,08-Jan-25
784,Banda,Atarra,Onion,Red,FAQ,2045,2245,2145,29-Jan-25
785,Kottayam,Athirampuzha,Onion,Big,FAQ,3800,4000,3900,01-Jan-25
786,Kottayam,Athirampuzha,Onion,Big,FAQ,4000,4200,4100,21-Jan-25
787,Kottayam,Athirampuzha,Onion,Onion,FAQ,8400,8600,8500,03-Jan-25
788,Kottayam,Athirampuzha,Onion,Onion,FAQ,8400,8600,8500,14-Jan-25
789,Salem,Athur(Uzhavar Sandhai ),Onion,Bellary,Local,5000,6000,6000,02-Jan-25
790,Salem,Attayampatti(Uzhavar Sandhai ),Onion,Bellary,Local,5000,6000,6000,04-Jan-25
791,Auraiya,Auraiya,Onion,Red,FAQ,2300,2575,2475,10-Jan-25
792,Krishnagiri,Avallapalli(Uzhavar Sandhai ),Onion,Bellary,Local,3500,4000,4000,23-Jan-25
793,Krishnagiri,Avallapalli(Uzhavar Sandhai ),Onion,Bellary,Local,3500,4000,4000,31-Jan-25
794,Krishnagiri,Avallapalli(Uzhavar Sandhai ),Onion,Bellary,Local,4000,4500,4500,02-Jan-25
795,Krishnagiri,Avallapalli(Uzhavar Sandhai ),Onion,Bellary,Local,4000,4500,4500,08-Jan-25
796,Delhi,Azadpur,Onion,Onion,FAQ,875,2750,1938,16-Jan-25
797,Delhi,Azadpur,Onion,Onion,FAQ,875,3000,1969,24-Jan-25
798,Delhi,Azadpur,Onion,Onion,FAQ,1000,2750,1833,04-Jan-25
799,Delhi,Azadpur,Onion,Onion,FAQ,1000,2750,1833,06-Jan-25
800,Delhi,Azadpur,Onion,Onion,FAQ,1000,3000,2169,31-Jan-25
801,Azamgarh,Azamgarh,Onion,Red,FAQ,2200,2360,2280,22-Jan-25
802,Azamgarh,Azamgarh,Onion,Red,FAQ,2285,2435,2360,20-Jan-25
803,Raebarelli,Bachranwa,Onion,Red,FAQ,2300,2400,2350,30-Jan-25
804,Raebarelli,Bachranwa,Onion,Red,FAQ,2500,2600,2550,04-Jan-25
805,Badaun,Badayoun,Onion,Nasik,FAQ,2140,2320,2250,07-Jan-25
806,Badaun,Badayoun,Onion,Nasik,FAQ,2190,2320,2240,31-Jan-25
807,Badaun,Badayoun,Onion,Nasik,FAQ,2200,2340,2260,29-Jan-25
808,Badaun,Badayoun,Onion,Nasik,FAQ,2220,2370,2290,19-Jan-25
809,Badwani,Badwani(F&V),Onion,Onion,FAQ,1200,1200,1200,12-Jan-25
810,Moga,Baghapurana,Onion,Local,FAQ,2000,3000,2500,09-Jan-25
811,Moga,Baghapurana,Onion,Local,FAQ,2000,3000,2500,31-Jan-25
812,Bareilly,Bahedi,Onion,Red,Non-FAQ,2420,2485,2450,20-Jan-25
813,Bareilly,Bahedi,Onion,Red,Non-FAQ,2520,2565,2540,19-Jan-25
814,Bahraich,Bahraich,Onion,Red,FAQ,2200,2300,2250,27-Jan-25
815,Auraiya,Achalda,Onion,Red,FAQ,2200,2300,2250,23-Jan-25
816,Auraiya,Achalda,Onion,Red,FAQ,2400,2600,2500,11-Jan-25
817,Agra,Achnera,Onion,Red,FAQ,2120,2200,2160,26-Jan-25
818,Agra,Achnera,Onion,Red,FAQ,2320,2420,2370,15-Jan-25
819,Shajapur,Agar,Onion,Onion,FAQ,1125,3000,3000,06-Jan-25
820,Shajapur,Agar,Onion,Onion,Non-FAQ,800,2000,2000,29-Jan-25
821,Agra,Agra,Onion,Red,FAQ,2000,2250,2080,30-Jan-25
822,Agra,Agra,Onion,Red,FAQ,2000,2350,2160,06-Jan-25
823,Agra,Agra,Onion,Red,FAQ,2200,2550,2380,16-Jan-25
824,Agra,Agra,Onion,Red,FAQ,2250,2500,2360,01-Jan-25
825,Mirzapur,Ahirora,Onion,Red,Non-FAQ,1400,1600,1500,24-Jan-25
826,Ahmedabad,Ahmedabad(Chimanbhai Patal Market Vasana),Onion,Local,FAQ,1100,2500,2250,07-Jan-25
827,Ajmer,Ajmer(F&V),Onion,Other,FAQ,1000,2600,1800,15-Jan-25
828,Ajmer,Ajmer(F&V),Onion,Other,FAQ,1200,2600,1900,18-Jan-25
829,Prayagraj,Ajuha,Onion,Red,FAQ,2100,2220,2160,17-Jan-25
830,Prayagraj,Ajuha,Onion,Red,FAQ,2100,2250,2170,14-Jan-25
831,Ambedkarnagar,Akbarpur,Onion,Red,FAQ,2300,2400,2375,20-Jan-25
832,Ambedkarnagar,Akbarpur,Onion,Red,Non-FAQ,2250,2350,2300,01-Feb-25
833,Jammu,Akhnoor,Onion,Other,Non-FAQ,2300,2700,2500,29-Jan-25
834,Jammu,Akhnoor,Onion,Other,Non-FAQ,2400,2800,2600,30-Jan-25
835,Sholapur,Akluj,Onion,Red,FAQ,300,3000,1500,19-Jan-25
836,Akola,Akola,Onion,Other,Local,2000,2800,2500,01-Feb-25
837,Aligarh,Aligarh,Onion,Red,FAQ,2050,2200,2150,04-Jan-25
838,Aligarh,Aligarh,Onion,Red,FAQ,2200,2400,2300,27-Jan-25
839,Aligarh,Aligarh,Onion,Red,FAQ,2250,2400,2320,21-Jan-25
840,Aligarh,Aligarh,Onion,Red,FAQ,2300,2450,2380,02-Jan-25
841,Prayagraj,Allahabad,Onion,Red,FAQ,1950,2100,2020,01-Jan-25
842,Ernakulam,Aluva,Onion,Big,FAQ,3600,4000,3800,28-Jan-25
843,Ernakulam,Aluva,Onion,Big,Non-FAQ,3000,3500,3300,18-Jan-25
844,Alwar,Alwar (F&V),Onion,Other,FAQ,1000,2250,1625,08-Jan-25
845,Ambala,Ambala Cantt.,Onion,Other,FAQ,1600,2400,2000,16-Jan-25
846,Thirunelveli,Ambasamudram(Uzhavar Sandhai ),Onion,Bellary,Local,3300,4000,4000,01-Jan-25
847,Thirunelveli,Ambasamudram(Uzhavar Sandhai ),Onion,Bellary,Local,3300,4000,4000,12-Jan-25
848,Thirunelveli,Ambasamudram(Uzhavar Sandhai ),Onion,Bellary,Local,3300,4000,4000,30-Jan-25
849,Thiruvellore,Ambattur(Uzhavar Sandhai ),Onion,Bellary,Local,5000,5000,5000,03-Jan-25
850,Thiruvellore,Ambattur(Uzhavar Sandhai ),Onion,Bellary,Local,5000,5000,5000,29-Jan-25
851,Thiruvellore,Ambattur(Uzhavar Sandhai ),Onion,Bellary,Local,7000,7000,7000,17-Jan-25
852,Salem,Ammapet(Uzhavar Sandhai ),Onion,Bellary,Local,4500,5000,5000,18-Jan-25
853,Salem,Ammapet(Uzhavar Sandhai ),Onion,Bellary,Local,4600,5000,5000,19-Jan-25
854,Salem,Ammapet(Uzhavar Sandhai ),Onion,Bellary,Local,5000,5500,5500,11-Jan-25
855,Amarawati,Amrawati(Frui & Veg. Market),Onion,Red,FAQ,500,2500,1500,13-Jan-25
856,Amroha,Amroha,Onion,Red,FAQ,2050,2200,2120,27-Jan-25
857,Amroha,Amroha,Onion,Red,FAQ,2200,2350,2260,16-Jan-25
858,Amroha,Amroha,Onion,Red,FAQ,2350,2450,2400,02-Jan-25
859,Madurai,Anaiyur(Uzhavar Sandhai ),Onion,Bellary,Local,4800,5000,5000,27-Jan-25
860,Anand,"Anand(Veg,Yard,Anand)",Onion,Onion,FAQ,1500,2500,2000,16-Jan-25
861,Anand,"Anand(Veg,Yard,Anand)",Onion,Onion,FAQ,1500,2500,2000,30-Jan-25
862,Anand,"Anand(Veg,Yard,Anand)",Onion,Onion,FAQ,2000,3000,2500,10-Jan-25
863,Maharajganj,Anandnagar,Onion,Red,FAQ,2800,3200,3000,22-Jan-25
864,Kollam,Anchal,Onion,Other,FAQ,3700,3900,3800,20-Jan-25
865,Madurai,Anna nagar(Uzhavar Sandhai ),Onion,Bellary,Local,5600,5600,5600,09-Jan-25
866,Bulandshahar,Anoop Shahar,Onion,Red,FAQ,1600,2000,1800,10-Jan-25
867,Puruliya,Balarampur,Onion,Other,FAQ,2500,2800,2600,07-Jan-25
868,Puruliya,Balarampur,Onion,Other,FAQ,2500,3000,2800,04-Jan-25
869,Faridabad,Ballabhgarh,Onion,Other,FAQ,1200,1800,1500,06-Jan-25
870,Faridabad,Ballabhgarh,Onion,Other,FAQ,1800,2000,2000,18-Jan-25
871,Ballia,Ballia,Onion,Red,FAQ,2100,2170,2140,30-Jan-25
872,Balotra,Balotra,Onion,1st Sort,FAQ,2300,2500,2400,21-Jan-25
873,Balotra,Balotra,Onion,1st Sort,FAQ,2450,2500,2480,28-Jan-25
874,Balrampur,Balrampur,Onion,Red,FAQ,2250,2460,2350,04-Jan-25
875,Balrampur,Balrampur,Onion,Red,FAQ,2400,2600,2500,09-Jan-25
876,Balrampur,Balrampur,Onion,Red,FAQ,2450,2690,2585,12-Jan-25
877,Balrampur,Balrampur,Onion,Red,FAQ,2500,2700,2600,13-Jan-25
878,Khurda,Balugaon,Onion,Other,FAQ,2400,2600,2500,05-Jan-25
879,Khurda,Balugaon,Onion,Other,FAQ,2500,2800,2600,04-Jan-25
880,Khurda,Balugaon,Onion,Other,FAQ,2800,3200,3000,11-Jan-25
881,Khurda,Balugaon,Onion,Other,FAQ,2800,3200,3000,20-Jan-25
882,Khurda,Balugaon,Onion,Other,Non-FAQ,2800,3100,3000,25-Jan-25
883,Bangalore,Bangalore,Onion,Bangalore-Samall,FAQ,800,1500,1200,28-Jan-25
884,Bangalore,Bangalore,Onion,Onion,FAQ,2800,3200,3000,22-Jan-25
885,Unnao,Bangarmau,Onion,Red,FAQ,2380,2480,2430,10-Jan-25
886,Bankura,Bankura Sadar,Onion,Nasik,FAQ,2800,3100,3000,24-Jan-25
887,Kolkata,Bara Bazar (Posta Bazar),Onion,Nasik,FAQ,2700,3000,2850,01-Jan-25
888,Kolkata,Bara Bazar (Posta Bazar),Onion,Nasik,FAQ,3000,3250,3150,30-Jan-25
889,Kolkata,Bara Bazar (Posta Bazar),Onion,Nasik,FAQ,3400,3750,3600,07-Jan-25
890,Kolkata,Bara Bazar (Posta Bazar),Onion,Other,FAQ,2750,3000,2850,29-Jan-25
891,Barabanki,Barabanki,Onion,Red,FAQ,2200,2300,2250,27-Jan-25
892,Pune,Baramati,Onion,Red,FAQ,1000,3181,2350,18-Jan-25
893,Ambala,Barara,Onion,Other,FAQ,2200,3200,2800,17-Jan-25
894,Baghpat,Baraut,Onion,Red,FAQ,2150,2350,2250,24-Jan-25
895,Baghpat,Baraut,Onion,Red,FAQ,2300,2500,2400,12-Jan-25
896,Bareilly,Bareilly,Onion,Red,FAQ,2325,2400,2370,06-Jan-25
897,Bargarh,Bargarh,Onion,Other,FAQ,3300,3500,3400,12-Jan-25
898,Bargarh,Bargarh,Onion,Other,FAQ,3500,3700,3600,05-Jan-25
899,Bargarh,Bargarh(Barapalli),Onion,Other,FAQ,3600,3800,3700,04-Jan-25
900,Barnala,Barnala,Onion,Other,FAQ,1800,2500,2150,24-Jan-25
901,South District,Barpathari,Onion,Red,FAQ,3400,3600,3500,06-Jan-25
902,South District,Barpathari,Onion,Red,FAQ,3400,3600,3500,10-Jan-25
903,South District,Barpathari,Onion,Red,FAQ,3400,3600,3500,17-Jan-25
904,Sounth 24 Parganas,Baruipur(Canning),Onion,Other,FAQ,2900,3000,2950,24-Jan-25
905,Panchkula,Barwala,Onion,Onion,FAQ,2000,3000,2500,13-Jan-25
906,Panchkula,Barwala,Onion,Onion,FAQ,2500,2500,2500,23-Jan-25
907,Panchkula,Barwala,Onion,Onion,FAQ,2500,2700,2600,18-Jan-25
908,Hissar,Barwala(Hisar),Onion,Other,FAQ,1400,1600,1500,04-Jan-25
909,Hissar,Barwala(Hisar),Onion,Other,FAQ,1800,2000,1900,27-Jan-25
910,Jaipur Rural,Bassi,Onion,Other,FAQ,3800,4200,4000,04-Jan-25
911,Jaipur Rural,Bassi,Onion,Other,Non-FAQ,4000,4400,4200,23-Jan-25
912,Jaipur Rural,Bassi,Onion,Other,Non-FAQ,4200,4600,4400,22-Jan-25
913,Fatehgarh,Bassi Pathana,Onion,Other,FAQ,2500,3000,2800,28-Jan-25
914,Jammu,Batote,Onion,Other,FAQ,2800,3200,3000,21-Jan-25
915,Jalpaiguri,Belacoba,Onion,Nasik,FAQ,2850,2900,2900,14-Jan-25
916,Belgaum,Belgaum,Onion,Pusa-Red,Ref grade-1,1000,3000,2700,29-Jan-25
917,Nadia,Bethuadahari,Onion,Dry F.A.Q.,FAQ,3000,3200,3100,04-Jan-25
918,Nadia,Bethuadahari,Onion,Dry F.A.Q.,Non-FAQ,2500,2850,2650,22-Jan-25
919,Hanumangarh,Bhadara,Onion,1st Sort,FAQ,3000,3000,3000,03-Jan-25
920,Jhajar,Bahadurgarh,Onion,Other,Non-FAQ,1200,1600,1400,01-Feb-25
921,Bahraich,Bahraich,Onion,Red,FAQ,2200,2400,2300,03-Jan-25
922,Puruliya,Balarampur,Onion,Other,FAQ,2000,2400,2200,02-Jan-25
923,Thiruvananthapuram,Balarampuram,Onion,1st Sort,FAQ,4000,5000,5000,26-Jan-25
924,Faridabad,Ballabhgarh,Onion,Other,FAQ,1500,2000,1800,22-Jan-25
925,Ballia,Ballia,Onion,Red,FAQ,2100,2160,2140,29-Jan-25
926,Ballia,Ballia,Onion,Red,FAQ,2180,2240,2210,03-Jan-25
927,Ballia,Ballia,Onion,Red,FAQ,2430,2480,2450,14-Jan-25
928,Balotra,Balotra,Onion,1st Sort,FAQ,2400,2500,2450,15-Jan-25
929,Balrampur,Balrampur,Onion,Red,FAQ,2065,2285,2180,29-Jan-25
930,Balrampur,Balrampur,Onion,Red,FAQ,2100,2300,2200,28-Jan-25
931,Balrampur,Balrampur,Onion,Red,FAQ,2400,2600,2500,15-Jan-25
932,Balrampur,Balrampur,Onion,Red,FAQ,2500,2700,2600,11-Jan-25
933,Balrampur,Balrampur,Onion,Red,Non-FAQ,2050,2240,2150,30-Jan-25
934,Khurda,Balugaon,Onion,Other,FAQ,2500,3200,3000,09-Jan-25
935,Khurda,Balugaon,Onion,Other,FAQ,2600,3200,3000,01-Jan-25
936,Banda,Banda,Onion,Red,FAQ,1980,2125,2050,30-Jan-25
937,Banda,Banda,Onion,Red,FAQ,2220,2370,2300,21-Jan-25
938,Bangalore,Bangalore,Onion,Bangalore-Samall,FAQ,1000,2000,1500,01-Jan-25
939,Bangalore,Bangalore,Onion,Bangalore-Samall,FAQ,1500,2000,1700,18-Jan-25
940,Bangalore,Bangalore,Onion,Local,FAQ,2000,2500,2200,16-Jan-25
941,Bangalore,Bangalore,Onion,Onion,FAQ,2500,3000,2800,16-Jan-25
942,Bangalore,Bangalore,Onion,Onion,FAQ,2500,3000,2800,17-Jan-25
943,Unnao,Bangarmau,Onion,Red,FAQ,2060,2160,2110,01-Feb-25
944,Unnao,Bangarmau,Onion,Red,FAQ,2260,2360,2310,22-Jan-25
945,Unnao,Bangarmau,Onion,Red,FAQ,2280,2380,2330,19-Jan-25
946,Unnao,Bangarmau,Onion,Red,FAQ,2310,2410,2360,16-Jan-25
947,Unnao,Bangarmau,Onion,Red,FAQ,2380,2480,2430,15-Jan-25
948,Mohali,Banur,Onion,Other,FAQ,1700,1700,1700,14-Jan-25
949,Mohali,Banur,Onion,Other,FAQ,1900,3300,1900,02-Jan-25
950,Mohali,Banur,Onion,Other,FAQ,1900,3300,1900,06-Jan-25
951,Kolkata,Bara Bazar (Posta Bazar),Onion,Nasik,FAQ,2700,3000,2850,03-Jan-25
952,Kolkata,Bara Bazar (Posta Bazar),Onion,Nasik,FAQ,3000,3250,3150,24-Jan-25
953,Banka,Barahat,Onion,Medium,FAQ,3500,4000,3800,01-Feb-25
954,Banka,Barahat,Onion,Medium,FAQ,3500,4000,3800,22-Jan-25
955,Baran,Baran,Onion,Other,FAQ,400,800,600,11-Jan-25
956,Ambala,Barara,Onion,Other,FAQ,2500,2800,2800,11-Jan-25
957,Ambala,Barara,Onion,Other,FAQ,3000,3200,3200,04-Jan-25
958,North 24 Parganas,Barasat,Onion,Other,FAQ,3000,3000,3000,29-Jan-25
959,North 24 Parganas,Barasat,Onion,Other,FAQ,3200,3200,3200,10-Jan-25
960,Baghpat,Baraut,Onion,Red,FAQ,2300,2450,2350,19-Jan-25
961,Bareilly,Bareilly,Onion,Red,FAQ,2150,2200,2180,29-Jan-25
962,Bareilly,Bareilly,Onion,Red,FAQ,2200,2250,2230,22-Jan-25
963,Bareilly,Bareilly,Onion,Red,FAQ,2200,2300,2250,18-Jan-25
964,Bargarh,Bargarh(Barapalli),Onion,Other,FAQ,2100,2300,2200,30-Jan-25
965,Bargarh,Bargarh(Barapalli),Onion,Other,FAQ,3200,3400,3300,15-Jan-25
966,Muktsar,Bariwala,Onion,Nasik,Non-FAQ,2000,2300,2300,30-Jan-25
967,Sounth 24 Parganas,Baruipur(Canning),Onion,Other,FAQ,2800,3000,2900,02-Jan-25
968,Sounth 24 Parganas,Baruipur(Canning),Onion,Other,FAQ,2800,3000,2900,04-Jan-25
969,Sounth 24 Parganas,Baruipur(Canning),Onion,Other,FAQ,2800,3000,2900,19-Jan-25
970,Sounth 24 Parganas,Baruipur(Canning),Onion,Other,FAQ,2800,3000,2900,23-Jan-25
971,Sounth 24 Parganas,Baruipur(Canning),Onion,Other,FAQ,2900,3000,2950,17-Jan-25
972,Fazilka,Abohar,Onion,Onion,FAQ,2800,3600,3300,10-Jan-25
973,Sirohi,Abu Road,Onion,Other,FAQ,2075,2125,2100,02-Jan-25
974,Agra,Achnera,Onion,Red,FAQ,2180,2260,2220,07-Jan-25
975,Agra,Achnera,Onion,Red,FAQ,2180,2260,2220,09-Jan-25
976,Agra,Achnera,Onion,Red,FAQ,2200,2300,2250,23-Jan-25
977,Agra,Achnera,Onion,Red,FAQ,2320,2400,2360,11-Jan-25
978,Agra,Achnera,Onion,Red,FAQ,2320,2400,2360,18-Jan-25
979,Shajapur,Agar,Onion,Onion,FAQ,1500,1800,1800,11-Jan-25
980,Agra,Agra,Onion,Red,FAQ,2150,2500,2300,10-Jan-25
981,Agra,Agra,Onion,Red,FAQ,2200,2500,2350,17-Jan-25
982,Mirzapur,Ahirora,Onion,Red,FAQ,1700,1900,1800,07-Jan-25
983,Mirzapur,Ahirora,Onion,Red,FAQ,1800,2000,1900,11-Jan-25
984,Ahmedabad,Ahmedabad(Chimanbhai Patal Market Vasana),Onion,Local,FAQ,1000,2500,2300,18-Jan-25
985,Ahmedabad,Ahmedabad(Chimanbhai Patal Market Vasana),Onion,Nasik,FAQ,2000,3000,2750,27-Jan-25
986,Dharmapuri,AJattihalli(Uzhavar Sandhai ),Onion,Bellary,Local,4200,4400,4400,31-Jan-25
987,Dharmapuri,AJattihalli(Uzhavar Sandhai ),Onion,Bellary,Local,4600,4800,4800,01-Jan-25
988,Dharmapuri,AJattihalli(Uzhavar Sandhai ),Onion,Bellary,Local,4600,4800,4800,29-Jan-25
989,Ajmer,Ajmer(F&V),Onion,Other,FAQ,1000,2400,1800,30-Jan-25
990,Ajmer,Ajmer(F&V),Onion,Other,FAQ,1000,2400,2000,13-Jan-25
991,Ajmer,Ajmer(F&V),Onion,Other,FAQ,1300,2800,2200,17-Jan-25
992,Prayagraj,Ajuha,Onion,Red,FAQ,2100,2200,2150,15-Jan-25
993,Ambedkarnagar,Akbarpur,Onion,Red,FAQ,2400,2450,2430,07-Jan-25
994,Jammu,Akhnoor,Onion,Other,FAQ,2300,2700,2500,03-Jan-25
995,Jammu,Akhnoor,Onion,Other,Non-FAQ,2200,2600,2400,21-Jan-25
996,Sholapur,Akluj,Onion,Red,FAQ,300,2800,1780,12-Jan-25
997,Ambala,Ambala Cantt.,Onion,Other,FAQ,1600,2500,2000,28-Jan-25
998,Thirunelveli,Ambasamudram(Uzhavar Sandhai ),Onion,Bellary,Local,3300,4000,4000,14-Jan-25
999,Thirunelveli,Ambasamudram(Uzhavar Sandhai ),Onion,Bellary,Local,3300,4000,4000,16-Jan-25
1000,Thiruvellore,Ambattur(Uzhavar Sandhai ),Onion,Bellary,Local,5000,5000,5000,23-Jan-25
1001,Salem,Ammapet(Uzhavar Sandhai ),Onion,Bellary,Local,4500,5000,5000,24-Jan-25
1002,Salem,Ammapet(Uzhavar Sandhai ),Onion,Bellary,Local,4500,5000,5000,25-Jan-25
1003,Amarawati,Amrawati(Frui & Veg. Market),Onion,Red,FAQ,800,3200,2000,03-Jan-25
1004,Amarawati,Amrawati(Frui & Veg. Market),Onion,Red,FAQ,1000,2800,1900,21-Jan-25
1005,Madurai,Anaiyur(Uzhavar Sandhai ),Onion,Bellary,Local,4500,5000,5000,17-Jan-25
1006,Madurai,Anaiyur(Uzhavar Sandhai ),Onion,Bellary,Local,4800,5000,5000,28-Jan-25
1007,Madurai,Anaiyur(Uzhavar Sandhai ),Onion,Bellary,Local,4800,5200,5200,07-Jan-25
1008,Anand,"Anand(Veg,Yard,Anand)",Onion,Onion,FAQ,1500,2000,1700,21-Jan-25
1009,Anand,"Anand(Veg,Yard,Anand)",Onion,Onion,FAQ,1750,2500,2250,31-Jan-25
1010,Maharajganj,Anandnagar,Onion,Red,FAQ,2400,3000,2600,09-Jan-25
1011,Maharajganj,Anandnagar,Onion,Red,FAQ,2400,3000,2700,30-Jan-25
1012,Kollam,Anchal,Onion,Other,FAQ,4500,4700,4600,01-Feb-25
1013,Theni,Andipatti(Uzhavar Sandhai ),Onion,Bellary,Local,4000,4500,4500,04-Jan-25
1014,Ernakulam,Angamaly,Onion,Big,FAQ,4000,5000,4500,03-Jan-25
1015,Ernakulam,Angamaly,Onion,Big,FAQ,4000,5000,4500,24-Jan-25
1016,Madurai,Anna nagar(Uzhavar Sandhai ),Onion,Bellary,Local,4000,5600,5600,29-Jan-25
1017,Madurai,Anna nagar(Uzhavar Sandhai ),Onion,Bellary,Local,4600,5600,5600,20-Jan-25
1018,Bulandshahar,Anoop Shahar,Onion,Red,FAQ,1800,2200,2000,23-Jan-25
1019,Bulandshahar,Anoop Shahar,Onion,Red,FAQ,2100,2500,2300,30-Jan-25
1020,Bareilly,Anwala,Onion,Onion,FAQ,1700,2000,1800,17-Jan-25
1021,Bareilly,Anwala,Onion,Red,FAQ,1700,2000,1800,02-Jan-25
1022,Thiruvananthapuram,Aralamoodu,Onion,Onion,FAQ,5000,5000,5000,22-Jan-25
1023,Sirohi,Abu Road,Onion,Other,FAQ,2075,2125,2100,09-Jan-25
1024,Auraiya,Achalda,Onion,Red,FAQ,2000,2200,2100,24-Jan-25
1025,Auraiya,Achalda,Onion,Red,FAQ,2300,2400,2350,15-Jan-25
1026,Auraiya,Achalda,Onion,Red,FAQ,2300,2400,2350,16-Jan-25
1027,Auraiya,Achalda,Onion,Red,FAQ,2300,2400,2350,17-Jan-25
1028,Auraiya,Achalda,Onion,Red,FAQ,2300,2500,2450,10-Jan-25
1029,Shajapur,Agar,Onion,Onion,FAQ,1200,2475,2475,15-Jan-25
1030,Agra,Agra,Onion,Red,FAQ,2000,2300,2100,29-Jan-25
1031,Agra,Agra,Onion,Red,FAQ,2250,2550,2380,13-Jan-25
1032,Agra,Agra,Onion,Red,Non-FAQ,1550,1680,1600,31-Jan-25
1033,Agra,Agra,Onion,Red,Non-FAQ,1600,1700,1650,30-Jan-25
1034,Mirzapur,Ahirora,Onion,Red,FAQ,1800,2000,1900,05-Jan-25
1035,Mirzapur,Ahirora,Onion,Red,Non-FAQ,1600,1800,1700,18-Jan-25
1036,Ahmedabad,Ahmedabad(Chimanbhai Patal Market Vasana),Onion,Local,FAQ,1000,2400,2200,16-Jan-25
1037,Ahmedabad,Ahmedabad(Chimanbhai Patal Market Vasana),Onion,Local,FAQ,1200,2500,2250,29-Jan-25
1038,Ahmedabad,Ahmedabad(Chimanbhai Patal Market Vasana),Onion,Local,FAQ,1250,2500,2250,27-Jan-25
1039,Ahmedabad,Ahmedabad(Chimanbhai Patal Market Vasana),Onion,Nasik,FAQ,2800,3200,3000,17-Jan-25
1040,Dharmapuri,AJattihalli(Uzhavar Sandhai ),Onion,Bellary,Local,4400,4600,4600,10-Jan-25
1041,Ajmer,Ajmer(F&V),Onion,Other,FAQ,1000,3000,2000,09-Jan-25
1042,Ajmer,Ajmer(F&V),Onion,Other,FAQ,1200,3000,2100,02-Jan-25
1043,Prayagraj,Ajuha,Onion,Red,FAQ,1730,1870,1800,01-Feb-25
1044,Ambedkarnagar,Akbarpur,Onion,Red,FAQ,2300,2360,2350,14-Jan-25
1045,Ambedkarnagar,Akbarpur,Onion,Red,FAQ,2300,2360,2350,15-Jan-25
1046,Ambedkarnagar,Akbarpur,Onion,Red,FAQ,2300,2400,2350,12-Jan-25
1047,Ambedkarnagar,Akbarpur,Onion,Red,FAQ,2300,2450,2380,29-Jan-25
1048,Ambedkarnagar,Akbarpur,Onion,Red,FAQ,2440,2580,2510,03-Jan-25
1049,Jammu,Akhnoor,Onion,Other,FAQ,2400,2800,2600,07-Jan-25
1050,Jammu,Akhnoor,Onion,Other,FAQ,2400,2800,2600,09-Jan-25
1051,Akola,Akola,Onion,Other,FAQ,1000,2500,2000,15-Jan-25
1052,Akola,Akola,Onion,Other,FAQ,1500,2500,2000,11-Jan-25
1053,Akola,Akola,Onion,Other,FAQ,1500,2800,2000,23-Jan-25
1054,Akola,Akola,Onion,Other,FAQ,2000,3000,2500,08-Jan-25
1055,Akola,Akola,Onion,Other,Local,1500,2800,2000,27-Jan-25
1056,Aligarh,Aligarh,Onion,Red,FAQ,2200,2340,2290,29-Jan-25
1057,Aligarh,Aligarh,Onion,Red,FAQ,2300,2350,2320,19-Jan-25
1058,Aligarh,Aligarh,Onion,Red,FAQ,2300,2400,2360,16-Jan-25
1059,Alipurduar,Alipurduar,Onion,Other,FAQ,2800,3200,3000,15-Jan-25
1060,Alipurduar,Alipurduar,Onion,Other,Non-FAQ,2800,3000,2900,25-Jan-25
1061,Prayagraj,Allahabad,Onion,Red,FAQ,1870,2000,1930,22-Jan-25
1062,Prayagraj,Allahabad,Onion,Red,FAQ,1950,2050,1980,21-Jan-25
1063,Prayagraj,Allahabad,Onion,Red,FAQ,2000,2100,2020,20-Jan-25
1064,Prayagraj,Allahabad,Onion,Red,FAQ,2150,2270,2200,10-Jan-25
1065,Ernakulam,Aluva,Onion,Big,FAQ,3600,4000,3800,29-Jan-25
1066,Alwar,Alwar (F&V),Onion,Other,FAQ,1337,2268,1737,29-Jan-25
1067,Alwar,Alwar (F&V),Onion,Other,FAQ,1800,2600,2100,18-Jan-25
1068,Alwar,Alwar (F&V),Onion,Other,FAQ,1800,2600,2300,31-Jan-25
1069,Ambala,Ambala Cantt.,Onion,Other,FAQ,1600,2600,2200,22-Jan-25
1070,Ambala,Ambala City,Onion,Onion,FAQ,2500,3000,2800,24-Jan-25
1071,Thirunelveli,Ambasamudram(Uzhavar Sandhai ),Onion,Bellary,Local,3300,4000,4000,28-Jan-25
1072,Thirunelveli,Ambasamudram(Uzhavar Sandhai ),Onion,Bellary,Local,3800,4500,4500,20-Jan-25
1073,Thirunelveli,Ambasamudram(Uzhavar Sandhai ),Onion,Bellary,Local,3800,4500,4500,24-Jan-25
1074,Thiruvellore,Ambattur(Uzhavar Sandhai ),Onion,Bellary,Local,4000,4000,4000,01-Jan-25
1075,Fazilka,Abohar,Onion,Onion,FAQ,3100,3600,3500,09-Jan-25
1076,Sirohi,Abu Road,Onion,Other,FAQ,2275,2325,2300,29-Jan-25
1077,Auraiya,Achalda,Onion,Red,FAQ,2000,2200,2100,31-Jan-25
1078,Agra,Achnera,Onion,Red,FAQ,2330,2400,2370,01-Jan-25
1079,Shajapur,Agar,Onion,Onion,FAQ,1328,2100,2100,23-Jan-25
1080,Agra,Agra,Onion,Red,FAQ,2000,2400,2180,25-Jan-25
1081,Ahmedabad,Ahmedabad(Chimanbhai Patal Market Vasana),Onion,Local,FAQ,1000,2200,1600,17-Jan-25
1082,Ahmedabad,Ahmedabad(Chimanbhai Patal Market Vasana),Onion,Nasik,FAQ,2000,3200,2950,20-Jan-25
1083,Dharmapuri,AJattihalli(Uzhavar Sandhai ),Onion,Bellary,Local,4200,4400,4400,11-Jan-25
1084,Dharmapuri,AJattihalli(Uzhavar Sandhai ),Onion,Bellary,Local,4600,4800,4800,02-Jan-25
1085,Ajmer,Ajmer(F&V),Onion,Other,FAQ,1000,2400,1700,24-Jan-25
1086,Ajmer,Ajmer(F&V),Onion,Other,FAQ,1000,2600,2000,31-Jan-25
1087,Prayagraj,Ajuha,Onion,Red,FAQ,1820,1980,1900,30-Jan-25
1088,Prayagraj,Ajuha,Onion,Red,FAQ,2040,2170,2100,05-Jan-25
1089,Jammu,Akhnoor,Onion,Other,FAQ,2300,2700,2500,14-Jan-25
1090,Jammu,Akhnoor,Onion,Other,Non-FAQ,2100,2500,2300,17-Jan-25
1091,Jammu,Akhnoor,Onion,Other,Non-FAQ,2100,2500,2300,20-Jan-25
1092,Sholapur,Akluj,Onion,Red,FAQ,350,2700,1600,10-Jan-25
1093,Akola,Akola,Onion,Other,FAQ,1500,2500,2000,14-Jan-25
1094,Akola,Akola,Onion,Other,FAQ,1500,2500,2000,22-Jan-25
1095,Akola,Akola,Onion,Other,FAQ,1500,2800,2500,21-Jan-25
1096,Akola,Akola,Onion,Other,Local,2000,2800,2500,31-Jan-25
1097,Aligarh,Aligarh,Onion,Red,FAQ,2000,2200,2100,05-Jan-25
1098,Aligarh,Aligarh,Onion,Red,FAQ,2300,2500,2400,01-Jan-25
1099,Aligarh,Aligarh,Onion,Red,FAQ,2300,2500,2400,10-Jan-25
1100,Aligarh,Aligarh,Onion,Red,Non-FAQ,2300,2400,2350,17-Jan-25
1101,Alipurduar,Alipurduar,Onion,Other,FAQ,3200,3400,3300,12-Jan-25
1102,Alipurduar,Alipurduar,Onion,Other,Non-FAQ,2500,2800,2600,24-Jan-25
1103,Alipurduar,Alipurduar,Onion,Other,Non-FAQ,2900,3200,3000,31-Jan-25
1104,Prayagraj,Allahabad,Onion,Red,FAQ,2000,2150,2075,07-Jan-25
1105,Prayagraj,Allahabad,Onion,Red,FAQ,2120,2250,2180,14-Jan-25
1106,Ambala,Ambala Cantt.,Onion,Other,FAQ,1200,2200,1500,03-Jan-25
1107,Ambala,Ambala Cantt.,Onion,Other,FAQ,1600,2600,2200,18-Jan-25
1108,Thirunelveli,Ambasamudram(Uzhavar Sandhai ),Onion,Bellary,Local,3300,4000,4000,03-Jan-25
1109,Thiruvellore,Ambattur(Uzhavar Sandhai ),Onion,Bellary,Local,5000,5000,5000,07-Jan-25
1110,Thiruvellore,Ambattur(Uzhavar Sandhai ),Onion,Bellary,Local,6000,6000,6000,09-Jan-25
1111,Salem,Ammapet(Uzhavar Sandhai ),Onion,Bellary,Local,4500,5000,5000,21-Jan-25
1112,Salem,Ammapet(Uzhavar Sandhai ),Onion,Bellary,Local,4500,5000,5000,22-Jan-25
1113,Salem,Ammapet(Uzhavar Sandhai ),Onion,Bellary,Local,4500,5000,5000,30-Jan-25
1114,Amarawati,Amrawati(Frui & Veg. Market),Onion,Red,FAQ,1000,2600,1800,20-Jan-25
1115,Amritsar,Amritsar(Amritsar Mewa Mandi),Onion,Onion,FAQ,900,2100,1200,15-Jan-25
1116,Amroha,Amroha,Onion,Red,FAQ,2100,2500,2300,13-Jan-25
1117,Amroha,Amroha,Onion,Red,FAQ,2160,2350,2250,17-Jan-25
1118,Amroha,Amroha,Onion,Red,FAQ,2250,2380,2310,12-Jan-25
1119,Madurai,Anaiyur(Uzhavar Sandhai ),Onion,Bellary,Local,4500,5000,5000,12-Jan-25
1120,Maharajganj,Anandnagar,Onion,Red,FAQ,2400,3000,2700,31-Jan-25
1121,Maharajganj,Anandnagar,Onion,Red,FAQ,2500,3000,2800,25-Jan-25
1122,Kollam,Anchal,Onion,Other,FAQ,4600,4800,4700,13-Jan-25
1123,Kollam,Anchal,Onion,Other,FAQ,5400,5600,5500,26-Jan-25
1124,Theni,Andipatti(Uzhavar Sandhai ),Onion,Bellary,Local,4000,4500,4500,08-Jan-25
1125,Theni,Andipatti(Uzhavar Sandhai ),Onion,Bellary,Local,4000,4500,4500,22-Jan-25
1126,Madurai,Anaiyur(Uzhavar Sandhai ),Onion,Bellary,Local,4500,5000,5000,24-Jan-25
1127,Madurai,Anaiyur(Uzhavar Sandhai ),Onion,Bellary,Local,4800,5200,5200,09-Jan-25
1128,Anand,"Anand(Veg,Yard,Anand)",Onion,Onion,FAQ,1500,2500,2000,23-Jan-25
1129,Kollam,Anchal,Onion,Other,FAQ,3500,3700,3600,30-Jan-25
1130,Theni,Andipatti(Uzhavar Sandhai ),Onion,Bellary,Local,3500,4000,4000,14-Jan-25
1131,Theni,Andipatti(Uzhavar Sandhai ),Onion,Bellary,Local,3500,4000,4000,15-Jan-25
1132,Theni,Andipatti(Uzhavar Sandhai ),Onion,Bellary,Local,3500,4000,4000,18-Jan-25
1133,Theni,Andipatti(Uzhavar Sandhai ),Onion,Bellary,Local,4000,4500,4500,20-Jan-25
1134,Ernakulam,Angamaly,Onion,Big,FAQ,4000,5000,4500,02-Jan-25
1135,Ernakulam,Angamaly,Onion,Big,FAQ,4200,5000,4500,12-Jan-25
1136,Ernakulam,Angamaly,Onion,Big,Non-FAQ,4000,5000,4500,21-Jan-25
1137,Ernakulam,Angamaly,Onion,Big,Non-FAQ,4200,5500,5000,19-Jan-25
1138,Bulandshahar,Anoop Shahar,Onion,Red,FAQ,1600,2000,1800,08-Jan-25
1139,Bulandshahar,Anoop Shahar,Onion,Red,FAQ,1600,2000,1800,19-Jan-25
1140,Thiruvananthapuram,Aralamoodu,Onion,Onion,FAQ,4500,5500,5000,04-Jan-25
1141,Pudukkottai,Aranthangi(Uzhavar Sandhai ),Onion,Bellary,Local,4000,4500,4500,12-Jan-25
1142,Pudukkottai,Aranthangi(Uzhavar Sandhai ),Onion,Bellary,Local,4000,5000,5000,30-Jan-25
1143,Pudukkottai,Aranthangi(Uzhavar Sandhai ),Onion,Bellary,Local,4500,5000,5000,14-Jan-25
1144,Hassan,Arasikere,Onion,Onion,FAQ,2100,2100,2100,02-Jan-25
1145,Ranipet,Arcot(Uzhavar Sandhai ),Onion,Bellary,Local,4000,4500,4500,01-Feb-25
1146,Ariyalur,Ariyalur(Uzhavar Sandhai),Onion,Bellary,Local,4000,4600,4600,14-Jan-25
1147,Alappuzha,Aroor,Onion,Big,FAQ,4000,4200,4100,04-Jan-25
1148,Alappuzha,Aroor,Onion,Small,FAQ,7800,8000,7900,02-Jan-25
1149,Alappuzha,Aroor,Onion,Small,FAQ,9800,10000,9900,15-Jan-25
1150,Alappuzha,Aroor,Onion,Small,FAQ,10000,12000,11000,01-Feb-25
1151,Virudhunagar,Aruppukottai(Uzhavar Sandhai ),Onion,Bellary,Local,3500,4000,4000,06-Jan-25
1152,Paschim Bardhaman,Asansol,Onion,Nasik,FAQ,2500,2700,2650,01-Jan-25
1153,Paschim Bardhaman,Asansol,Onion,Nasik,FAQ,2700,3000,2850,25-Jan-25
1154,Paschim Bardhaman,Asansol,Onion,Nasik,FAQ,2950,3200,3050,13-Jan-25
1155,Anantnag,Ashahipora (Anantnagh),Onion,Other,FAQ,2800,3000,2900,01-Feb-25
1156,Banda,Atarra,Onion,Red,FAQ,2245,2445,2345,20-Jan-25
1157,Banda,Atarra,Onion,Red,FAQ,2315,2480,2400,07-Jan-25
1158,Kottayam,Athirampuzha,Onion,Big,FAQ,4000,4200,4100,03-Jan-25
1159,Salem,Athur(Uzhavar Sandhai ),Onion,Bellary,Local,4000,6000,6000,07-Jan-25
1160,Salem,Attayampatti(Uzhavar Sandhai ),Onion,Bellary,Local,5000,5600,5600,15-Jan-25
1161,Salem,Attayampatti(Uzhavar Sandhai ),Onion,Bellary,Local,5000,6000,6000,05-Jan-25
1162,Salem,Attayampatti(Uzhavar Sandhai ),Onion,Bellary,Local,5500,6000,6000,27-Jan-25
1163,Salem,Attayampatti(Uzhavar Sandhai ),Onion,Bellary,Local,5500,6000,6000,28-Jan-25
1164,Auraiya,Auraiya,Onion,Red,FAQ,2000,2200,2100,24-Jan-25
1165,Auraiya,Auraiya,Onion,Red,FAQ,2150,2420,2320,16-Jan-25
1166,Auraiya,Auraiya,Onion,Red,FAQ,2250,2450,2350,07-Jan-25
1167,Auraiya,Auraiya,Onion,Red,Non-FAQ,1900,2040,2000,01-Feb-25
1168,Etah,Awagarh,Onion,Red,Non-FAQ,1000,1500,1100,21-Jan-25
1169,Delhi,Azadpur,Onion,Onion,FAQ,875,3000,1969,20-Jan-25
1170,Delhi,Azadpur,Onion,Onion,FAQ,1000,2750,1792,10-Jan-25
1171,Azamgarh,Azamgarh,Onion,Red,FAQ,2175,2325,2245,24-Jan-25
1172,Azamgarh,Azamgarh,Onion,Red,FAQ,2175,2325,2250,04-Jan-25
1173,Azamgarh,Azamgarh,Onion,Red,FAQ,2200,2300,2250,25-Jan-25
1174,Raebarelli,Bachranwa,Onion,Red,FAQ,2400,2500,2450,14-Jan-25
1175,Badaun,Badayoun,Onion,Nasik,FAQ,2140,2310,2240,06-Jan-25
1176,Madurai,Anna nagar(Uzhavar Sandhai ),Onion,Bellary,Local,4000,5600,5600,30-Jan-25
1177,Madurai,Anna nagar(Uzhavar Sandhai ),Onion,Bellary,Local,5600,5600,5600,12-Jan-25
1178,Madurai,Anna nagar(Uzhavar Sandhai ),Onion,Bellary,Local,6000,6000,6000,05-Jan-25
1179,Bulandshahar,Anoop Shahar,Onion,Red,FAQ,1600,2000,1800,11-Jan-25
1180,Bulandshahar,Anoop Shahar,Onion,Red,FAQ,1600,2000,1800,24-Jan-25
1181,Bulandshahar,Anoop Shahar,Onion,Red,FAQ,1800,2200,2000,13-Jan-25
1182,Bulandshahar,Anoop Shahar,Onion,Red,FAQ,2000,2400,2200,28-Jan-25
1183,Bareilly,Anwala,Onion,Red,FAQ,1800,2200,2000,31-Jan-25
1184,Thiruvannamalai,Arani(Uzhavar Sandhai ),Onion,Bellary,Local,3500,4000,4000,04-Jan-25
1185,Thiruvannamalai,Arani(Uzhavar Sandhai ),Onion,Bellary,Local,3500,4000,4000,19-Jan-25
1186,Thiruvannamalai,Arani(Uzhavar Sandhai ),Onion,Bellary,Local,3600,4500,4500,30-Jan-25
1187,Pudukkottai,Aranthangi(Uzhavar Sandhai ),Onion,Bellary,Local,4000,4500,4500,05-Jan-25
1188,Pudukkottai,Aranthangi(Uzhavar Sandhai ),Onion,Bellary,Local,4000,4500,4500,24-Jan-25
1189,Ranipet,Arcot(Uzhavar Sandhai ),Onion,Bellary,Local,4000,4200,4200,17-Jan-25
1190,Ranipet,Arcot(Uzhavar Sandhai ),Onion,Bellary,Local,4000,4500,4500,20-Jan-25
1191,Ranipet,Arcot(Uzhavar Sandhai ),Onion,Bellary,Local,4000,4600,4600,13-Jan-25
1192,Ariyalur,Ariyalur(Uzhavar Sandhai),Onion,Bellary,Local,4400,4600,4600,21-Jan-25
1193,Alappuzha,Aroor,Onion,Big,FAQ,4200,4400,4300,13-Jan-25
1194,Paschim Bardhaman,Asansol,Onion,Nasik,FAQ,2850,3200,3050,09-Jan-25
1195,Anantnag,Ashahipora (Anantnagh),Onion,Other,FAQ,3200,3400,3300,02-Jan-25
1196,Banda,Atarra,Onion,Red,FAQ,2250,2410,2330,11-Jan-25
1197,Kottayam,Athirampuzha,Onion,Big,FAQ,4000,4200,4100,04-Jan-25
1198,Salem,Athur(Uzhavar Sandhai ),Onion,Bellary,Local,4000,5500,5500,15-Jan-25
1199,Salem,Athur(Uzhavar Sandhai ),Onion,Bellary,Local,4000,5500,5500,22-Jan-25
1200,Salem,Athur(Uzhavar Sandhai ),Onion,Bellary,Local,4000,6000,6000,27-Jan-25
1201,Salem,Attayampatti(Uzhavar Sandhai ),Onion,Bellary,Local,5000,5400,5400,30-Jan-25
1202,Auraiya,Auraiya,Onion,Red,FAQ,1900,2150,2050,25-Jan-25
1203,Krishnagiri,Avallapalli(Uzhavar Sandhai ),Onion,Bellary,Local,3500,4000,4000,18-Jan-25
1204,Azamgarh,Azamgarh,Onion,Red,FAQ,2400,2550,2475,10-Jan-25
1205,Raebarelli,Bachranwa,Onion,Red,FAQ,2400,2500,2450,18-Jan-25
1206,Raebarelli,Bachranwa,Onion,Red,FAQ,2450,2515,2500,12-Jan-25
1207,Raebarelli,Bachranwa,Onion,Red,FAQ,2450,2575,2500,16-Jan-25
1208,Raebarelli,Bachranwa,Onion,Red,FAQ,2550,2650,2600,07-Jan-25
1209,Badaun,Badayoun,Onion,Nasik,FAQ,2140,2320,2260,10-Jan-25
1210,Badaun,Badayoun,Onion,Nasik,FAQ,2180,2320,2250,18-Jan-25
1211,Badaun,Badayoun,Onion,Nasik,FAQ,2180,2330,2260,15-Jan-25
1212,Badaun,Badayoun,Onion,Nasik,FAQ,2270,2420,2350,02-Jan-25
1213,Badwani,Badwani(F&V),Onion,Onion,FAQ,1800,1800,1800,03-Jan-25
1214,Bagalkot,Bagalakot,Onion,Onion,FAQ,550,3300,2000,25-Jan-25
1215,Bagalkot,Bagalakot,Onion,Onion,FAQ,1200,4000,3000,04-Jan-25
1216,Chikmagalur,Bagepalli,Onion,Onion,FAQ,2500,3500,2800,05-Jan-25
1217,Chikmagalur,Bagepalli,Onion,Onion,FAQ,3000,4000,3600,07-Jan-25
1218,Moga,Baghapurana,Onion,Local,FAQ,2000,3000,2500,17-Jan-25
1219,Bahraich,Bahraich,Onion,Red,FAQ,2500,2700,2600,11-Jan-25
1220,Bahraich,Bahraich,Onion,Red,Non-FAQ,1850,2075,1950,30-Jan-25
1221,Thiruvananthapuram,Balarampuram,Onion,1st Sort,FAQ,4000,5000,4000,21-Jan-25
1222,Faridabad,Ballabhgarh,Onion,Other,FAQ,800,1200,1000,04-Jan-25
1223,Faridabad,Ballabhgarh,Onion,Other,FAQ,1000,1800,1500,08-Jan-25
1224,Faridabad,Ballabhgarh,Onion,Other,FAQ,1200,1800,1500,14-Jan-25
1225,Faridabad,Ballabhgarh,Onion,Other,FAQ,1200,2000,1500,13-Jan-25
1226,Jaipur Rural,Bassi,Onion,Other,FAQ,4200,4400,4300,07-Jan-25
1227,Jaipur Rural,Bassi,Onion,Other,Non-FAQ,3800,4200,4000,01-Feb-25
1228,Jaipur Rural,Bassi,Onion,Other,Non-FAQ,4400,4800,4600,21-Jan-25
1229,Basti,Basti,Onion,Red,FAQ,2250,2350,2300,13-Jan-25
1230,Basti,Basti,Onion,Red,FAQ,2250,2400,2315,19-Jan-25
1231,Gurdaspur,Batala,Onion,Other,FAQ,2500,2900,2800,14-Jan-25
1232,Gurdaspur,Batala,Onion,Other,FAQ,2500,3000,2800,09-Jan-25
1233,Bhatinda,Bathinda,Onion,Other,FAQ,2000,2500,2000,20-Jan-25
1234,Bhatinda,Bathinda,Onion,Other,FAQ,2000,2500,2000,28-Jan-25
1235,Jammu,Batote,Onion,Other,FAQ,2400,2800,2600,03-Jan-25
1236,Jammu,Batote,Onion,Other,FAQ,2500,3000,2750,01-Jan-25
1237,Nadia,Bethuadahari,Onion,Dry F.A.Q.,FAQ,2700,2950,2800,01-Feb-25
1238,Nadia,Bethuadahari,Onion,Dry F.A.Q.,FAQ,2700,3000,2800,21-Jan-25
1239,Nadia,Bethuadahari,Onion,Dry F.A.Q.,Non-FAQ,2600,2925,2800,25-Jan-25
1240,Hanumangarh,Bhadara,Onion,1st Sort,FAQ,2000,2500,2222,17-Jan-25
1241,Hanumangarh,Bhadara,Onion,1st Sort,FAQ,2000,3000,2675,07-Jan-25
1242,Hanumangarh,Bhadara,Onion,1st Sort,FAQ,2500,2800,2650,15-Jan-25
1243,Hamirpur,Bharuasumerpur,Onion,Red,FAQ,2300,2400,2375,18-Jan-25
1244,Bharuch,Bharuch,Onion,Other,FAQ,1200,2500,2000,16-Jan-25
1245,Kaushambi,Bharwari,Onion,Red,FAQ,1800,1990,1915,22-Jan-25
1246,Bhavnagar,Bhavnagar,Onion,Red,FAQ,800,2455,1630,23-Jan-25
1247,Bhavnagar,Bhavnagar,Onion,Red,FAQ,800,2470,1635,09-Jan-25
1248,Sangrur,Bhawanigarh,Onion,Other,FAQ,1500,1700,1600,05-Jan-25
1249,Sangrur,Bhawanigarh,Onion,Other,FAQ,1500,2000,1750,31-Jan-25
1250,Sangrur,Bhawanigarh,Onion,Other,FAQ,1700,1900,1800,08-Jan-25
1251,Sangrur,Bhawanigarh,Onion,Other,FAQ,1800,2000,1900,29-Jan-25
1252,Sangrur,Bhawanigarh,Onion,Other,FAQ,2000,2000,2000,18-Jan-25
1253,Kalahandi,Bhawanipatna,Onion,Local,FAQ,4920,4920,4920,21-Jan-25
1254,Shravasti,Bhinga,Onion,Red,FAQ,2000,2340,2175,29-Jan-25
1255,Shravasti,Bhinga,Onion,Red,FAQ,2150,2400,2280,17-Jan-25
1256,Bhatinda,Bhucho,Onion,Other,FAQ,1600,2000,1700,29-Jan-25
1257,Jalgaon,Bhusaval,Onion,Red,FAQ,1000,1500,1200,15-Jan-25
1258,Jalgaon,Bhusaval,Onion,Red,FAQ,1800,2500,2200,05-Jan-25
1259,Jalgaon,Bhusaval,Onion,Red,FAQ,2000,2500,2200,04-Jan-25
1260,Bijnor,Bijnaur,Onion,Red,FAQ,2070,2100,2090,29-Jan-25
1261,Bijnor,Bijnaur,Onion,Red,FAQ,2075,2150,2100,27-Jan-25
1262,Bijnor,Bijnaur,Onion,Red,FAQ,2180,2250,2220,20-Jan-25
1263,Bijnor,Bijnaur,Onion,Red,FAQ,2350,2400,2370,03-Jan-25
1264,Bikaner,Bikaner (F&V),Onion,Other,FAQ,1400,1600,1500,20-Jan-25
1265,Bilaspur,Bilaspur,Onion,Other,FAQ,2800,3200,3100,13-Jan-25
1266,Jalandhar,Bilga,Onion,Other,FAQ,2300,2500,2400,16-Jan-25
1267,Navsari,Bilimora,Onion,Nasik,FAQ,2250,2800,2500,05-Jan-25
1268,Sepahijala,Bishalgarh,Onion,Nasik,FAQ,4300,4500,4400,09-Jan-25
1269,Sepahijala,Bishalgarh,Onion,Nasik,FAQ,4300,4500,4400,10-Jan-25
1270,Sepahijala,Bishalgarh,Onion,Nasik,FAQ,4800,5000,4900,05-Jan-25
1271,Bishnupur,Bishenpur,Onion,Onion,FAQ,5500,6000,5750,06-Jan-25
1272,Bankura,Bishnupur(Bankura),Onion,Nasik,FAQ,2500,3500,3200,12-Jan-25
1273,Sepahijala,Bishramganj,Onion,Nasik,FAQ,4300,4500,4400,14-Jan-25
1274,Sepahijala,Bishramganj,Onion,Nasik,FAQ,4300,4500,4400,17-Jan-25
1275,Sepahijala,Bishramganj,Onion,Nasik,FAQ,4500,5000,4800,05-Jan-25
1276,Theni,Bodinayakanur(Uzhavar Sandhai ),Onion,Bellary,Local,4200,4700,4700,08-Jan-25
1277,Birbhum,Bolpur,Onion,Onion,FAQ,2400,2600,2500,03-Jan-25
1278,Birbhum,Bolpur,Onion,Onion,FAQ,2600,2800,2700,21-Jan-25
1279,Bulandshahar,Anoop Shahar,Onion,Red,FAQ,1600,2000,1800,17-Jan-25
1280,Bareilly,Anwala,Onion,Red,FAQ,1700,2000,1800,16-Jan-25
1281,Bareilly,Anwala,Onion,Red,FAQ,1800,2200,2000,29-Jan-25
1282,Thiruvannamalai,Arani(Uzhavar Sandhai ),Onion,Bellary,Local,4000,4800,4800,13-Jan-25
1283,Thiruvannamalai,Arani(Uzhavar Sandhai ),Onion,Bellary,Local,4200,4800,4800,28-Jan-25
1284,Pudukkottai,Aranthangi(Uzhavar Sandhai ),Onion,Bellary,Local,4000,4500,4500,18-Jan-25
1285,Pudukkottai,Aranthangi(Uzhavar Sandhai ),Onion,Bellary,Local,4000,5000,5000,07-Jan-25
1286,Pudukkottai,Aranthangi(Uzhavar Sandhai ),Onion,Bellary,Local,4500,5000,5000,25-Jan-25
1287,Ranipet,Arcot(Uzhavar Sandhai ),Onion,Bellary,Local,4500,4500,4500,22-Jan-25
1288,Ariyalur,Ariyalur(Uzhavar Sandhai),Onion,Bellary,Local,4500,5400,5400,23-Jan-25
1289,Alappuzha,Aroor,Onion,Big,FAQ,4200,4400,4300,02-Jan-25
1290,Alappuzha,Aroor,Onion,Big,FAQ,4200,4400,4300,11-Jan-25
1291,Alappuzha,Aroor,Onion,Big,FAQ,4400,4600,4500,09-Jan-25
1292,Alappuzha,Aroor,Onion,Small,FAQ,9000,9200,9100,09-Jan-25
1293,Alappuzha,Aroor,Onion,Small,FAQ,9600,9800,9700,10-Jan-25
1294,Alappuzha,Aroor,Onion,Small,FAQ,9600,9800,9700,16-Jan-25
1295,Alappuzha,Aroor,Onion,Small,FAQ,10000,10300,10200,29-Jan-25
1296,Alappuzha,Aroor,Onion,Small,FAQ,11800,12000,11900,14-Jan-25
1297,Alappuzha,Aroor,Onion,Small,Non-FAQ,10000,10300,10200,21-Jan-25
1298,Virudhunagar,Aruppukottai(Uzhavar Sandhai ),Onion,Bellary,Local,4000,4500,4500,21-Jan-25
1299,Paschim Bardhaman,Asansol,Onion,Nasik,FAQ,2500,2750,2600,16-Jan-25
1300,Paschim Bardhaman,Asansol,Onion,Nasik,FAQ,2850,3000,2900,30-Jan-25
1301,Anantnag,Ashahipora (Anantnagh),Onion,Other,FAQ,2700,2900,2800,24-Jan-25
1302,Banda,Atarra,Onion,Red,FAQ,2245,2445,2345,12-Jan-25
1303,Kottayam,Athirampuzha,Onion,Big,FAQ,3400,3600,3500,15-Jan-25
1304,Kottayam,Athirampuzha,Onion,Big,FAQ,3500,3700,3600,28-Jan-25
1305,Salem,Athur(Uzhavar Sandhai ),Onion,Bellary,Local,4000,5400,5400,30-Jan-25
1306,Salem,Athur(Uzhavar Sandhai ),Onion,Bellary,Local,4000,5500,5500,28-Jan-25
1307,Salem,Athur(Uzhavar Sandhai ),Onion,Bellary,Local,5000,5500,5500,08-Jan-25
1308,Auraiya,Auraiya,Onion,Red,FAQ,2000,2200,2100,26-Jan-25
1309,Auraiya,Auraiya,Onion,Red,FAQ,2100,2350,2250,19-Jan-25
1310,Auraiya,Auraiya,Onion,Red,FAQ,2300,2500,2400,14-Jan-25
1311,Auraiya,Auraiya,Onion,Red,FAQ,2300,2550,2450,09-Jan-25
1312,Krishnagiri,Avallapalli(Uzhavar Sandhai ),Onion,Bellary,Local,3500,4000,4000,16-Jan-25
1313,Krishnagiri,Avallapalli(Uzhavar Sandhai ),Onion,Bellary,Local,3500,4000,4000,21-Jan-25
1314,Krishnagiri,Avallapalli(Uzhavar Sandhai ),Onion,Bellary,Local,4000,4500,4500,04-Jan-25
1315,Krishnagiri,Avallapalli(Uzhavar Sandhai ),Onion,Bellary,Local,4000,4500,4500,06-Jan-25
1316,Etah,Awagarh,Onion,Red,Non-FAQ,1200,1500,1300,22-Jan-25
1317,Delhi,Azadpur,Onion,Onion,FAQ,875,3000,1969,23-Jan-25
1318,Delhi,Azadpur,Onion,Onion,FAQ,1000,2750,1792,09-Jan-25
1319,Delhi,Azadpur,Onion,Onion,FAQ,1000,2750,1792,13-Jan-25
1320,Azamgarh,Azamgarh,Onion,Red,FAQ,2275,2425,2350,07-Jan-25
1321,Raebarelli,Bachranwa,Onion,Red,FAQ,2300,2400,2350,29-Jan-25
1322,Raebarelli,Bachranwa,Onion,Red,FAQ,2500,2550,2515,17-Jan-25
1323,Raebarelli,Bachranwa,Onion,Red,FAQ,2600,2700,2650,03-Jan-25
1324,Badaun,Badayoun,Onion,Nasik,FAQ,2220,2370,2300,04-Jan-25
1325,Chikmagalur,Bagepalli,Onion,Onion,FAQ,2000,3500,3000,22-Jan-25
1326,Baghpat,Bagpat,Onion,Onion,FAQ,2000,2400,2200,21-Jan-25
1327,Jhajar,Bahadurgarh,Onion,Other,FAQ,2000,3000,2500,18-Jan-25
1328,Jhajar,Bahadurgarh,Onion,Other,FAQ,2200,2500,2400,21-Jan-25
1329,Bahraich,Bahraich,Onion,Red,FAQ,2075,2350,2200,30-Jan-25
1330,Fazilka,Abohar,Onion,Onion,FAQ,3000,3700,3500,11-Jan-25
1331,Auraiya,Achalda,Onion,Red,FAQ,2000,2200,2100,01-Feb-25
1332,Auraiya,Achalda,Onion,Red,FAQ,2000,2200,2110,28-Jan-25
1333,Auraiya,Achalda,Onion,Red,FAQ,2200,2400,2300,09-Jan-25
1334,Auraiya,Achalda,Onion,Red,FAQ,2600,2800,2700,01-Jan-25
1335,Agra,Achnera,Onion,Red,FAQ,1950,2050,2000,01-Feb-25
1336,Agra,Achnera,Onion,Red,FAQ,2140,2220,2180,25-Jan-25
1337,Agra,Achnera,Onion,Red,FAQ,2250,2330,2290,10-Jan-25
1338,Shajapur,Agar,Onion,Onion,FAQ,500,1625,1600,08-Jan-25
1339,Agra,Agra,Onion,Red,FAQ,2200,2500,2300,02-Jan-25
1340,Mirzapur,Ahirora,Onion,Red,FAQ,1800,2000,1900,15-Jan-25
1341,Ahmedabad,Ahmedabad(Chimanbhai Patal Market Vasana),Onion,Local,FAQ,1000,2300,2100,31-Jan-25
1342,Ahmedabad,Ahmedabad(Chimanbhai Patal Market Vasana),Onion,Local,FAQ,1000,2500,2000,01-Feb-25
1343,Ahmedabad,Ahmedabad(Chimanbhai Patal Market Vasana),Onion,Nasik,FAQ,2000,3200,3000,18-Jan-25
1344,Dharmapuri,AJattihalli(Uzhavar Sandhai ),Onion,Bellary,Local,4000,4200,4200,17-Jan-25
1345,Dharmapuri,AJattihalli(Uzhavar Sandhai ),Onion,Bellary,Local,4400,4600,4600,23-Jan-25
1346,Ambedkarnagar,Akbarpur,Onion,Red,FAQ,2300,2380,2360,26-Jan-25
1347,Ambedkarnagar,Akbarpur,Onion,Red,FAQ,2480,2600,2530,02-Jan-25
1348,Jammu,Akhnoor,Onion,Other,FAQ,2400,2800,2600,10-Jan-25
1349,Akola,Akola,Onion,Other,FAQ,1500,2800,2500,24-Jan-25
1350,Akola,Akola,Onion,Other,FAQ,2000,3500,2500,04-Jan-25
1351,Alipurduar,Alipurduar,Onion,Other,FAQ,2900,3100,3000,30-Jan-25
1352,Alipurduar,Alipurduar,Onion,Other,Non-FAQ,2600,3000,2800,20-Jan-25
1353,Alipurduar,Alipurduar,Onion,Other,Non-FAQ,2900,3400,3200,27-Jan-25
1354,Prayagraj,Allahabad,Onion,Red,FAQ,1900,2050,2000,30-Jan-25
1355,Prayagraj,Allahabad,Onion,Red,FAQ,2150,2300,2200,13-Jan-25
1356,Ernakulam,Aluva,Onion,Big,FAQ,3000,4000,3500,14-Jan-25
1357,Ernakulam,Aluva,Onion,Big,FAQ,3800,4500,4200,06-Jan-25
1358,Ernakulam,Aluva,Onion,Big,FAQ,4000,4500,4300,02-Jan-25
1359,Alwar,Alwar (F&V),Onion,Other,FAQ,1250,2527,1875,02-Jan-25
1360,Ambala,Ambala Cantt.,Onion,Other,FAQ,1200,2200,1800,08-Jan-25
1361,Ambala,Ambala City,Onion,Onion,FAQ,2200,2750,2500,21-Jan-25
1362,Ambala,Ambala City(Subji Mandi),Onion,Other,FAQ,2000,2500,2200,22-Jan-25
1363,Ambala,Ambala City(Subji Mandi),Onion,Other,FAQ,2100,2700,2500,23-Jan-25
1364,Thirunelveli,Ambasamudram(Uzhavar Sandhai ),Onion,Bellary,Local,3200,3800,3800,17-Jan-25
1365,Thirunelveli,Ambasamudram(Uzhavar Sandhai ),Onion,Bellary,Local,3300,4000,4000,05-Jan-25
1366,Thirunelveli,Ambasamudram(Uzhavar Sandhai ),Onion,Bellary,Local,3300,4000,4000,08-Jan-25
1367,Thirunelveli,Ambasamudram(Uzhavar Sandhai ),Onion,Bellary,Local,3300,4000,4000,13-Jan-25
1368,Thirunelveli,Ambasamudram(Uzhavar Sandhai ),Onion,Bellary,Local,3300,4000,4000,21-Jan-25
1369,Thirunelveli,Ambasamudram(Uzhavar Sandhai ),Onion,Bellary,Local,3800,4600,4600,23-Jan-25
1370,Salem,Ammapet(Uzhavar Sandhai ),Onion,Bellary,Local,4500,5000,5000,31-Jan-25
1371,Salem,Ammapet(Uzhavar Sandhai ),Onion,Bellary,Local,5000,5500,5500,04-Jan-25
1372,Salem,Ammapet(Uzhavar Sandhai ),Onion,Bellary,Local,5000,6000,6000,05-Jan-25
1373,Amarawati,Amrawati(Frui & Veg. Market),Onion,Red,FAQ,700,2000,1350,01-Jan-25
1374,Amroha,Amroha,Onion,Red,FAQ,2000,2150,2080,29-Jan-25
1375,Madurai,Anaiyur(Uzhavar Sandhai ),Onion,Bellary,Local,4500,5000,5000,25-Jan-25
1376,Madurai,Anaiyur(Uzhavar Sandhai ),Onion,Bellary,Local,4800,5200,5200,05-Jan-25
1377,Madurai,Anaiyur(Uzhavar Sandhai ),Onion,Bellary,Local,4800,5200,5200,21-Jan-25
1378,Anand,"Anand(Veg,Yard,Anand)",Onion,Onion,FAQ,1500,2000,1750,01-Feb-25
1379,Anand,"Anand(Veg,Yard,Anand)",Onion,Onion,FAQ,1500,2500,2000,08-Jan-25
1380,Belgaum,Belgaum,Onion,Pusa-Red,Ref grade-1,1000,3400,3000,01-Feb-25
1381,Nadia,Bethuadahari,Onion,Dry F.A.Q.,FAQ,2650,2800,2700,13-Jan-25
1382,Nadia,Bethuadahari,Onion,Dry F.A.Q.,FAQ,2700,2900,2800,05-Jan-25
1383,Nadia,Bethuadahari,Onion,Dry F.A.Q.,FAQ,3000,3125,3000,07-Jan-25
1384,Nadia,Bethuadahari,Onion,Dry F.A.Q.,Non-FAQ,2450,2800,2600,20-Jan-25
1385,Hanumangarh,Bhadara,Onion,1st Sort,FAQ,2000,2000,2000,26-Jan-25
1386,Hanumangarh,Bhadara,Onion,1st Sort,FAQ,2000,2500,2175,30-Jan-25
1387,Hanumangarh,Bhadara,Onion,1st Sort,FAQ,2500,4000,3000,02-Jan-25
1388,Bhatinda,Bhagta Bhai Ka,Onion,Other,FAQ,2900,2900,2900,16-Jan-25
1389,Bhatinda,Bhagta Bhai Ka,Onion,Other,FAQ,3200,3200,3200,06-Jan-25
1390,Bhatinda,Bhagta Bhai Ka,Onion,Other,FAQ,3500,3500,3500,02-Jan-25
1391,Etawah,Bharthna,Onion,Red,FAQ,2050,2250,2150,27-Jan-25
1392,Etawah,Bharthna,Onion,Red,FAQ,2250,2450,2350,08-Jan-25
1393,Hamirpur,Bharuasumerpur,Onion,Red,FAQ,2200,2325,2300,19-Jan-25
1394,Hamirpur,Bharuasumerpur,Onion,Red,FAQ,2400,2550,2450,07-Jan-25
1395,Bharuch,Bharuch,Onion,Other,Non-FAQ,1500,2500,2000,01-Feb-25
1396,Kaushambi,Bharwari,Onion,Red,FAQ,1700,1850,1770,01-Feb-25
1397,Kaushambi,Bharwari,Onion,Red,FAQ,1840,1930,1890,24-Jan-25
1398,Kaushambi,Bharwari,Onion,Red,FAQ,2040,2200,2125,06-Jan-25
1399,Kaushambi,Bharwari,Onion,Red,FAQ,2050,2190,2130,11-Jan-25
1400,Kaushambi,Bharwari,Onion,Red,FAQ,2110,2275,2190,12-Jan-25
1401,Bhavnagar,Bhavnagar,Onion,Red,FAQ,750,2350,1550,24-Jan-25
1402,Bhavnagar,Bhavnagar,Onion,Red,FAQ,825,2475,1650,27-Jan-25
1403,Sangrur,Bhawanigarh,Onion,Other,FAQ,1500,1700,1600,10-Jan-25
1404,Sangrur,Bhawanigarh,Onion,Other,FAQ,1500,1900,1700,22-Jan-25
1405,Sangrur,Bhawanigarh,Onion,Other,FAQ,1500,2000,1750,20-Jan-25
1406,Sangrur,Bhawanigarh,Onion,Other,FAQ,1700,1900,1800,24-Jan-25
1407,Sangrur,Bhawanigarh,Onion,Other,FAQ,1800,2000,1900,14-Jan-25
1408,Sangrur,Bhawanigarh,Onion,Other,FAQ,2000,2000,2000,11-Jan-25
1409,Bhilwara,Bhilwara,Onion,Other,FAQ,1600,2800,2200,20-Jan-25
1410,Shravasti,Bhinga,Onion,Red,FAQ,2470,2720,2600,14-Jan-25
1411,Bhatinda,Bhucho,Onion,Other,FAQ,1500,2000,1800,28-Jan-25
1412,Kachchh,Bhuj,Onion,Small,FAQ,2200,3000,2600,06-Jan-25
1413,Kullu,Bhuntar,Onion,Other,FAQ,2500,2800,2600,15-Jan-25
1414,Kullu,Bhuntar,Onion,Other,FAQ,3000,3200,3100,29-Jan-25
1415,Jalgaon,Bhusaval,Onion,Red,FAQ,1800,2500,2000,01-Jan-25
1416,Jalgaon,Bhusaval,Onion,Red,Local,2000,2500,2200,29-Jan-25
1417,Bijnor,Bijnaur,Onion,Red,FAQ,2100,2150,2120,28-Jan-25
1418,Bijnor,Bijnaur,Onion,Red,FAQ,2150,2300,2200,21-Jan-25
1419,Bikaner,Bikaner (F&V),Onion,Other,FAQ,1400,1600,1500,01-Jan-25
1420,Bikaner,Bikaner (F&V),Onion,Other,FAQ,1400,1600,1500,28-Jan-25
1421,Bikaner,Bikaner (F&V),Onion,Other,FAQ,1700,1900,1800,04-Jan-25
1422,Bikaner,Bikaner (F&V),Onion,Other,FAQ,1700,1900,1800,06-Jan-25
1423,Bilaspur,Bilaspur,Onion,Local,Local,2000,2200,2100,05-Jan-25
1424,Bilaspur,Bilaspur,Onion,Other,FAQ,2800,3400,3000,05-Jan-25
1425,Jalandhar,Bilga,Onion,Other,FAQ,2300,2500,2400,09-Jan-25
1426,Navsari,Bilimora,Onion,Nasik,FAQ,1500,2800,2200,23-Jan-25
1427,Navsari,Bilimora,Onion,Nasik,FAQ,2000,3250,2600,01-Jan-25
1428,Badaun,Bilsi,Onion,Red,FAQ,2250,2350,2300,16-Jan-25
1429,Birbhum,Birbhum,Onion,Other,FAQ,2500,2700,2600,21-Jan-25
1430,Sepahijala,Bishalgarh,Onion,Nasik,FAQ,4300,4500,4400,16-Jan-25
1431,Sepahijala,Bishalgarh,Onion,Nasik,FAQ,4300,4500,4400,21-Jan-25
1432,Sepahijala,Bishalgarh,Onion,Nasik,FAQ,4300,4500,4400,26-Jan-25
1433,Fazilka,Abohar,Onion,Onion,FAQ,3000,3800,3600,13-Jan-25
1434,Sirohi,Abu Road,Onion,Other,FAQ,2375,2425,2400,28-Jan-25
1435,Auraiya,Achalda,Onion,Red,FAQ,2200,2500,2300,20-Jan-25
1436,Auraiya,Achalda,Onion,Red,FAQ,2350,2450,2400,06-Jan-25
1437,Auraiya,Achalda,Onion,Red,FAQ,2400,2600,2500,04-Jan-25
1438,Agra,Achnera,Onion,Red,FAQ,2100,2200,2150,06-Jan-25
1439,Agra,Achnera,Onion,Red,FAQ,2280,2350,2310,19-Jan-25
1440,Agra,Achnera,Onion,Red,FAQ,2320,2400,2360,20-Jan-25
1441,Agra,Achnera,Onion,Red,FAQ,2340,2420,2380,14-Jan-25
1442,Shajapur,Agar,Onion,Onion,FAQ,1700,2300,2300,01-Jan-25
1443,Shajapur,Agar,Onion,Onion,Non-FAQ,500,1850,1850,30-Jan-25
1444,Agra,Agra,Onion,Red,FAQ,2050,2400,2200,08-Jan-25
1445,Agra,Agra,Onion,Red,FAQ,2100,2400,2250,07-Jan-25
1446,Agra,Agra,Onion,Red,FAQ,2150,2500,2320,19-Jan-25
1447,Ahmedabad,Ahmedabad(Chimanbhai Patal Market Vasana),Onion,Local,FAQ,1000,2500,2250,06-Jan-25
1448,Ahmedabad,Ahmedabad(Chimanbhai Patal Market Vasana),Onion,Local,FAQ,1000,2700,2450,20-Jan-25
1449,Ahmedabad,Ahmedabad(Chimanbhai Patal Market Vasana),Onion,Nasik,FAQ,2000,3000,2750,07-Jan-25
1450,Sangrur,Ahmedgarh,Onion,Other,FAQ,2700,3000,3000,24-Jan-25
1451,Ahmednagar,Ahmednagar,Onion,Red,Local,400,2600,1850,01-Feb-25
1452,Dharmapuri,AJattihalli(Uzhavar Sandhai ),Onion,Bellary,Local,4000,4200,4200,13-Jan-25
1453,Dharmapuri,AJattihalli(Uzhavar Sandhai ),Onion,Bellary,Local,4000,4200,4200,14-Jan-25
1454,Dharmapuri,AJattihalli(Uzhavar Sandhai ),Onion,Bellary,Local,4000,4200,4200,15-Jan-25
1455,Dharmapuri,AJattihalli(Uzhavar Sandhai ),Onion,Bellary,Local,4600,4800,4800,04-Jan-25
1456,Dharmapuri,AJattihalli(Uzhavar Sandhai ),Onion,Bellary,Local,4600,4800,4800,05-Jan-25
1457,Ajmer,Ajmer(F&V),Onion,Other,FAQ,1000,2600,1800,27-Jan-25
1458,Ajmer,Ajmer(F&V),Onion,Other,FAQ,1000,2800,2000,19-Jan-25
1459,Prayagraj,Ajuha,Onion,Red,FAQ,1830,1970,1900,25-Jan-25
1460,Prayagraj,Ajuha,Onion,Red,FAQ,1900,2000,1950,22-Jan-25
1461,Prayagraj,Ajuha,Onion,Red,FAQ,1900,2040,1970,21-Jan-25
1462,Prayagraj,Ajuha,Onion,Red,FAQ,2080,2200,2140,11-Jan-25
1463,Prayagraj,Ajuha,Onion,Red,FAQ,2100,2200,2150,02-Jan-25
1464,Prayagraj,Ajuha,Onion,Red,FAQ,2100,2220,2160,13-Jan-25
1465,Jammu,Akhnoor,Onion,Other,FAQ,2200,2600,2400,15-Jan-25
1466,Akola,Akola,Onion,Other,FAQ,1000,3000,2500,03-Jan-25
1467,Aligarh,Aligarh,Onion,Red,FAQ,2350,2500,2430,09-Jan-25
1468,Alipurduar,Alipurduar,Onion,Other,FAQ,2900,3100,3000,04-Jan-25
1469,Alipurduar,Alipurduar,Onion,Other,FAQ,3000,3100,3050,03-Jan-25
1470,Alipurduar,Alipurduar,Onion,Other,FAQ,3000,3400,3200,09-Jan-25
1471,Alipurduar,Alipurduar,Onion,Other,FAQ,3100,3400,3200,13-Jan-25
1472,Alipurduar,Alipurduar,Onion,Other,FAQ,3200,3400,3300,11-Jan-25
1473,Alipurduar,Alipurduar,Onion,Other,Non-FAQ,2800,3000,2900,19-Jan-25
1474,Prayagraj,Allahabad,Onion,Red,FAQ,2000,2100,2025,02-Jan-25
1475,Ernakulam,Aluva,Onion,Big,FAQ,2900,3500,3200,13-Jan-25
1476,Ambala,Ambala City(Subji Mandi),Onion,Other,FAQ,1200,2000,1550,17-Jan-25
1477,Ambala,Ambala City(Subji Mandi),Onion,Other,FAQ,1500,2000,1800,28-Jan-25
1478,Thirunelveli,Ambasamudram(Uzhavar Sandhai ),Onion,Bellary,Local,3300,4000,4000,02-Jan-25
1479,Thirunelveli,Ambasamudram(Uzhavar Sandhai ),Onion,Bellary,Local,3800,4500,4500,10-Jan-25
1480,Thiruvellore,Ambattur(Uzhavar Sandhai ),Onion,Bellary,Local,4000,4000,4000,26-Jan-25
1481,Thiruvellore,Ambattur(Uzhavar Sandhai ),Onion,Bellary,Local,4000,4000,4000,27-Jan-25
1482,Thiruvellore,Ambattur(Uzhavar Sandhai ),Onion,Bellary,Local,5000,5000,5000,18-Jan-25
1483,Amarawati,Amrawati(Frui & Veg. Market),Onion,Red,FAQ,1000,2800,1900,10-Jan-25
1484,Bahraich,Bahraich,Onion,Red,FAQ,2200,2350,2275,19-Jan-25
1485,Bahraich,Bahraich,Onion,Red,FAQ,2200,2400,2300,02-Jan-25
1486,Bahraich,Bahraich,Onion,Red,Non-FAQ,1850,2100,2050,01-Feb-25
1487,Puruliya,Balarampur,Onion,Other,FAQ,2600,3000,2800,25-Jan-25
1488,Thiruvananthapuram,Balarampuram,Onion,1st Sort,FAQ,4000,5000,4000,30-Jan-25
1489,Thiruvananthapuram,Balarampuram,Onion,1st Sort,FAQ,4000,5000,5000,20-Jan-25
1490,Faridabad,Ballabhgarh,Onion,Other,FAQ,1200,1800,1600,16-Jan-25
1491,Faridabad,Ballabhgarh,Onion,Other,FAQ,2000,2500,2200,30-Jan-25
1492,Ballia,Ballia,Onion,Red,FAQ,2070,2130,2100,28-Jan-25
1493,Ballia,Ballia,Onion,Red,FAQ,2215,2270,2250,24-Jan-25
1494,Ballia,Ballia,Onion,Red,FAQ,2470,2530,2500,09-Jan-25
1495,Balotra,Balotra,Onion,1st Sort,FAQ,2400,2500,2450,14-Jan-25
1496,Balotra,Balotra,Onion,1st Sort,FAQ,2400,2500,2450,17-Jan-25
1497,Balrampur,Balrampur,Onion,Red,FAQ,2300,2500,2400,16-Jan-25
1498,Balrampur,Balrampur,Onion,Red,FAQ,2340,2550,2450,07-Jan-25
1499,Khurda,Balugaon,Onion,Other,Non-FAQ,2500,2700,2600,30-Jan-25
1500,Bangalore,Bangalore,Onion,Bangalore-Samall,FAQ,1000,2000,1500,21-Jan-25
1501,Bangalore,Bangalore,Onion,Onion,FAQ,2800,3200,3000,21-Jan-25
1502,Unnao,Bangarmau,Onion,Red,FAQ,2100,2200,2150,30-Jan-25
1503,Unnao,Bangarmau,Onion,Red,FAQ,2220,2330,2280,28-Jan-25
1504,Unnao,Bangarmau,Onion,Red,FAQ,2370,2470,2420,11-Jan-25
1505,Unnao,Bangarmau,Onion,Red,FAQ,2580,2670,2625,05-Jan-25
1506,Kolkata,Bara Bazar (Posta Bazar),Onion,Nasik,FAQ,2700,3000,2850,02-Jan-25
1507,Kolkata,Bara Bazar (Posta Bazar),Onion,Nasik,FAQ,2750,2900,2850,11-Jan-25
1508,Kolkata,Bara Bazar (Posta Bazar),Onion,Nasik,FAQ,2900,3150,3000,17-Jan-25
1509,Kolkata,Bara Bazar (Posta Bazar),Onion,Nasik,FAQ,3000,3250,3150,09-Jan-25
1510,Barabanki,Barabanki,Onion,Red,FAQ,2110,2200,2160,29-Jan-25
1511,Barabanki,Barabanki,Onion,Red,FAQ,2210,2310,2260,26-Jan-25
1512,Barabanki,Barabanki,Onion,Red,FAQ,2400,2500,2440,04-Jan-25
1513,Banka,Barahat,Onion,Medium,FAQ,3500,4000,3800,13-Jan-25
1514,Pune,Baramati,Onion,Red,FAQ,900,2400,1900,13-Jan-25
1515,Baran,Baran,Onion,Other,Non-FAQ,400,800,600,30-Jan-25
1516,Baran,Baran,Onion,Other,Non-FAQ,400,800,600,31-Jan-25
1517,Ambala,Barara,Onion,Other,FAQ,2200,2800,2800,28-Jan-25
1518,North 24 Parganas,Barasat,Onion,Other,FAQ,3000,3000,3000,08-Jan-25
1519,Baghpat,Baraut,Onion,Red,FAQ,2150,2250,2200,25-Jan-25
1520,Baghpat,Baraut,Onion,Red,FAQ,2300,2500,2400,11-Jan-25
1521,Baghpat,Baraut,Onion,Red,FAQ,2550,2700,2630,02-Jan-25
1522,Bareilly,Bareilly,Onion,Red,Non-FAQ,2000,2100,2050,30-Jan-25
1523,Bargarh,Bargarh(Barapalli),Onion,Other,FAQ,2400,2600,2500,22-Jan-25
1524,Bargarh,Bargarh(Barapalli),Onion,Other,FAQ,2500,2700,2600,24-Jan-25
1525,Bargarh,Bargarh(Barapalli),Onion,Other,FAQ,2600,2800,2700,27-Jan-25
1526,Bargarh,Bargarh(Barapalli),Onion,Other,FAQ,3200,3400,3300,03-Jan-25
1527,Bargarh,Bargarh(Barapalli),Onion,Other,FAQ,3500,3700,3600,08-Jan-25
1528,Barnala,Barnala,Onion,Other,FAQ,1800,2400,2100,31-Jan-25
1529,Barnala,Barnala,Onion,Other,FAQ,2300,2500,2400,15-Jan-25
1530,Sounth 24 Parganas,Baruipur(Canning),Onion,Other,FAQ,2800,3000,2900,12-Jan-25
1531,Sounth 24 Parganas,Baruipur(Canning),Onion,Other,FAQ,2900,3000,2950,06-Jan-25
1532,Panchkula,Barwala,Onion,Onion,FAQ,2000,2000,2000,06-Jan-25
1533,Panchkula,Barwala,Onion,Onion,FAQ,2500,2500,2500,01-Feb-25
1534,Hissar,Barwala(Hisar),Onion,Other,FAQ,1500,2000,1800,13-Jan-25
1535,Hissar,Barwala(Hisar),Onion,Other,FAQ,1800,2000,1900,17-Jan-25
1536,Bulandshahar,Anoop Shahar,Onion,Red,FAQ,1600,2000,1800,27-Jan-25
1537,Bulandshahar,Anoop Shahar,Onion,Red,FAQ,1800,2200,2000,21-Jan-25
1538,Bareilly,Anwala,Onion,Red,FAQ,1700,2000,1800,04-Jan-25
1539,Bareilly,Anwala,Onion,Red,FAQ,1800,2200,2000,01-Feb-25
1540,Bareilly,Anwala,Onion,Red,FAQ,1800,2200,2000,06-Jan-25
1541,Thiruvannamalai,Arani(Uzhavar Sandhai ),Onion,Bellary,Local,3500,4000,4000,01-Jan-25
1542,Thiruvannamalai,Arani(Uzhavar Sandhai ),Onion,Bellary,Local,3500,4200,4200,14-Jan-25
1543,Pudukkottai,Aranthangi(Uzhavar Sandhai ),Onion,Bellary,Local,4500,5000,5000,19-Jan-25
1544,Ranipet,Arcot(Uzhavar Sandhai ),Onion,Bellary,Local,4000,4500,4500,15-Jan-25
1545,Ranipet,Arcot(Uzhavar Sandhai ),Onion,Bellary,Local,4800,5000,5000,06-Jan-25
1546,Ariyalur,Ariyalur(Uzhavar Sandhai),Onion,Bellary,Local,4000,4400,4400,06-Jan-25
1547,Alappuzha,Aroor,Onion,Big,FAQ,3400,3600,3500,20-Jan-25
1548,Virudhunagar,Aruppukottai(Uzhavar Sandhai ),Onion,Bellary,Local,3400,4000,4000,11-Jan-25
1549,Virudhunagar,Aruppukottai(Uzhavar Sandhai ),Onion,Bellary,Local,3400,4000,4000,12-Jan-25
1550,Virudhunagar,Aruppukottai(Uzhavar Sandhai ),Onion,Bellary,Local,3400,4000,4000,26-Jan-25
1551,Virudhunagar,Aruppukottai(Uzhavar Sandhai ),Onion,Bellary,Local,3500,4000,4000,07-Jan-25
1552,Virudhunagar,Aruppukottai(Uzhavar Sandhai ),Onion,Bellary,Local,4000,4500,4500,20-Jan-25
1553,Paschim Bardhaman,Asansol,Onion,Nasik,FAQ,2650,2850,2700,18-Jan-25
1554,Paschim Bardhaman,Asansol,Onion,Nasik,FAQ,2750,3000,2800,28-Jan-25
1555,Paschim Bardhaman,Asansol,Onion,Nasik,FAQ,2950,3200,3050,11-Jan-25
1556,Anantnag,Ashahipora (Anantnagh),Onion,Other,FAQ,2800,3000,2900,09-Jan-25
1557,Banda,Atarra,Onion,Red,FAQ,2050,2250,2150,27-Jan-25
1558,Banda,Atarra,Onion,Red,FAQ,2450,2650,2550,01-Jan-25
1559,Kottayam,Athirampuzha,Onion,Big,FAQ,3600,3800,3700,14-Jan-25
1560,Kottayam,Athirampuzha,Onion,Big,FAQ,3600,3800,3700,29-Jan-25
1561,Kottayam,Athirampuzha,Onion,Onion,FAQ,8800,9000,8900,10-Jan-25
1562,Salem,Athur(Uzhavar Sandhai ),Onion,Bellary,Local,5000,6000,6000,04-Jan-25
1563,Salem,Attayampatti(Uzhavar Sandhai ),Onion,Bellary,Local,5000,5600,5600,01-Feb-25
1564,Salem,Attayampatti(Uzhavar Sandhai ),Onion,Bellary,Local,5000,6000,6000,11-Jan-25
1565,Salem,Attayampatti(Uzhavar Sandhai ),Onion,Bellary,Local,5500,6000,6000,25-Jan-25
1566,Auraiya,Auraiya,Onion,Red,FAQ,2000,2200,2100,31-Jan-25
1567,Krishnagiri,Avallapalli(Uzhavar Sandhai ),Onion,Bellary,Local,3500,4000,4000,24-Jan-25
1568,Krishnagiri,Avallapalli(Uzhavar Sandhai ),Onion,Bellary,Local,4000,4500,4500,01-Jan-25
1569,Azamgarh,Azamgarh,Onion,Red,FAQ,2120,2240,2180,02-Jan-25
1570,Raebarelli,Bachranwa,Onion,Red,FAQ,2750,2850,2800,02-Jan-25
1571,Badaun,Badayoun,Onion,Nasik,FAQ,2140,2320,2255,11-Jan-25
1572,Badaun,Badayoun,Onion,Nasik,FAQ,2200,2340,2250,27-Jan-25
1573,Badaun,Badayoun,Onion,Nasik,FAQ,2200,2340,2255,25-Jan-25
1574,Moga,Baghapurana,Onion,Local,FAQ,2000,3000,2500,08-Jan-25
1575,Moga,Baghapurana,Onion,Local,FAQ,2000,3000,2500,21-Jan-25
1576,Jhajar,Bahadurgarh,Onion,Other,FAQ,1500,2500,2000,31-Jan-25
1577,Jhajar,Bahadurgarh,Onion,Other,FAQ,2000,3000,2500,17-Jan-25
1578,Bareilly,Bahedi,Onion,Red,Non-FAQ,2015,2070,2045,31-Jan-25
1579,Bahraich,Bahraich,Onion,Red,FAQ,2250,2450,2350,01-Jan-25
1580,Bahraich,Bahraich,Onion,Red,FAQ,2250,2450,2350,23-Jan-25
1581,Puruliya,Balarampur,Onion,Other,FAQ,2800,3400,3000,17-Jan-25
1582,Thiruvananthapuram,Balarampuram,Onion,1st Sort,FAQ,5000,5000,5000,09-Jan-25
1583,Faridabad,Ballabhgarh,Onion,Other,FAQ,2000,2500,2200,02-Jan-25
1584,Ballia,Ballia,Onion,Red,FAQ,2120,2180,2150,01-Feb-25
1585,Ballia,Ballia,Onion,Red,FAQ,2280,2330,2300,21-Jan-25
1586,Theni,Andipatti(Uzhavar Sandhai ),Onion,Bellary,Local,4000,4500,4500,26-Jan-25
1587,Ernakulam,Angamaly,Onion,Big,FAQ,4000,5000,4500,07-Jan-25
1588,Ernakulam,Angamaly,Onion,Big,FAQ,4000,5000,4500,27-Jan-25
1589,Madurai,Anna nagar(Uzhavar Sandhai ),Onion,Bellary,Local,5600,5600,5600,11-Jan-25
1590,Bulandshahar,Anoop Shahar,Onion,Red,FAQ,1600,2000,1800,06-Jan-25
1591,Bareilly,Anwala,Onion,Red,FAQ,1800,2000,1900,03-Jan-25
1592,Thiruvananthapuram,Aralamoodu,Onion,Onion,FAQ,4000,5000,5000,14-Jan-25
1593,Thiruvananthapuram,Aralamoodu,Onion,Onion,FAQ,4000,5000,5000,30-Jan-25
1594,Thiruvananthapuram,Aralamoodu,Onion,Onion,FAQ,5000,5500,5500,20-Jan-25
1595,Thiruvananthapuram,Aralamoodu,Onion,Onion,FAQ,5000,6000,5500,05-Jan-25
1596,Thiruvananthapuram,Aralamoodu,Onion,Onion,Non-FAQ,4000,4500,4500,24-Jan-25
1597,Thiruvananthapuram,Aralamoodu,Onion,Onion,Non-FAQ,4000,5000,5000,28-Jan-25
1598,Thiruvannamalai,Arani(Uzhavar Sandhai ),Onion,Bellary,Local,3600,4000,4000,12-Jan-25
1599,Thiruvannamalai,Arani(Uzhavar Sandhai ),Onion,Bellary,Local,4000,4800,4800,23-Jan-25
1600,Thiruvannamalai,Arani(Uzhavar Sandhai ),Onion,Bellary,Local,4300,4800,4800,26-Jan-25
1601,Pudukkottai,Aranthangi(Uzhavar Sandhai ),Onion,Bellary,Local,4000,4500,4500,01-Feb-25
1602,Pudukkottai,Aranthangi(Uzhavar Sandhai ),Onion,Bellary,Local,4000,4500,4500,03-Jan-25
1603,Pudukkottai,Aranthangi(Uzhavar Sandhai ),Onion,Bellary,Local,4000,5000,5000,15-Jan-25
1604,Pudukkottai,Aranthangi(Uzhavar Sandhai ),Onion,Bellary,Local,4000,5000,5000,22-Jan-25
1605,Pudukkottai,Aranthangi(Uzhavar Sandhai ),Onion,Bellary,Local,4500,5000,5000,26-Jan-25
1606,Pudukkottai,Aranthangi(Uzhavar Sandhai ),Onion,Bellary,Local,4500,5000,5000,27-Jan-25
1607,Hassan,Arasikere,Onion,Onion,FAQ,5000,5000,5000,27-Jan-25
1608,Ariyalur,Ariyalur(Uzhavar Sandhai),Onion,Bellary,Local,4000,4400,4400,02-Jan-25
1609,Ariyalur,Ariyalur(Uzhavar Sandhai),Onion,Bellary,Local,4600,5400,5400,01-Feb-25
1610,Alappuzha,Aroor,Onion,Big,FAQ,4200,4400,4300,05-Jan-25
1611,Alappuzha,Aroor,Onion,Small,FAQ,9000,9200,9100,18-Jan-25
1612,Alappuzha,Aroor,Onion,Small,Non-FAQ,10000,11200,11000,24-Jan-25
1613,Virudhunagar,Aruppukottai(Uzhavar Sandhai ),Onion,Bellary,Local,3500,4000,4000,02-Jan-25
1614,Virudhunagar,Aruppukottai(Uzhavar Sandhai ),Onion,Bellary,Local,3500,4000,4000,10-Jan-25
1615,Virudhunagar,Aruppukottai(Uzhavar Sandhai ),Onion,Bellary,Local,3500,4000,4000,16-Jan-25
1616,Virudhunagar,Aruppukottai(Uzhavar Sandhai ),Onion,Bellary,Local,3500,4000,4000,30-Jan-25
1617,Virudhunagar,Aruppukottai(Uzhavar Sandhai ),Onion,Bellary,Local,4000,5000,5000,18-Jan-25
1618,Paschim Bardhaman,Asansol,Onion,Nasik,FAQ,2500,2800,2650,19-Jan-25
1619,Anantnag,Ashahipora (Anantnagh),Onion,Other,FAQ,2500,2700,2600,13-Jan-25
1620,Anantnag,Ashahipora (Anantnagh),Onion,Other,FAQ,2500,2700,2600,14-Jan-25
1621,Anantnag,Ashahipora (Anantnagh),Onion,Other,FAQ,3000,3200,3100,07-Jan-25
1622,Banda,Atarra,Onion,Red,FAQ,2035,2235,2135,25-Jan-25
1623,Banda,Atarra,Onion,Red,FAQ,2250,2450,2350,16-Jan-25
1624,Banda,Atarra,Onion,Red,FAQ,2315,2515,2415,06-Jan-25
1625,Kottayam,Athirampuzha,Onion,Onion,FAQ,8800,9000,8900,21-Jan-25
1626,Salem,Attayampatti(Uzhavar Sandhai ),Onion,Bellary,Local,5000,5500,5500,16-Jan-25
1627,Salem,Attayampatti(Uzhavar Sandhai ),Onion,Bellary,Local,5000,5500,5500,17-Jan-25
1628,Auraiya,Auraiya,Onion,Red,FAQ,1900,2150,2050,21-Jan-25
1629,Auraiya,Auraiya,Onion,Red,FAQ,1950,2200,2100,22-Jan-25
1630,Krishnagiri,Avallapalli(Uzhavar Sandhai ),Onion,Bellary,Local,3500,4000,4000,29-Jan-25
1631,Etah,Awagarh,Onion,Red,FAQ,1800,2000,1900,11-Jan-25
1632,Delhi,Azadpur,Onion,Onion,FAQ,1000,2750,1792,11-Jan-25
1633,Delhi,Azadpur,Onion,Onion,FAQ,1000,2750,1833,03-Jan-25
1634,Bhatinda,Bhagta Bhai Ka,Onion,Other,FAQ,2600,2600,2600,25-Jan-25
1635,Bhatinda,Bhagta Bhai Ka,Onion,Other,FAQ,3000,3000,3000,15-Jan-25
1636,Etawah,Bharthna,Onion,Red,FAQ,2150,2350,2250,16-Jan-25
1637,Etawah,Bharthna,Onion,Red,FAQ,2150,2350,2250,29-Jan-25
1638,Etawah,Bharthna,Onion,Red,FAQ,2220,2420,2320,23-Jan-25
1639,Etawah,Bharthna,Onion,Red,FAQ,2430,2630,2530,03-Jan-25
1640,Hamirpur,Bharuasumerpur,Onion,Red,FAQ,1900,2100,2000,01-Feb-25
1641,Hamirpur,Bharuasumerpur,Onion,Red,FAQ,2300,2400,2350,11-Jan-25
1642,Bhavnagar,Bhavnagar,Onion,Red,FAQ,750,2330,1540,01-Feb-25
1643,Bhavnagar,Bhavnagar,Onion,White,FAQ,1660,1805,1730,18-Jan-25
1644,Sangrur,Bhawanigarh,Onion,Other,FAQ,1500,1700,1600,09-Jan-25
1645,Bhilwara,Bhilwara,Onion,Other,FAQ,1500,2500,2000,28-Jan-25
1646,Shravasti,Bhinga,Onion,Red,FAQ,2370,2650,2500,15-Jan-25
1647,Bhiwani,Bhiwani,Onion,Other,FAQ,2101,2760,2410,21-Jan-25
1648,Bhatinda,Bhucho,Onion,Other,FAQ,1500,2000,1550,08-Jan-25
1649,Bijapur,Bijapur,Onion,Onion,Ref grade-1,500,3000,1800,30-Jan-25
1650,Bijnor,Bijnaur,Onion,Red,FAQ,2275,2330,2290,10-Jan-25
1651,Bikaner,Bikaner (F&V),Onion,Other,FAQ,1700,1900,1800,07-Jan-25
1652,Bilaspur,Bilaspur,Onion,Local,Local,2000,2200,2100,06-Jan-25
1653,Bilaspur,Bilaspur,Onion,Local,Local,2700,3000,2800,16-Jan-25
1654,Bilaspur,Bilaspur,Onion,Local,Local,3000,3300,3100,03-Jan-25
1655,Bilaspur,Bilaspur,Onion,Local,Non-FAQ,3200,3400,3300,20-Jan-25
1656,Bilaspur,Bilaspur,Onion,Other,FAQ,2800,3400,3000,06-Jan-25
1657,Jalandhar,Bilga,Onion,Other,FAQ,1800,2000,1900,24-Jan-25
1658,Navsari,Bilimora,Onion,Nasik,FAQ,2500,3000,2800,20-Jan-25
1659,Badaun,Bilsi,Onion,Red,FAQ,2200,2300,2250,01-Jan-25
1660,Badaun,Bilsi,Onion,Red,FAQ,2200,2300,2250,07-Jan-25
1661,Fatehpur,Bindki,Onion,Red,FAQ,1600,1770,1650,31-Jan-25
1662,Fatehpur,Bindki,Onion,Red,FAQ,2150,2240,2180,14-Jan-25
1663,Birbhum,Birbhum,Onion,Other,FAQ,2500,2700,2600,17-Jan-25
1664,Birbhum,Birbhum,Onion,Other,FAQ,2500,2700,2600,22-Jan-25
1665,Sepahijala,Bishalgarh,Onion,Nasik,FAQ,4300,4500,4400,07-Jan-25
1666,Bishnupur,Bishenpur,Onion,Onion,FAQ,5500,6000,5750,10-Jan-25
1667,Bankura,Bishnupur(Bankura),Onion,Nasik,Non-FAQ,2000,3500,3000,25-Jan-25
1668,Bankura,Bishnupur(Bankura),Onion,Nasik,Non-FAQ,2500,3300,3000,01-Feb-25
1669,Bankura,Bishnupur(Bankura),Onion,Nasik,Non-FAQ,2500,3300,3000,29-Jan-25
1670,Sepahijala,Bishramganj,Onion,Nasik,FAQ,4300,4500,4400,29-Jan-25
1671,Theni,Bodinayakanur(Uzhavar Sandhai ),Onion,Bellary,Local,4200,4700,4700,27-Jan-25
1672,Birbhum,Bolpur,Onion,Onion,FAQ,2500,2700,2600,01-Feb-25
1673,Sundergarh,Bonai,Onion,Other,FAQ,3000,4000,3000,03-Jan-25
1674,Boudh,Boudh,Onion,Other,FAQ,4000,5000,4500,20-Jan-25
1675,Boudh,Boudh,Onion,Other,FAQ,4000,6000,5000,15-Jan-25
1676,Boudh,Boudh,Onion,Other,Non-FAQ,3000,4000,3500,20-Jan-25
1677,Hyderabad,Bowenpally,Onion,1st Sort,FAQ,1000,3000,2500,10-Jan-25
1678,Bijnor,Chaandpur,Onion,Red,FAQ,1600,1800,1700,03-Jan-25
1679,Nadia,Chakdah,Onion,Other,FAQ,3100,3250,3200,26-Jan-25
1680,Nadia,Chakdah,Onion,Other,FAQ,3200,3350,3300,15-Jan-25
1681,Thiruvananthapuram,Chala,Onion,Big,FAQ,4200,5000,4500,27-Jan-25
1682,Thiruvananthapuram,Chala,Onion,Onion,FAQ,9200,9800,9200,15-Jan-25
1683,Thiruvananthapuram,Chala,Onion,Onion,FAQ,9200,9800,9200,17-Jan-25
1684,Chamba,Chamba,Onion,Other,FAQ,2500,3000,2750,29-Jan-25
1685,West District,Champaknagar,Onion,Nasik,FAQ,4000,4500,4300,20-Jan-25
1686,Bhadrak,Chandabali,Onion,Other,FAQ,3500,4000,3760,09-Jan-25
1687,Sounth 24 Parganas,Baruipur(Canning),Onion,Other,FAQ,2900,3000,2950,18-Jan-25
1688,Hissar,Barwala(Hisar),Onion,Other,FAQ,1500,2000,1800,14-Jan-25
1689,Hissar,Barwala(Hisar),Onion,Other,FAQ,1800,2000,1900,03-Jan-25
1690,Jaipur Rural,Bassi,Onion,Other,Non-FAQ,3600,4000,3800,25-Jan-25
1691,Jaipur Rural,Bassi,Onion,Other,Non-FAQ,3800,4200,4000,24-Jan-25
1692,Fatehgarh,Bassi Pathana,Onion,Onion,FAQ,2500,3000,2800,16-Jan-25
1693,Basti,Basti,Onion,Red,FAQ,2125,2225,2175,30-Jan-25
1694,Basti,Basti,Onion,Red,FAQ,2275,2375,2325,07-Jan-25
1695,Bhatinda,Bathinda,Onion,Other,FAQ,2000,2500,2000,14-Jan-25
1696,Bhatinda,Bathinda,Onion,Other,FAQ,2000,2500,2000,30-Jan-25
1697,Jammu,Batote,Onion,Other,FAQ,2500,3000,2750,17-Jan-25
1698,Jammu,Batote,Onion,Other,FAQ,2600,3000,2800,30-Jan-25
1699,Bharatpur,Bayana,Onion,Onion,FAQ,2000,2000,2000,19-Jan-25
1700,Jalpaiguri,Belacoba,Onion,Nasik,FAQ,2700,2900,2800,18-Jan-25
1701,Jalpaiguri,Belacoba,Onion,Nasik,FAQ,2700,2900,2800,21-Jan-25
1702,Jalpaiguri,Belacoba,Onion,Nasik,FAQ,2800,3000,2900,05-Jan-25
1703,Nadia,Bethuadahari,Onion,Dry F.A.Q.,FAQ,2650,2825,2700,28-Jan-25
1704,Nadia,Bethuadahari,Onion,Dry F.A.Q.,Non-FAQ,2500,2650,2575,26-Jan-25
1705,Nadia,Bethuadahari,Onion,Dry F.A.Q.,Non-FAQ,2500,2825,2600,21-Jan-25
1706,Bhatinda,Bhagta Bhai Ka,Onion,Other,FAQ,2400,2400,2400,31-Jan-25
1707,Bhatinda,Bhagta Bhai Ka,Onion,Other,FAQ,2700,2700,2700,26-Jan-25
1708,Etawah,Bharthna,Onion,Red,FAQ,2100,2300,2200,30-Jan-25
1709,Etawah,Bharthna,Onion,Red,FAQ,2250,2450,2350,11-Jan-25
1710,Bharuch,Bharuch,Onion,Other,FAQ,1500,2500,2000,18-Jan-25
1711,Kaushambi,Bharwari,Onion,Red,FAQ,2015,2185,2120,09-Jan-25
1712,Kaushambi,Bharwari,Onion,Red,FAQ,2060,2220,2145,10-Jan-25
1713,Bhavnagar,Bhavnagar,Onion,Red,FAQ,750,2305,1530,16-Jan-25
1714,Bhavnagar,Bhavnagar,Onion,Red,FAQ,850,2505,1680,18-Jan-25
1715,Sangrur,Bhawanigarh,Onion,Other,FAQ,1500,1900,1700,27-Jan-25
1716,Sangrur,Bhawanigarh,Onion,Other,FAQ,1500,2000,1750,02-Jan-25
1717,Sangrur,Bhawanigarh,Onion,Other,FAQ,2000,2000,2000,06-Jan-25
1718,Bhilwara,Bhilwara,Onion,Other,FAQ,1500,2500,2000,27-Jan-25
1719,Bhilwara,Bhilwara,Onion,Other,FAQ,1500,2500,2000,31-Jan-25
1720,Bhilwara,Bhilwara,Onion,Other,FAQ,1600,2800,2200,14-Jan-25
1721,Shravasti,Bhinga,Onion,Red,FAQ,2000,2370,2200,24-Jan-25
1722,Shravasti,Bhinga,Onion,Red,FAQ,2150,2420,2270,18-Jan-25
1723,Bhopal,Bhopal,Onion,Onion,FAQ,1400,1500,1500,27-Jan-25
1724,Bhatinda,Bhucho,Onion,Other,FAQ,1600,2000,1800,22-Jan-25
1725,Kullu,Bhuntar,Onion,Other,FAQ,2500,2800,2700,20-Jan-25
1726,Kullu,Bhuntar,Onion,Other,FAQ,3000,3200,3100,06-Jan-25
1727,Jalgaon,Bhusaval,Onion,Red,Local,2000,2500,2200,28-Jan-25
1728,Bijnor,Bijnaur,Onion,Red,FAQ,2120,2200,2150,24-Jan-25
1729,Bijnor,Bijnaur,Onion,Red,FAQ,2150,2250,2200,22-Jan-25
1730,Bijnor,Bijnaur,Onion,Red,FAQ,2230,2300,2260,19-Jan-25
1731,Bikaner,Bikaner (F&V),Onion,Other,FAQ,1400,1600,1500,14-Jan-25
1732,Bikaner,Bikaner (F&V),Onion,Other,FAQ,1500,1700,1600,09-Jan-25
1733,Bilaspur,Bilaspur,Onion,Local,Local,2200,2400,2300,10-Jan-25
1734,Bilaspur,Bilaspur,Onion,Other,FAQ,2400,3000,2600,25-Jan-25
1735,Jalandhar,Bilga,Onion,Other,FAQ,1800,2000,1900,01-Feb-25
1736,Jalandhar,Bilga,Onion,Other,FAQ,1800,2000,1900,29-Jan-25
1737,Jalandhar,Bilga,Onion,Other,FAQ,2300,2500,2400,20-Jan-25
1738,Navsari,Bilimora,Onion,Nasik,FAQ,2000,2600,2300,17-Jan-25
1739,Badaun,Bilsi,Onion,Red,FAQ,2200,2300,2250,14-Jan-25
1740,Badaun,Bilsi,Onion,Red,FAQ,2200,2300,2250,30-Jan-25
1741,Badaun,Bilsi,Onion,Red,FAQ,2230,2300,2260,29-Jan-25
1742,Fatehpur,Bindki,Onion,Red,FAQ,1800,2000,1970,26-Jan-25
1743,Fatehpur,Bindki,Onion,Red,FAQ,2000,2180,2050,09-Jan-25
1744,Fatehpur,Bindki,Onion,Red,FAQ,2000,2180,2060,08-Jan-25
1745,Fatehpur,Bindki,Onion,Red,FAQ,2050,2200,2120,16-Jan-25
1746,Birbhum,Birbhum,Onion,Other,FAQ,2600,2800,2700,14-Jan-25
1747,Birbhum,Birbhum,Onion,Other,FAQ,2600,2800,2700,27-Jan-25
1748,Birbhum,Birbhum,Onion,Other,FAQ,2600,2800,2700,29-Jan-25
1749,Sepahijala,Bishalgarh,Onion,Nasik,FAQ,3800,4000,3900,01-Feb-25
1750,Sepahijala,Bishalgarh,Onion,Nasik,FAQ,3800,4000,3900,29-Jan-25
1751,Sepahijala,Bishalgarh,Onion,Nasik,FAQ,4300,4500,4400,08-Jan-25
1752,Sepahijala,Bishalgarh,Onion,Nasik,FAQ,4300,4500,4400,13-Jan-25
1753,Sepahijala,Bishalgarh,Onion,Nasik,FAQ,4300,4500,4400,15-Jan-25
1754,Sepahijala,Bishalgarh,Onion,Nasik,FAQ,4800,5000,4900,03-Jan-25
1755,Bishnupur,Bishenpur,Onion,Onion,FAQ,4500,5000,4750,23-Jan-25
1756,Bankura,Bishnupur(Bankura),Onion,Nasik,FAQ,2500,3500,3000,14-Jan-25
1757,Bankura,Bishnupur(Bankura),Onion,Nasik,FAQ,2500,3500,3000,17-Jan-25
1758,Sepahijala,Bishramganj,Onion,Nasik,FAQ,3800,4000,3900,01-Feb-25
1759,Birbhum,Bolpur,Onion,Onion,FAQ,2500,2700,2600,04-Jan-25
1760,Birbhum,Bolpur,Onion,Onion,FAQ,2600,2800,2700,15-Jan-25
1761,Birbhum,Bolpur,Onion,Onion,FAQ,2700,2900,2800,09-Jan-25
1762,Sundergarh,Bonai,Onion,Onion,FAQ,3000,3000,3000,22-Jan-25
1763,Boudh,Boudh,Onion,Other,FAQ,4000,6000,5000,07-Jan-25
1764,Boudh,Boudh,Onion,Other,Non-FAQ,3000,4000,3500,17-Jan-25
1765,Hyderabad,Bowenpally,Onion,1st Sort,FAQ,1000,2500,2000,11-Jan-25
1766,Hyderabad,Bowenpally,Onion,1st Sort,FAQ,1000,2500,2000,31-Jan-25
1767,Hyderabad,Bowenpally,Onion,1st Sort,FAQ,1000,3500,3000,03-Jan-25
1768,Bulandshahar,Buland Shahr,Onion,Red,FAQ,2000,2250,2150,25-Jan-25
1769,Bulandshahar,Buland Shahr,Onion,Red,FAQ,2150,2300,2180,24-Jan-25
1770,Bulandshahar,Buland Shahr,Onion,Red,FAQ,2250,2450,2385,14-Jan-25
1771,Bulandshahar,Buland Shahr,Onion,Red,FAQ,2300,2500,2375,15-Jan-25
1772,Bhiwani,Ch. Dadri,Onion,Other,FAQ,1400,2500,1950,27-Jan-25
1773,Bhiwani,Ch. Dadri,Onion,Other,FAQ,1600,2500,2050,30-Jan-25
1774,Bijnor,Chaandpur,Onion,Red,FAQ,1300,1500,1400,28-Jan-25
1775,Bijnor,Chaandpur,Onion,Red,FAQ,1500,1700,1600,09-Jan-25
1776,Thiruvananthapuram,Chala,Onion,Big,FAQ,3800,4000,3800,21-Jan-25
1777,Thiruvananthapuram,Chala,Onion,Onion,FAQ,8000,8300,8000,03-Jan-25
1778,Thirssur,Chalakudy,Onion,Onion,FAQ,4000,4800,4800,03-Jan-25
1779,Chamba,Chamba,Onion,Other,FAQ,3000,3500,3250,02-Jan-25
1780,Ropar (Rupnagar),Chamkaur Sahib,Onion,Other,FAQ,3200,3300,3250,07-Jan-25
1781,Hooghly,Champadanga,Onion,Nasik,FAQ,2800,3000,2900,22-Jan-25
1782,Sambhal,Chandausi,Onion,Red,FAQ,2200,2300,2250,14-Jan-25
1783,Chandigarh,Chandigarh(Grain/Fruit),Onion,Other,FAQ,1000,2500,2000,14-Jan-25
1784,Chandauli,Chandoli,Onion,Red,FAQ,2350,2500,2420,19-Jan-25
1785,Chandauli,Chandoli,Onion,Red,FAQ,2400,2500,2450,07-Jan-25
1786,Chandrapur,Chandrapur(Ganjwad),Onion,Other,FAQ,1300,2000,1600,14-Jan-25
1787,Aligarh,Charra,Onion,Red,FAQ,2200,2400,2300,17-Jan-25
1788,Aligarh,Charra,Onion,Red,FAQ,2300,2500,2400,21-Jan-25
1789,Kollam,Chathanoor,Onion,Other,FAQ,4300,4700,4500,14-Jan-25
1790,Kollam,Chathanoor,Onion,Other,FAQ,5800,6200,6000,18-Jan-25
1791,Kollam,Chathanoor,Onion,Other,FAQ,5800,6200,6000,21-Jan-25
1792,Chattrapati Sambhajinagar,Chattrapati Sambhajinagar,Onion,Other,FAQ,1000,2300,1650,15-Jan-25
1793,Sambhal,Chandausi,Onion,Red,FAQ,2300,2350,2320,03-Jan-25
1794,Chandigarh,Chandigarh(Grain/Fruit),Onion,Other,FAQ,1000,3000,2500,04-Jan-25
1795,Chandauli,Chandoli,Onion,Red,FAQ,2060,2160,2115,01-Feb-25
1796,Chandauli,Chandoli,Onion,Red,FAQ,2100,2200,2150,02-Jan-25
1797,Chandauli,Chandoli,Onion,Red,FAQ,2370,2470,2420,16-Jan-25
1798,Chandauli,Chandoli,Onion,Red,Non-FAQ,2370,2470,2420,18-Jan-25
1799,Chandrapur,Chandrapur(Ganjwad),Onion,Other,FAQ,2000,3000,2500,04-Jan-25
1800,Chandrapur,Chandrapur(Ganjwad),Onion,Other,FAQ,2000,3000,2500,25-Jan-25
1801,Aligarh,Charra,Onion,Red,FAQ,2200,2400,2300,18-Jan-25
1802,Aligarh,Charra,Onion,Red,FAQ,2300,2500,2400,16-Jan-25
1803,Kollam,Chathanoor,Onion,Other,FAQ,4800,5200,5000,01-Feb-25
1804,Kollam,Chathanoor,Onion,Other,FAQ,5800,6200,6000,16-Jan-25
1805,Kollam,Chathanoor,Onion,Other,FAQ,5800,6200,6000,17-Jan-25
1806,Kollam,Chathanoor,Onion,Other,FAQ,5800,6200,6000,22-Jan-25
1807,Chattrapati Sambhajinagar,Chattrapati Sambhajinagar,Onion,Other,Local,500,2300,1400,29-Jan-25
1808,Chattrapati Sambhajinagar,Chattrapati Sambhajinagar,Onion,Other,Local,700,2500,1600,27-Jan-25
1809,Thirssur,Chavakkad,Onion,Other,FAQ,3400,4400,4400,13-Jan-25
1810,Thirssur,Chelakkara,Onion,Other,FAQ,5000,5500,5200,11-Jan-25
1811,Chengalpattu,Chengalpet(Uzhavar Sandhai ),Onion,Bellary,Local,3500,4000,4000,14-Jan-25
1812,Chengalpattu,Chengalpet(Uzhavar Sandhai ),Onion,Bellary,Local,3500,4000,4000,23-Jan-25
1813,Thiruvannamalai,Chengam(Uzhavar Sandhai ),Onion,Bellary,Local,3300,4000,4000,27-Jan-25
1814,Thiruvannamalai,Chengam(Uzhavar Sandhai ),Onion,Bellary,Local,4000,4800,4800,26-Jan-25
1815,Alappuzha,Chengannur,Onion,Onion,FAQ,3500,3800,3600,19-Jan-25
1816,Alappuzha,Chengannur,Onion,Small,FAQ,8500,9200,9000,22-Jan-25
1817,Alappuzha,Chengannur,Onion,Small,FAQ,8900,9200,9000,23-Jan-25
1818,Alappuzha,Chengannur,Onion,Small,FAQ,8900,9500,9000,16-Jan-25
1819,Alappuzha,Cherthala,Onion,Big,FAQ,4800,5000,4900,24-Jan-25
1820,Alappuzha,Cherthala,Onion,Big,FAQ,6000,6200,6100,09-Jan-25
1821,Thiruvannamalai,Cheyyar(Uzhavar Sandhai ),Onion,Bellary,Local,3000,4000,4000,16-Jan-25
1822,Thiruvannamalai,Cheyyar(Uzhavar Sandhai ),Onion,Bellary,Local,3000,4000,4000,17-Jan-25
1823,Yamuna Nagar,Chhachrauli,Onion,Onion,FAQ,1900,2500,1900,13-Jan-25
1824,Yamuna Nagar,Chhachrauli,Onion,Other,FAQ,1700,2700,1700,30-Jan-25
1825,Yamuna Nagar,Chhachrauli,Onion,Other,FAQ,1900,2700,1900,01-Feb-25
1826,Kannuj,Chhibramau,Onion,Red,FAQ,2300,2450,2375,13-Jan-25
1827,Cuddalore,Chidambaram(Uzhavar Sandhai ),Onion,Bellary,Local,3000,4000,4000,07-Jan-25
1828,Cuddalore,Chidambaram(Uzhavar Sandhai ),Onion,Bellary,Local,4000,5000,5000,26-Jan-25
1829,Cuddalore,Chidambaram(Uzhavar Sandhai ),Onion,Bellary,Local,4000,6000,6000,01-Jan-25
1830,Cuddalore,Chidambaram(Uzhavar Sandhai ),Onion,Bellary,Local,4000,6000,6000,09-Jan-25
1831,Chikmagalur,Chikkamagalore,Onion,Other,FAQ,4168,4168,4168,07-Jan-25
1832,Dindigul,Chinnalapatti(Uzhavar Sandhai ),Onion,Bellary,Local,4500,5000,5000,03-Jan-25
1833,Theni,Chinnamanur(Uzhavar Sandhai ),Onion,Bellary,Local,4600,4600,4600,04-Jan-25
1834,Theni,Chinnamanur(Uzhavar Sandhai ),Onion,Bellary,Local,4600,4600,4600,08-Jan-25
1835,Jhansi,Chirgaon,Onion,Red,FAQ,1950,2060,2010,01-Feb-25
1836,Ballia,Chitwadagaon,Onion,Red,FAQ,2270,2350,2310,07-Jan-25
1837,Madurai,Chokkikulam(Uzhavar Sandhai ),Onion,Bellary,Local,4500,5000,5000,16-Jan-25
1838,Madurai,Chokkikulam(Uzhavar Sandhai ),Onion,Bellary,Local,4500,5200,5200,20-Jan-25
1839,Jaipur Rural,Chomu (F&V),Onion,Other,Non-FAQ,1600,2200,1900,25-Jan-25
1840,Kanpur,Choubepur,Onion,Red,FAQ,2200,2400,2300,18-Jan-25
1841,Kanpur,Choubepur,Onion,Red,FAQ,2300,2400,2360,15-Jan-25
1842,Thiruvananthapuram,Aralamoodu,Onion,Onion,FAQ,5000,5500,5500,16-Jan-25
1843,Thiruvannamalai,Arani(Uzhavar Sandhai ),Onion,Bellary,Local,3600,4000,4000,16-Jan-25
1844,Thiruvannamalai,Arani(Uzhavar Sandhai ),Onion,Bellary,Local,4000,4800,4800,27-Jan-25
1845,Pudukkottai,Aranthangi(Uzhavar Sandhai ),Onion,Bellary,Local,4000,5000,5000,28-Jan-25
1846,Pudukkottai,Aranthangi(Uzhavar Sandhai ),Onion,Bellary,Local,4500,5000,5000,01-Jan-25
1847,Ranipet,Arcot(Uzhavar Sandhai ),Onion,Bellary,Local,4000,4000,4000,01-Jan-25
1848,Ranipet,Arcot(Uzhavar Sandhai ),Onion,Bellary,Local,4400,4400,4400,24-Jan-25
1849,Ariyalur,Ariyalur(Uzhavar Sandhai),Onion,Bellary,Local,4000,4400,4400,09-Jan-25
1850,Ariyalur,Ariyalur(Uzhavar Sandhai),Onion,Bellary,Local,4000,4600,4600,10-Jan-25
1851,Ariyalur,Ariyalur(Uzhavar Sandhai),Onion,Bellary,Local,4500,5600,5600,30-Jan-25
1852,Alappuzha,Aroor,Onion,Big,FAQ,4200,4400,4300,10-Jan-25
1853,Virudhunagar,Aruppukottai(Uzhavar Sandhai ),Onion,Bellary,Local,3500,4000,4000,01-Feb-25
1854,Paschim Bardhaman,Asansol,Onion,Nasik,FAQ,2750,3000,2850,26-Jan-25
1855,Anantnag,Ashahipora (Anantnagh),Onion,Other,FAQ,3000,3200,3100,22-Jan-25
1856,Banda,Atarra,Onion,Red,FAQ,1950,2150,2050,01-Feb-25
1857,Kottayam,Athirampuzha,Onion,Big,FAQ,3600,3800,3700,11-Jan-25
1858,Kottayam,Athirampuzha,Onion,Big,FAQ,4000,4200,4100,02-Jan-25
1859,Salem,Athur(Uzhavar Sandhai ),Onion,Bellary,Local,4000,5000,5000,18-Jan-25
1860,Salem,Athur(Uzhavar Sandhai ),Onion,Bellary,Local,4000,5600,5600,13-Jan-25
1861,Salem,Athur(Uzhavar Sandhai ),Onion,Bellary,Local,4000,6000,6000,09-Jan-25
1862,Salem,Attayampatti(Uzhavar Sandhai ),Onion,Bellary,Local,4500,5000,5000,20-Jan-25
1863,Salem,Attayampatti(Uzhavar Sandhai ),Onion,Bellary,Local,5000,6000,6000,02-Jan-25
1864,Salem,Attayampatti(Uzhavar Sandhai ),Onion,Bellary,Local,5000,6000,6000,07-Jan-25
1865,Salem,Attayampatti(Uzhavar Sandhai ),Onion,Bellary,Local,5500,6000,6000,26-Jan-25
1866,Auraiya,Auraiya,Onion,Red,FAQ,1950,2200,2080,27-Jan-25
1867,Auraiya,Auraiya,Onion,Red,FAQ,2000,2300,2200,17-Jan-25
1868,Auraiya,Auraiya,Onion,Red,FAQ,2350,2600,2500,04-Jan-25
1869,Auraiya,Auraiya,Onion,Red,FAQ,2400,2650,2550,03-Jan-25
1870,Krishnagiri,Avallapalli(Uzhavar Sandhai ),Onion,Bellary,Local,3500,4000,4000,17-Jan-25
1871,Krishnagiri,Avallapalli(Uzhavar Sandhai ),Onion,Bellary,Local,4000,4500,4500,28-Jan-25
1872,Etah,Awagarh,Onion,Red,Non-FAQ,1100,1400,1200,25-Jan-25
1873,Etah,Awagarh,Onion,Red,Non-FAQ,1200,1500,1300,24-Jan-25
1874,Delhi,Azadpur,Onion,Onion,FAQ,1000,3000,2169,27-Jan-25
1875,Azamgarh,Azamgarh,Onion,Red,FAQ,2100,2200,2150,31-Jan-25
1876,Azamgarh,Azamgarh,Onion,Red,FAQ,2310,2460,2385,16-Jan-25
1877,Raebarelli,Bachranwa,Onion,Red,FAQ,2350,2450,2400,15-Jan-25
1878,Raebarelli,Bachranwa,Onion,Red,FAQ,2350,2450,2400,22-Jan-25
1879,Raebarelli,Bachranwa,Onion,Red,FAQ,2450,2550,2500,09-Jan-25
1880,Badaun,Badayoun,Onion,Nasik,FAQ,2230,2370,2290,22-Jan-25
1881,Dhar,Badnawar,Onion,Onion,FAQ,1000,1400,1400,10-Jan-25
1882,Bagalkot,Bagalakot,Onion,Onion,Ref grade-1,500,3000,2000,01-Feb-25
1883,Moga,Baghapurana,Onion,Local,FAQ,2000,3000,2500,14-Jan-25
1884,Moga,Baghapurana,Onion,Local,FAQ,2000,3000,2500,27-Jan-25
1885,Jhajar,Bahadurgarh,Onion,Other,FAQ,1400,2200,1800,28-Jan-25
1886,Jhajar,Bahadurgarh,Onion,Other,FAQ,1500,2500,2000,19-Jan-25
1887,Bareilly,Bahedi,Onion,Red,FAQ,2820,2865,2845,03-Jan-25
1888,Bareilly,Bahedi,Onion,Red,FAQ,3015,3040,3030,07-Jan-25
1889,Bahraich,Bahraich,Onion,Red,FAQ,2450,2600,2535,08-Jan-25
1890,Bahraich,Bahraich,Onion,Red,FAQ,2450,2650,2550,07-Jan-25
1891,Puruliya,Balarampur,Onion,Other,FAQ,2500,2800,2600,05-Jan-25
1892,Chattrapati Sambhajinagar,Chattrapati Sambhajinagar,Onion,Other,FAQ,1500,4000,2750,25-Jan-25
1893,Thirssur,Chavakkad,Onion,Other,Non-FAQ,4000,4600,4600,25-Jan-25
1894,Thirssur,Chelakkara,Onion,Other,FAQ,5000,5500,5200,13-Jan-25
1895,Chengalpattu,Chengalpet(Uzhavar Sandhai ),Onion,Bellary,Local,3400,3800,3800,05-Jan-25
1896,Chengalpattu,Chengalpet(Uzhavar Sandhai ),Onion,Bellary,Local,3500,4000,4000,20-Jan-25
1897,Chengalpattu,Chengalpet(Uzhavar Sandhai ),Onion,Bellary,Local,3500,4000,4000,21-Jan-25
1898,Chengalpattu,Chengalpet(Uzhavar Sandhai ),Onion,Bellary,Local,3700,4300,4300,10-Jan-25
1899,Thiruvannamalai,Chengam(Uzhavar Sandhai ),Onion,Bellary,Local,4200,4800,4800,05-Jan-25
1900,Alappuzha,Chengannur,Onion,Onion,FAQ,4400,4800,4500,23-Jan-25
1901,Alappuzha,Chengannur,Onion,Small,FAQ,7800,8500,8000,30-Jan-25
1902,Alappuzha,Chengannur,Onion,Small,FAQ,8500,9200,9000,09-Jan-25
1903,Alappuzha,Chengannur,Onion,Small,FAQ,8700,9200,9000,14-Jan-25
1904,Alappuzha,Cherthala,Onion,Big,FAQ,4600,4800,4700,26-Jan-25
1905,Alappuzha,Cherthala,Onion,Big,FAQ,5200,5400,5300,04-Jan-25
1906,Alappuzha,Cherthala,Onion,Big,FAQ,5200,5400,5300,06-Jan-25
1907,Thiruvannamalai,Cheyyar(Uzhavar Sandhai ),Onion,Bellary,Local,3000,3800,3800,15-Jan-25
1908,Thiruvannamalai,Cheyyar(Uzhavar Sandhai ),Onion,Bellary,Local,3500,4200,4200,01-Feb-25
1909,Thiruvannamalai,Cheyyar(Uzhavar Sandhai ),Onion,Bellary,Local,3500,4500,4500,24-Jan-25
1910,Thiruvannamalai,Cheyyar(Uzhavar Sandhai ),Onion,Bellary,Local,4000,4800,4800,14-Jan-25
1911,Thiruvannamalai,Cheyyar(Uzhavar Sandhai ),Onion,Bellary,Local,4000,4800,4800,27-Jan-25
1912,Thiruvannamalai,Cheyyar(Uzhavar Sandhai ),Onion,Bellary,Local,4000,4800,4800,29-Jan-25
1913,Yamuna Nagar,Chhachrauli,Onion,Onion,FAQ,1800,2400,1800,09-Jan-25
1914,Yamuna Nagar,Chhachrauli,Onion,Onion,FAQ,1900,1900,1900,18-Jan-25
1915,Kannuj,Chhibramau,Onion,Red,FAQ,2050,2150,2100,31-Jan-25
1916,Kannuj,Chhibramau,Onion,Red,FAQ,2400,2500,2450,04-Jan-25
1917,Kannuj,Chhibramau,Onion,Red,FAQ,2600,2700,2650,01-Jan-25
1918,Kolar,Chickkaballapura,Onion,Beelary-Red,FAQ,3000,3500,3200,17-Jan-25
1919,Dindigul,Chinnalapatti(Uzhavar Sandhai ),Onion,Bellary,Local,4000,5000,5000,26-Jan-25
1920,Theni,Chinnamanur(Uzhavar Sandhai ),Onion,Bellary,Local,4600,4600,4600,09-Jan-25
1921,Madurai,Chokkikulam(Uzhavar Sandhai ),Onion,Bellary,Local,4500,5200,5200,06-Jan-25
1922,Jaipur Rural,Chomu (F&V),Onion,Other,FAQ,1800,2400,2100,04-Jan-25
1923,Kanpur,Choubepur,Onion,Red,FAQ,2250,2450,2350,13-Jan-25
1924,Kanpur,Choubepur,Onion,Red,FAQ,2300,2400,2360,20-Jan-25
1925,Churu,Churu,Onion,1st Sort,FAQ,1800,2000,1900,03-Jan-25
1926,Coochbehar,Coochbehar,Onion,Other,FAQ,2400,2700,2500,25-Jan-25
1927,The Nilgiris,Coonoor(Uzhavar Sandhai ),Onion,Bellary,Local,3500,5400,5400,19-Jan-25
1928,The Nilgiris,Coonoor(Uzhavar Sandhai ),Onion,Bellary,Local,4000,5000,5000,27-Jan-25
1929,The Nilgiris,Coonoor(Uzhavar Sandhai ),Onion,Bellary,Local,4000,5800,5800,26-Jan-25
1930,The Nilgiris,Coonoor(Uzhavar Sandhai ),Onion,Bellary,Local,4500,5000,5000,01-Feb-25
1931,The Nilgiris,Coonoor(Uzhavar Sandhai ),Onion,Bellary,Local,4800,5200,5200,06-Jan-25
1932,Sirsa,Dabwali,Onion,Other,FAQ,1825,1825,1825,13-Jan-25
1933,Gautam Budh Nagar,Dadri,Onion,Red,FAQ,2000,2255,2185,23-Jan-25
1934,Dahod,Dahod(Veg. Market),Onion,Onion,FAQ,900,2500,2000,29-Jan-25
1935,Dahod,Dahod(Veg. Market),Onion,Onion,FAQ,1000,2500,2000,17-Jan-25
1936,Dahod,Dahod(Veg. Market),Onion,Onion,FAQ,1500,2200,1800,15-Jan-25
1937,Dahod,Dahod(Veg. Market),Onion,Onion,FAQ,1700,2500,2000,27-Jan-25
1938,Patna,Danapur,Onion,Medium,FAQ,3000,3400,3200,23-Jan-25
1939,Patna,Danapur,Onion,Medium,FAQ,3000,3400,3200,30-Jan-25
1940,Patna,Danapur,Onion,Medium,FAQ,3400,3800,3600,11-Jan-25
1941,Badaun,Badayoun,Onion,Nasik,FAQ,2200,2330,2245,24-Jan-25
1942,Badaun,Badayoun,Onion,Nasik,FAQ,2220,2370,2285,21-Jan-25
1943,Dhar,Badnawar,Onion,Onion,FAQ,800,800,800,30-Jan-25
1944,Badwani,Badwani(F&V),Onion,Onion,Non-FAQ,2500,2500,2500,23-Jan-25
1945,Moga,Baghapurana,Onion,Local,FAQ,2000,3000,2500,16-Jan-25
1946,South Garo Hills,Baghmara,Onion,Local,Local,7000,8000,7500,02-Jan-25
1947,Jhajar,Bahadurgarh,Onion,Other,FAQ,1400,2400,1800,27-Jan-25
1948,Bareilly,Bahedi,Onion,Red,FAQ,2015,2070,2045,31-Jan-25
1949,Bareilly,Bahedi,Onion,Red,Non-FAQ,2010,2045,2030,30-Jan-25
1950,Puruliya,Balarampur,Onion,Other,FAQ,2200,2600,2500,13-Jan-25
1951,Puruliya,Balarampur,Onion,Other,FAQ,2500,3000,2800,18-Jan-25
1952,Puruliya,Balarampur,Onion,Other,FAQ,2800,3500,3000,31-Jan-25
1953,Ballia,Ballia,Onion,Red,FAQ,2100,2150,2130,31-Jan-25
1954,Ballia,Ballia,Onion,Red,FAQ,2170,2230,2200,27-Jan-25
1955,Ballia,Ballia,Onion,Red,FAQ,2230,2290,2260,23-Jan-25
1956,Ballia,Ballia,Onion,Red,FAQ,2320,2380,2350,18-Jan-25
1957,Balotra,Balotra,Onion,1st Sort,FAQ,2300,2500,2400,18-Jan-25
1958,Balotra,Balotra,Onion,1st Sort,FAQ,2400,2500,2450,29-Jan-25
1959,Balrampur,Balrampur,Onion,Red,FAQ,2060,2285,2180,26-Jan-25
1960,Balrampur,Balrampur,Onion,Red,FAQ,2350,2570,2465,06-Jan-25
1961,Balrampur,Balrampur,Onion,Red,FAQ,2450,2650,2540,08-Jan-25
1962,Balrampur,Balrampur,Onion,Red,FAQ,2450,2665,2550,23-Jan-25
1963,Khurda,Balugaon,Onion,Other,FAQ,2400,2600,2500,27-Jan-25
1964,Khurda,Balugaon,Onion,Other,FAQ,2600,3000,3000,23-Jan-25
1965,Banda,Banda,Onion,Red,FAQ,2270,2430,2350,18-Jan-25
1966,Banda,Banda,Onion,Red,FAQ,2275,2430,2350,16-Jan-25
1967,Banda,Banda,Onion,Red,FAQ,2280,2420,2350,15-Jan-25
1968,Bangalore,Bangalore,Onion,Bangalore-Samall,FAQ,800,1500,1200,27-Jan-25
1969,Bangalore,Bangalore,Onion,Bangalore-Samall,FAQ,1000,1800,1400,10-Jan-25
1970,Bangalore,Bangalore,Onion,Bangalore-Samall,FAQ,1500,2000,1700,15-Jan-25
1971,Bangalore,Bangalore,Onion,Bangalore-Samall,FAQ,1500,2000,1700,20-Jan-25
1972,Bangalore,Bangalore,Onion,Local,FAQ,2000,2800,2200,06-Jan-25
1973,Bangalore,Bangalore,Onion,Onion,FAQ,3200,4000,3400,23-Jan-25
1974,Bangalore,Bangalore,Onion,Puna,FAQ,3000,4000,3500,23-Jan-25
1975,Unnao,Bangarmau,Onion,Red,FAQ,2380,2480,2430,12-Jan-25
1976,Unnao,Bangarmau,Onion,Red,FAQ,2540,2640,2590,01-Jan-25
1977,Bankura,Bankura Sadar,Onion,Medium,FAQ,3000,3300,3200,08-Jan-25
1978,Bankura,Bankura Sadar,Onion,Nasik,FAQ,2800,3100,3000,17-Jan-25
1979,Bankura,Bankura Sadar,Onion,Nasik,FAQ,2800,3100,3000,20-Jan-25
1980,Bankura,Bankura Sadar,Onion,Nasik,FAQ,3000,3300,3200,13-Jan-25
1981,Mohali,Banur,Onion,Other,FAQ,1600,3000,1600,17-Jan-25
1982,Mohali,Banur,Onion,Other,FAQ,1620,3400,1620,26-Jan-25
1983,Kolkata,Bara Bazar (Posta Bazar),Onion,Nasik,FAQ,2750,3000,2850,16-Jan-25
1984,Kolkata,Bara Bazar (Posta Bazar),Onion,Nasik,FAQ,2750,3000,2900,21-Jan-25
1985,Barabanki,Barabanki,Onion,Red,FAQ,2300,2400,2350,20-Jan-25
1986,Barabanki,Barabanki,Onion,Red,FAQ,2350,2450,2400,07-Jan-25
1987,Banka,Barahat,Onion,Medium,FAQ,3500,4000,3800,20-Jan-25
1988,North 24 Parganas,Barasat,Onion,Other,FAQ,3100,3100,3100,09-Jan-25
1989,Baghpat,Baraut,Onion,Red,FAQ,2300,2500,2400,14-Jan-25
1990,Bareilly,Bareilly,Onion,Red,FAQ,2200,2300,2225,19-Jan-25
1991,Bareilly,Bareilly,Onion,Red,FAQ,2375,2450,2420,04-Jan-25
1992,Bargarh,Bargarh,Onion,Other,FAQ,3200,3400,3300,09-Jan-25
1993,Bargarh,Bargarh,Onion,Other,FAQ,3500,3700,3600,02-Jan-25
1994,Thiruvananthapuram,Balarampuram,Onion,1st Sort,FAQ,5000,5000,5000,12-Jan-25
1995,Faridabad,Ballabhgarh,Onion,Other,FAQ,1500,2200,2000,19-Jan-25
1996,Ballia,Ballia,Onion,Red,FAQ,2140,2200,2170,01-Jan-25
1997,Ballia,Ballia,Onion,Red,FAQ,2430,2490,2460,11-Jan-25
1998,Balotra,Balotra,Onion,1st Sort,FAQ,2400,2500,2450,12-Jan-25
1999,Balotra,Balotra,Onion,1st Sort,FAQ,2490,2500,2495,04-Jan-25
2000,Balrampur,Balrampur,Onion,Red,FAQ,2100,2300,2200,30-Jan-25
2001,Balrampur,Balrampur,Onion,Red,FAQ,2150,2300,2220,31-Jan-25
2002,Balrampur,Balrampur,Onion,Red,FAQ,2430,2660,2550,10-Jan-25
2003,Khurda,Balugaon,Onion,Other,FAQ,2600,3000,2800,13-Jan-25
2004,Khurda,Balugaon,Onion,Other,FAQ,2800,3200,3000,10-Jan-25
2005,Khurda,Balugaon,Onion,Other,FAQ,2800,3200,3000,21-Jan-25
2006,Khurda,Balugaon,Onion,Other,Non-FAQ,2800,3200,3000,29-Jan-25
2007,Banda,Banda,Onion,Red,FAQ,1925,2070,2000,31-Jan-25
2008,Banda,Banda,Onion,Red,FAQ,2250,2400,2325,22-Jan-25
2009,Banda,Banda,Onion,Red,FAQ,2280,2425,2350,12-Jan-25
2010,Bangalore,Bangalore,Onion,Bangalore-Samall,FAQ,1000,2000,1400,07-Jan-25
2011,Bangalore,Bangalore,Onion,Local,FAQ,2000,2800,2200,04-Jan-25
2012,Bangalore,Bangalore,Onion,Local,Ref grade-1,1500,2500,2300,31-Jan-25
2013,Bangalore,Bangalore,Onion,Onion,FAQ,2500,3200,2800,29-Jan-25
2014,Bangalore,Bangalore,Onion,Puna,FAQ,3000,4000,3400,06-Jan-25
2015,Bangalore,Bangalore,Onion,Puna,Ref grade-1,2500,3400,2800,31-Jan-25
2016,Mohali,Banur,Onion,Other,FAQ,2000,2500,2000,10-Jan-25
2017,Kolkata,Bara Bazar (Posta Bazar),Onion,Nasik,FAQ,2750,3000,2850,14-Jan-25
2018,Kolkata,Bara Bazar (Posta Bazar),Onion,Nasik,FAQ,3000,3250,3150,27-Jan-25
2019,Barabanki,Barabanki,Onion,Red,FAQ,2290,2390,2340,16-Jan-25
2020,Barabanki,Barabanki,Onion,Red,FAQ,2450,2550,2500,01-Jan-25
2021,Pune,Baramati,Onion,Red,FAQ,1000,3201,2500,25-Jan-25
2022,Pune,Baramati,Onion,Red,FAQ,1000,4000,2800,01-Jan-25
2023,Pune,Baramati,Onion,Red,FAQ,1100,3201,2500,22-Jan-25
2024,Baran,Baran,Onion,Other,Non-FAQ,400,600,500,23-Jan-25
2025,Ambala,Barara,Onion,Other,FAQ,2400,3000,2800,03-Jan-25
2026,Baghpat,Baraut,Onion,Red,FAQ,2300,2500,2400,16-Jan-25
2027,Bareilly,Bareilly,Onion,Red,FAQ,2150,2225,2200,28-Jan-25
2028,Bargarh,Bargarh,Onion,Other,FAQ,2400,2600,2500,30-Jan-25
2029,Bargarh,Bargarh,Onion,Other,FAQ,2500,2700,2600,26-Jan-25
2030,Bargarh,Bargarh,Onion,Other,FAQ,3200,3400,3300,07-Jan-25
2031,Bargarh,Bargarh,Onion,Other,FAQ,3500,3700,3600,03-Jan-25
2032,Bargarh,Bargarh,Onion,Other,FAQ,3500,3700,3600,04-Jan-25
2033,Bargarh,Bargarh(Barapalli),Onion,Other,FAQ,3800,4000,3900,09-Jan-25
2034,Sounth 24 Parganas,Baruipur(Canning),Onion,Other,FAQ,2900,3100,3000,30-Jan-25
2035,Panchkula,Barwala,Onion,Onion,FAQ,2000,2500,2250,26-Jan-25
2036,Panchkula,Barwala,Onion,Onion,FAQ,2000,2500,2250,30-Jan-25
2037,Panchkula,Barwala,Onion,Onion,FAQ,2500,2500,2500,24-Jan-25
2038,Panchkula,Barwala,Onion,Onion,FAQ,2500,2700,2600,19-Jan-25
2039,Hissar,Barwala(Hisar),Onion,Other,FAQ,1600,2000,1800,19-Jan-25
2040,Hissar,Barwala(Hisar),Onion,Other,FAQ,1700,2000,1900,30-Jan-25
2041,Hissar,Barwala(Hisar),Onion,Other,FAQ,1800,2000,1900,11-Jan-25
2042,Hissar,Barwala(Hisar),Onion,Other,FAQ,1800,2000,1900,22-Jan-25
2043,Hissar,Barwala(Hisar),Onion,Other,FAQ,1800,2000,1900,28-Jan-25
2044,Hissar,Barwala(Hisar),Onion,Other,FAQ,1800,2000,1900,29-Jan-25
2045,Jaipur Rural,Bassi,Onion,Other,FAQ,4500,4700,4600,16-Jan-25
2046,Basti,Basti,Onion,Red,FAQ,2160,2300,2230,24-Jan-25
2047,Basti,Basti,Onion,Red,FAQ,2240,2340,2290,17-Jan-25
2048,Bhatinda,Bathinda,Onion,Other,FAQ,2000,2500,2000,01-Feb-25
2049,Bhatinda,Bathinda,Onion,Other,FAQ,4500,6000,5000,07-Jan-25
2050,Jammu,Batote,Onion,Other,FAQ,3000,3500,3250,08-Jan-25
2051,Bharatpur,Bayana,Onion,Onion,FAQ,1300,1300,1300,09-Jan-25
2052,Bharatpur,Bayana,Onion,Onion,FAQ,2500,2500,2500,01-Feb-25
2053,Bharatpur,Bayana,Onion,Onion,FAQ,2500,2500,2500,12-Jan-25
2054,Jalpaiguri,Belacoba,Onion,Nasik,FAQ,2800,2900,2900,26-Jan-25
2055,Belgaum,Belgaum,Onion,Pusa-Red,FAQ,1000,3500,3000,02-Jan-25
2056,Belgaum,Belgaum,Onion,Pusa-Red,FAQ,1000,4000,3200,07-Jan-25
2057,Hassan,Belur,Onion,Bombay (U.P.),FAQ,2500,3000,2500,12-Jan-25
2058,Nadia,Bethuadahari,Onion,Dry F.A.Q.,FAQ,2650,2800,2750,23-Jan-25
2059,Nadia,Bethuadahari,Onion,Dry F.A.Q.,FAQ,2700,3000,2800,30-Jan-25
2060,Nadia,Bethuadahari,Onion,Dry F.A.Q.,FAQ,2800,3150,2900,31-Jan-25
2061,Nadia,Bethuadahari,Onion,Dry F.A.Q.,FAQ,2900,3125,3000,24-Jan-25
2062,Hanumangarh,Bhadara,Onion,1st Sort,FAQ,2500,3000,2750,05-Jan-25
2063,Bhatinda,Bhagta Bhai Ka,Onion,Other,FAQ,2600,2600,2600,17-Jan-25
2064,Bhatinda,Bhagta Bhai Ka,Onion,Other,FAQ,2600,2600,2600,19-Jan-25
2065,Bhatinda,Bhagta Bhai Ka,Onion,Other,FAQ,2800,2800,2800,23-Jan-25
2066,Bhatinda,Bhagta Bhai Ka,Onion,Other,FAQ,3500,3500,3500,10-Jan-25
2067,Etawah,Bharthna,Onion,Red,FAQ,2150,2350,2250,10-Jan-25
2068,Etawah,Bharthna,Onion,Red,FAQ,2240,2440,2340,15-Jan-25
2069,Hamirpur,Bharuasumerpur,Onion,Red,FAQ,2200,2325,2275,24-Jan-25
2070,Hamirpur,Bharuasumerpur,Onion,Red,FAQ,2200,2325,2300,04-Jan-25
2071,Hamirpur,Bharuasumerpur,Onion,Red,FAQ,2300,2400,2350,21-Jan-25
2072,Bharuch,Bharuch,Onion,Other,FAQ,1300,2500,1500,02-Jan-25
2073,Bharuch,Bharuch,Onion,Other,FAQ,1500,2500,2000,06-Jan-25
2074,Kaushambi,Bharwari,Onion,Red,FAQ,1800,1950,1880,30-Jan-25
2075,Kaushambi,Bharwari,Onion,Red,FAQ,1950,2120,2060,04-Jan-25
2076,Kaushambi,Bharwari,Onion,Red,FAQ,1950,2135,2060,18-Jan-25
2077,Bhavnagar,Bhavnagar,Onion,Red,FAQ,4875,6065,5470,10-Jan-25
2078,Bhavnagar,Bhavnagar,Onion,White,FAQ,1175,1255,1215,31-Jan-25
2079,Bhilwara,Bhilwara,Onion,Other,FAQ,1600,2800,2200,11-Jan-25
2080,Bhopal,Bhopal,Onion,Onion,FAQ,1400,1500,1500,28-Jan-25
2081,Kachchh,Bhuj,Onion,Small,FAQ,1500,2500,2000,30-Jan-25
2082,Kachchh,Bhuj,Onion,Small,FAQ,1700,2500,2100,25-Jan-25
2083,Kachchh,Bhuj,Onion,Small,FAQ,2000,3000,2500,16-Jan-25
2084,Kullu,Bhuntar,Onion,Other,FAQ,3000,3200,3100,31-Jan-25
2085,Jalgaon,Bhusaval,Onion,Red,FAQ,800,1500,1000,14-Jan-25
2086,Bijapur,Bijapur,Onion,Onion,FAQ,800,3000,1800,20-Jan-25
2087,Bijnor,Bijnaur,Onion,Red,FAQ,2250,2300,2270,07-Jan-25
2088,Bikaner,Bikaner (F&V),Onion,Other,FAQ,1700,1900,1800,08-Jan-25
2089,Jalandhar,Bilga,Onion,Other,FAQ,2300,2500,2400,27-Jan-25
2090,Navsari,Bilimora,Onion,Nasik,FAQ,1500,2800,2100,31-Jan-25
2091,Navsari,Bilimora,Onion,Nasik,FAQ,2250,2750,2500,10-Jan-25
2092,Navsari,Bilimora,Onion,Nasik,FAQ,2250,2900,2600,08-Jan-25
2093,Fatehpur,Bindki,Onion,Red,FAQ,1860,2000,1940,21-Jan-25
2094,Sepahijala,Bishalgarh,Onion,Nasik,FAQ,4300,4500,4400,25-Jan-25
2095,Bankura,Bishnupur(Bankura),Onion,Nasik,FAQ,2500,3500,3000,19-Jan-25
2096,Bankura,Bishnupur(Bankura),Onion,Nasik,Non-FAQ,2500,3200,3000,27-Jan-25
2097,Bankura,Bishnupur(Bankura),Onion,Nasik,Non-FAQ,2500,3500,3000,21-Jan-25
2098,Sepahijala,Bishramganj,Onion,Nasik,FAQ,3800,4000,3900,31-Jan-25
2099,Sepahijala,Bishramganj,Onion,Nasik,FAQ,4500,5000,4800,09-Jan-25
2100,Theni,Bodinayakanur(Uzhavar Sandhai ),Onion,Bellary,Local,3800,4200,4200,14-Jan-25
2101,Davangere,Davangere,Onion,Onion,FAQ,1000,5500,3300,04-Jan-25
2102,Davangere,Davangere,Onion,Onion,FAQ,1000,5500,3300,06-Jan-25
2103,Banaskanth,Deesa(Deesa Veg Yard),Onion,Other,FAQ,1250,1400,1325,29-Jan-25
2104,Dehradoon,Dehradoon,Onion,Local,FAQ,1780,2250,2050,07-Jan-25
2105,Sagar,Deori,Onion,Onion,FAQ,1000,1000,1000,24-Jan-25
2106,Mohali,Dera Bassi,Onion,Other,FAQ,2400,2500,2400,20-Jan-25
2107,Mohali,Dera Bassi,Onion,Other,FAQ,2400,2500,2400,21-Jan-25
2108,Sivaganga,Devakottai (Uzhavar Sandhai ),Onion,Bellary,Local,4800,5600,5600,07-Jan-25
2109,Theni,Devaram(Uzhavar Sandhai ),Onion,Bellary,Local,4200,4200,4200,31-Jan-25
2110,Dhar,Dhamnod(F&V),Onion,Onion,FAQ,1800,2000,1900,17-Jan-25
2111,Amroha,Dhanaura,Onion,Medium,Non-FAQ,1200,1500,1400,21-Jan-25
2112,Mandi,Dhanotu (Mandi),Onion,Other,FAQ,2400,2500,2450,20-Jan-25
2113,Mandi,Dhanotu (Mandi),Onion,Other,FAQ,2400,3200,2800,07-Jan-25
2114,Mandi,Dhanotu (Mandi),Onion,Other,FAQ,2500,3200,2850,06-Jan-25
2115,Mandi,Dhanotu (Mandi),Onion,Other,FAQ,2800,3000,2900,30-Jan-25
2116,Kangra,Dharamshala,Onion,Other,FAQ,3000,3400,3200,16-Jan-25
2117,Kangra,Dharamshala,Onion,Other,FAQ,3000,3400,3200,17-Jan-25
2118,Thirupur,Dharapuram(Uzhavar Sandhai ),Onion,Bellary,Local,3500,4000,4000,20-Jan-25
2119,Thirupur,Dharapuram(Uzhavar Sandhai ),Onion,Bellary,Local,4000,4500,4500,10-Jan-25
2120,Thirupur,Dharapuram(Uzhavar Sandhai ),Onion,Bellary,Local,4000,4500,4500,16-Jan-25
2121,Thirupur,Dharapuram(Uzhavar Sandhai ),Onion,Bellary,Local,4000,4600,4600,01-Jan-25
2122,Dharashiv(Usmanabad),Dharashiv,Onion,Red,FAQ,1400,2800,2100,25-Jan-25
2123,Gurdaspur,Dhariwal,Onion,Other,FAQ,1700,1900,1800,23-Jan-25
2124,Gurdaspur,Dhariwal,Onion,Other,FAQ,1800,2000,1900,11-Jan-25
2125,Dharmapuri,Dharmapuri(Uzhavar Sandhai ),Onion,Bellary,Local,4000,4200,4200,16-Jan-25
2126,Dharmapuri,Dharmapuri(Uzhavar Sandhai ),Onion,Bellary,Local,4000,4200,4200,17-Jan-25
2127,Jalpaiguri,Dhupguri,Onion,Nasik,FAQ,2800,2900,2900,25-Jan-25
2128,Jalpaiguri,Dhupguri,Onion,Nasik,FAQ,2800,2900,2900,26-Jan-25
2129,Sangrur,Dhuri,Onion,Other,FAQ,2000,2700,2500,13-Jan-25
2130,Sounth 24 Parganas,Diamond Harbour(South 24-pgs),Onion,Red,FAQ,2900,3000,2950,06-Jan-25
2131,Sounth 24 Parganas,Diamond Harbour(South 24-pgs),Onion,Red,FAQ,3100,3300,3200,07-Jan-25
2132,Gurdaspur,Dinanagar,Onion,Other,FAQ,2000,2500,2500,12-Jan-25
2133,Dindigul,Dindigul(Uzhavar Sandhai ),Onion,Bellary,Local,4000,4800,4800,21-Jan-25
2134,Dindigul,Dindigul(Uzhavar Sandhai ),Onion,Bellary,Local,4000,5000,5000,25-Jan-25
2135,Dindigul,Dindigul(Uzhavar Sandhai ),Onion,Bellary,Local,4500,4800,4800,22-Jan-25
2136,Nashik,Dindori(Vani),Onion,Red,FAQ,1850,3100,2450,07-Jan-25
2137,Coochbehar,Dinhata,Onion,Onion,FAQ,2700,3000,2800,16-Jan-25
2138,Mau(Maunathbhanjan),Doharighat,Onion,Red,FAQ,3500,3600,3560,16-Jan-25
2139,Ludhiana,Doraha,Onion,Other,Non-FAQ,2300,3000,2750,28-Jan-25
2140,Sonbhadra,Dudhi,Onion,Onion,FAQ,2300,2500,2400,26-Jan-25
2141,Durg,Durg,Onion,Onion,Local,2000,2500,2500,03-Jan-25
2142,Durg,Durg,Onion,Onion,Local,3500,4000,4000,14-Jan-25
2143,Durg,Durg,Onion,Onion,Non-FAQ,2000,2500,2500,31-Jan-25
2144,Paschim Bardhaman,Durgapur,Onion,Other,FAQ,2550,2850,2600,14-Jan-25
2145,Paschim Bardhaman,Durgapur,Onion,Other,FAQ,2750,2950,2800,22-Jan-25
2146,Salem,Edapadi (Uzhavar Sandhai ),Onion,Bellary,Local,4000,5500,5500,16-Jan-25
2147,Salem,Edapadi (Uzhavar Sandhai ),Onion,Bellary,Local,5000,5500,5500,31-Jan-25
2148,Medinipur(E),Egra/contai,Onion,Onion,FAQ,2800,3000,2900,16-Jan-25
2149,Salem,Elampillai(Uzhavar Sandhai ),Onion,Bellary,Local,4000,6000,6000,03-Jan-25
2150,Salem,Elampillai(Uzhavar Sandhai ),Onion,Bellary,Local,5000,5500,5500,31-Jan-25
2151,Thiruvellore,Ambattur(Uzhavar Sandhai ),Onion,Bellary,Local,4000,4000,4000,31-Jan-25
2152,Thiruvellore,Ambattur(Uzhavar Sandhai ),Onion,Bellary,Local,5000,5000,5000,21-Jan-25
2153,Salem,Ammapet(Uzhavar Sandhai ),Onion,Bellary,Local,4500,5000,5000,14-Jan-25
2154,Salem,Ammapet(Uzhavar Sandhai ),Onion,Bellary,Local,4500,5000,5000,15-Jan-25
2155,Salem,Ammapet(Uzhavar Sandhai ),Onion,Bellary,Local,5000,5500,5500,02-Jan-25
2156,Amarawati,Amrawati(Frui & Veg. Market),Onion,Red,FAQ,800,2800,1800,24-Jan-25
2157,Amarawati,Amrawati(Frui & Veg. Market),Onion,Red,FAQ,1000,2800,1900,18-Jan-25
2158,Amarawati,Amrawati(Frui & Veg. Market),Onion,Red,Local,1000,2800,1900,28-Jan-25
2159,Amroha,Amroha,Onion,Red,FAQ,2180,2340,2260,19-Jan-25
2160,Amroha,Amroha,Onion,Red,FAQ,2200,2350,2270,07-Jan-25
2161,Amroha,Amroha,Onion,Red,FAQ,2220,2350,2300,06-Jan-25
2162,Madurai,Anaiyur(Uzhavar Sandhai ),Onion,Bellary,Local,4500,5000,5000,23-Jan-25
2163,Anand,"Anand(Veg,Yard,Anand)",Onion,Onion,FAQ,1500,2500,2000,28-Jan-25
2164,Anand,"Anand(Veg,Yard,Anand)",Onion,Onion,FAQ,2000,2500,2250,29-Jan-25
2165,Anand,"Anand(Veg,Yard,Anand)",Onion,Onion,FAQ,2000,3000,2500,09-Jan-25
2166,Maharajganj,Anandnagar,Onion,Red,FAQ,2500,3000,2750,17-Jan-25
2167,Kollam,Anchal,Onion,Other,FAQ,3700,3900,3800,08-Jan-25
2168,Bharuch,Ankleshwar,Onion,Nasik,FAQ,1200,2800,2000,21-Jan-25
2169,Bharuch,Ankleshwar,Onion,Nasik,FAQ,1800,2500,1900,22-Jan-25
2170,Madurai,Anna nagar(Uzhavar Sandhai ),Onion,Bellary,Local,5600,5600,5600,14-Jan-25
2171,Bulandshahar,Anoop Shahar,Onion,Red,FAQ,1800,2200,2000,14-Jan-25
2172,Bulandshahar,Anoop Shahar,Onion,Red,FAQ,1800,2200,2000,18-Jan-25
2173,Bareilly,Anwala,Onion,Red,FAQ,1700,2000,1800,09-Jan-25
2174,Bareilly,Anwala,Onion,Red,FAQ,1800,2100,2000,07-Jan-25
2175,Bareilly,Anwala,Onion,Red,FAQ,1800,2200,2000,20-Jan-25
2176,Thiruvananthapuram,Aralamoodu,Onion,Onion,FAQ,4500,5000,5000,15-Jan-25
2177,Thiruvananthapuram,Aralamoodu,Onion,Onion,FAQ,4500,6000,5000,03-Jan-25
2178,Thiruvananthapuram,Aralamoodu,Onion,Onion,FAQ,5000,5500,5500,08-Jan-25
2179,Thiruvannamalai,Arani(Uzhavar Sandhai ),Onion,Bellary,Local,4000,4500,4500,22-Jan-25
2180,Thiruvannamalai,Arani(Uzhavar Sandhai ),Onion,Bellary,Local,4000,5000,5000,02-Jan-25
2181,Thiruvannamalai,Arani(Uzhavar Sandhai ),Onion,Bellary,Local,4000,5000,5000,08-Jan-25
2182,Pudukkottai,Aranthangi(Uzhavar Sandhai ),Onion,Bellary,Local,4000,4500,4500,09-Jan-25
2183,Hassan,Arasikere,Onion,Onion,FAQ,1600,3000,3000,30-Jan-25
2184,Hassan,Arasikere,Onion,Onion,Ref grade-1,3000,3000,3000,01-Feb-25
2185,Ranipet,Arcot(Uzhavar Sandhai ),Onion,Bellary,Local,4000,4400,4400,19-Jan-25
2186,Ranipet,Arcot(Uzhavar Sandhai ),Onion,Bellary,Local,4000,4500,4500,31-Jan-25
2187,Ranipet,Arcot(Uzhavar Sandhai ),Onion,Bellary,Local,4400,4800,4800,02-Jan-25
2188,Ranipet,Arcot(Uzhavar Sandhai ),Onion,Bellary,Local,4500,5000,5000,08-Jan-25
2189,Ranipet,Arcot(Uzhavar Sandhai ),Onion,Bellary,Local,4800,4800,4800,11-Jan-25
2190,Ariyalur,Ariyalur(Uzhavar Sandhai),Onion,Bellary,Local,4000,4400,4400,20-Jan-25
2191,Ariyalur,Ariyalur(Uzhavar Sandhai),Onion,Bellary,Local,4000,4600,4600,15-Jan-25
2192,Alappuzha,Aroor,Onion,Big,FAQ,4200,4400,4300,15-Jan-25
2193,Alappuzha,Aroor,Onion,Big,FAQ,4200,4400,4300,22-Jan-25
2194,Alappuzha,Aroor,Onion,Small,FAQ,10000,11200,11000,25-Jan-25
2195,Virudhunagar,Aruppukottai(Uzhavar Sandhai ),Onion,Bellary,Local,3400,4000,4000,05-Jan-25
2196,Virudhunagar,Aruppukottai(Uzhavar Sandhai ),Onion,Bellary,Local,4000,5000,5000,19-Jan-25
2197,Paschim Bardhaman,Asansol,Onion,Nasik,FAQ,2550,2750,2600,02-Jan-25
2198,Paschim Bardhaman,Asansol,Onion,Nasik,FAQ,2650,2850,2750,04-Jan-25
2199,Banda,Atarra,Onion,Red,FAQ,2250,2410,2325,22-Jan-25
2200,Malda,English Bazar,Onion,Other,FAQ,2000,2800,2500,21-Jan-25
2201,Malda,English Bazar,Onion,Other,FAQ,2500,3200,2700,12-Jan-25
2202,Malda,English Bazar,Onion,Other,FAQ,2800,3200,3000,07-Jan-25
2203,Hyderabad,Erragadda(Rythu Bazar),Onion,1st Sort,FAQ,3500,3500,3500,06-Jan-25
2204,Etah,Etah,Onion,Red,FAQ,2100,2600,2320,18-Jan-25
2205,Kottayam,Ettumanoor,Onion,Onion,FAQ,3600,4000,3800,11-Jan-25
2206,Gurdaspur,F.G.Churian,Onion,Onion,FAQ,2300,2500,2400,27-Jan-25
2207,Ayodhya,Faizabad,Onion,Red,FAQ,2280,2450,2350,08-Jan-25
2208,Ayodhya,Faizabad,Onion,Red,FAQ,2400,2610,2600,01-Feb-25
2209,Ayodhya,Faizabad,Onion,Red,Non-FAQ,2100,2230,2200,30-Jan-25
2210,Alipurduar,Falakata,Onion,Other,FAQ,3000,3500,3200,04-Jan-25
2211,Gurgaon,Farukh Nagar,Onion,Other,FAQ,2000,2300,2000,24-Jan-25
2212,Farukhabad,Farukhabad,Onion,Red,FAQ,1950,2150,2050,24-Jan-25
2213,Agra,Fatehabad,Onion,Red,FAQ,1800,2000,1850,13-Jan-25
2214,Fatehpur,Fatehpur,Onion,Red,FAQ,1900,2050,1980,17-Jan-25
2215,Agra,Fatehpur Sikri,Onion,Red,FAQ,2240,2380,2300,11-Jan-25
2216,Agra,Fatehpur Sikri,Onion,Red,FAQ,2300,2450,2375,16-Jan-25
2217,Fazilka,Fazilka,Onion,Other,FAQ,2000,2500,2200,08-Jan-25
2218,Fazilka,Fazilka,Onion,Other,FAQ,2000,2500,2200,13-Jan-25
2219,Fazilka,Fazilka,Onion,Other,FAQ,2000,2500,2200,14-Jan-25
2220,Firozabad,Firozabad,Onion,Red,FAQ,2040,2235,2125,27-Jan-25
2221,Firozabad,Firozabad,Onion,Red,FAQ,2100,2300,2200,25-Jan-25
2222,Firozabad,Firozabad,Onion,Red,FAQ,2245,2450,2350,19-Jan-25
2223,Firozabad,Firozabad,Onion,Red,FAQ,2280,2450,2370,17-Jan-25
2224,Ferozpur,Firozepur City,Onion,Other,FAQ,2000,2500,2250,20-Jan-25
2225,Ferozpur,Firozepur City,Onion,Other,FAQ,3000,3500,3250,08-Jan-25
2226,Ferozpur,Firozepur City,Onion,Other,FAQ,3000,4000,3500,04-Jan-25
2227,Maharajganj,Gadaura,Onion,Red,FAQ,2200,2400,2300,09-Jan-25
2228,Maharajganj,Gadaura,Onion,Red,FAQ,2300,2500,2400,13-Jan-25
2229,Maharajganj,Gadaura,Onion,Red,FAQ,2300,2500,2400,14-Jan-25
2230,Maharajganj,Gadaura,Onion,Red,FAQ,2300,2500,2400,17-Jan-25
2231,Malda,Gajol,Onion,Other,FAQ,2000,3000,2400,25-Jan-25
2232,Malda,Gajol,Onion,Other,FAQ,2500,3000,2700,12-Jan-25
2233,Malda,Gajol,Onion,Other,FAQ,2500,3000,2700,14-Jan-25
2234,Pudukkottai,Gandarvakottai(Uzhavar Sandhai ),Onion,Bellary,Local,4000,5000,5000,01-Feb-25
2235,Pudukkottai,Gandarvakottai(Uzhavar Sandhai ),Onion,Bellary,Local,4000,5000,5000,03-Jan-25
2236,Pudukkottai,Gandarvakottai(Uzhavar Sandhai ),Onion,Bellary,Local,4400,5000,5000,11-Jan-25
2237,Pudukkottai,Gandarvakottai(Uzhavar Sandhai ),Onion,Bellary,Local,4500,5000,5000,07-Jan-25
2238,Pudukkottai,Gandarvakottai(Uzhavar Sandhai ),Onion,Bellary,Local,4500,5000,5000,29-Jan-25
2239,Saharanpur,Gangoh,Onion,Red,FAQ,1600,2100,2000,24-Jan-25
2240,Saharanpur,Gangoh,Onion,Red,FAQ,1800,2000,1900,11-Jan-25
2241,Saharanpur,Gangoh,Onion,Red,FAQ,2000,2200,2100,28-Jan-25
2242,Medinipur(W),Garbeta(Medinipur),Onion,Onion,FAQ,2400,2800,2600,02-Jan-25
2243,Medinipur(W),Garbeta(Medinipur),Onion,Onion,FAQ,2400,2800,2600,05-Jan-25
2244,Medinipur(W),Garbeta(Medinipur),Onion,Onion,FAQ,2400,2800,2600,10-Jan-25
2245,Hoshiarpur,Garh Shankar,Onion,Other,FAQ,2000,2200,2100,28-Jan-25
2246,Hoshiarpur,Garh Shankar(Mahalpur),Onion,Onion,FAQ,2000,2800,2300,24-Jan-25
2247,Hoshiarpur,Garh Shankar(Mahalpur),Onion,Onion,FAQ,2500,3000,2800,14-Jan-25
2248,Sagar,Garhakota,Onion,Onion,Non-FAQ,1050,1100,1100,26-Jan-25
2249,Hoshiarpur,GarhShankar (Kotfatuhi),Onion,Other,FAQ,2000,2500,2300,01-Feb-25
2250,Hoshiarpur,GarhShankar (Kotfatuhi),Onion,Other,FAQ,2000,2500,2300,15-Jan-25
2251,Theni,Andipatti(Uzhavar Sandhai ),Onion,Bellary,Local,4000,4500,4500,27-Jan-25
2252,Ernakulam,Angamaly,Onion,Big,FAQ,4000,5000,4500,10-Jan-25
2253,Ernakulam,Angamaly,Onion,Big,FAQ,4000,5000,4500,16-Jan-25
2254,Ernakulam,Angamaly,Onion,Big,FAQ,4000,5000,4500,30-Jan-25
2255,Ernakulam,Angamaly,Onion,Big,Non-FAQ,4000,5200,4500,24-Jan-25
2256,Bharuch,Ankleshwar,Onion,Nasik,FAQ,1200,2100,1800,17-Jan-25
2257,Bharuch,Ankleshwar,Onion,Nasik,FAQ,1800,2800,2200,31-Jan-25
2258,Madurai,Anna nagar(Uzhavar Sandhai ),Onion,Bellary,Local,4000,6000,6000,06-Jan-25
2259,Madurai,Anna nagar(Uzhavar Sandhai ),Onion,Bellary,Local,5600,5600,5600,19-Jan-25
2260,Madurai,Anna nagar(Uzhavar Sandhai ),Onion,Bellary,Local,5600,5600,5600,22-Jan-25
2261,Bulandshahar,Anoop Shahar,Onion,Red,FAQ,1800,2200,2000,20-Jan-25
2262,Bareilly,Anwala,Onion,Red,FAQ,1700,2000,1800,12-Jan-25
2263,Thiruvananthapuram,Aralamoodu,Onion,Onion,FAQ,4500,5000,5000,06-Jan-25
2264,Thiruvananthapuram,Aralamoodu,Onion,Onion,FAQ,5000,5000,5000,24-Jan-25
2265,Thiruvananthapuram,Aralamoodu,Onion,Onion,FAQ,5000,5000,5000,25-Jan-25
2266,Thiruvananthapuram,Aralamoodu,Onion,Onion,Non-FAQ,4500,5000,5000,27-Jan-25
2267,Thiruvananthapuram,Aralamoodu,Onion,Onion,Non-FAQ,5000,5000,5000,26-Jan-25
2268,Thiruvannamalai,Arani(Uzhavar Sandhai ),Onion,Bellary,Local,3500,4000,4000,17-Jan-25
2269,Thiruvannamalai,Arani(Uzhavar Sandhai ),Onion,Bellary,Local,3500,4200,4200,06-Jan-25
2270,Thiruvannamalai,Arani(Uzhavar Sandhai ),Onion,Bellary,Local,4000,4500,4500,21-Jan-25
2271,Pudukkottai,Aranthangi(Uzhavar Sandhai ),Onion,Bellary,Local,4000,4500,4500,04-Jan-25
2272,Pudukkottai,Aranthangi(Uzhavar Sandhai ),Onion,Bellary,Local,4500,5000,5000,06-Jan-25
2273,Pudukkottai,Aranthangi(Uzhavar Sandhai ),Onion,Bellary,Local,4500,5000,5000,20-Jan-25
2274,Ranipet,Arcot(Uzhavar Sandhai ),Onion,Bellary,Local,4000,4500,4500,29-Jan-25
2275,Ariyalur,Ariyalur(Uzhavar Sandhai),Onion,Bellary,Local,3500,4400,4400,12-Jan-25
2276,Ariyalur,Ariyalur(Uzhavar Sandhai),Onion,Bellary,Local,4000,4400,4400,19-Jan-25
2277,Ariyalur,Ariyalur(Uzhavar Sandhai),Onion,Bellary,Local,4000,4400,4400,27-Jan-25
2278,Ariyalur,Ariyalur(Uzhavar Sandhai),Onion,Bellary,Local,4000,4600,4600,18-Jan-25
2279,Ariyalur,Ariyalur(Uzhavar Sandhai),Onion,Bellary,Local,4500,5400,5400,26-Jan-25
2280,Alappuzha,Aroor,Onion,Big,FAQ,4200,4400,4300,25-Jan-25
2281,Alappuzha,Aroor,Onion,Small,FAQ,9200,9400,9300,11-Jan-25
2282,Alappuzha,Aroor,Onion,Small,FAQ,9500,9700,9600,06-Jan-25
2283,Virudhunagar,Aruppukottai(Uzhavar Sandhai ),Onion,Bellary,Local,3400,4000,4000,25-Jan-25
2284,Virudhunagar,Aruppukottai(Uzhavar Sandhai ),Onion,Bellary,Local,3500,4000,4000,27-Jan-25
2285,Paschim Bardhaman,Asansol,Onion,Nasik,FAQ,2650,2875,2700,05-Jan-25
2286,Paschim Bardhaman,Asansol,Onion,Nasik,FAQ,2650,2900,2750,21-Jan-25
2287,Paschim Bardhaman,Asansol,Onion,Nasik,FAQ,2750,2950,2800,22-Jan-25
2288,Anantnag,Ashahipora (Anantnagh),Onion,Other,FAQ,2500,2700,2600,15-Jan-25
2289,Anantnag,Ashahipora (Anantnagh),Onion,Other,FAQ,3200,3400,3300,04-Jan-25
2290,Banda,Atarra,Onion,Red,FAQ,2270,2425,2350,13-Jan-25
2291,Banda,Atarra,Onion,Red,FAQ,2300,2450,2375,08-Jan-25
2292,Kottayam,Athirampuzha,Onion,Onion,FAQ,7800,8000,7900,25-Jan-25
2293,Kottayam,Athirampuzha,Onion,Onion,FAQ,8800,9000,8900,07-Jan-25
2294,Kottayam,Athirampuzha,Onion,Onion,FAQ,9000,9200,9100,04-Jan-25
2295,Salem,Athur(Uzhavar Sandhai ),Onion,Bellary,Local,4000,5500,5500,23-Jan-25
2296,Salem,Athur(Uzhavar Sandhai ),Onion,Bellary,Local,4000,5500,5500,24-Jan-25
2297,Salem,Athur(Uzhavar Sandhai ),Onion,Bellary,Local,4000,5500,5500,31-Jan-25
2298,Salem,Attayampatti(Uzhavar Sandhai ),Onion,Bellary,Local,4500,5000,5000,21-Jan-25
2299,Salem,Attayampatti(Uzhavar Sandhai ),Onion,Bellary,Local,5000,5600,5600,31-Jan-25
2300,Mandsaur,Garoth,Onion,Onion,Non-FAQ,130,1450,1450,25-Jan-25
2301,Ghazipur,Gazipur,Onion,Red,FAQ,2315,2355,2335,06-Jan-25
2302,Ghazipur,Gazipur,Onion,Red,Non-FAQ,2200,2280,2240,22-Jan-25
2303,Kaithar,"Gerabari, Korha Block",Onion,Medium,FAQ,3800,4000,3900,07-Jan-25
2304,Patiala,Ghanaur,Onion,Other,FAQ,2500,3000,2800,24-Jan-25
2305,Patiala,Ghanaur,Onion,Other,FAQ,2500,3000,2800,31-Jan-25
2306,Karnal,Gharaunda,Onion,Other,FAQ,2200,2800,2800,18-Jan-25
2307,Karnal,Gharaunda,Onion,Other,FAQ,2500,2800,2800,20-Jan-25
2308,Karnal,Gharaunda,Onion,Other,FAQ,2500,3000,3000,07-Jan-25
2309,Medinipur(W),Ghatal,Onion,Onion,FAQ,2500,2700,2600,30-Jan-25
2310,Medinipur(W),Ghatal,Onion,Onion,FAQ,2600,3000,2700,10-Jan-25
2311,Medinipur(W),Ghatal,Onion,Onion,FAQ,2800,3000,2900,23-Jan-25
2312,Ghaziabad,Ghaziabad,Onion,Red,FAQ,2100,2200,2150,31-Jan-25
2313,Mainpuri,Ghiraur,Onion,Red,Non-FAQ,2230,2430,2330,21-Jan-25
2314,Villupuram,Gingee(Uzhavar Sandhai ),Onion,Bellary,Local,4000,4000,4000,19-Jan-25
2315,Villupuram,Gingee(Uzhavar Sandhai ),Onion,Bellary,Local,4000,4000,4000,27-Jan-25
2316,Villupuram,Gingee(Uzhavar Sandhai ),Onion,Bellary,Local,4000,4000,4000,29-Jan-25
2317,Erode,Gobichettipalayam(Uzhavar Sandhai ),Onion,Bellary,Local,4000,4800,4800,28-Jan-25
2318,Erode,Gobichettipalayam(Uzhavar Sandhai ),Onion,Bellary,Local,4500,4800,4800,03-Jan-25
2319,Erode,Gobichettipalayam(Uzhavar Sandhai ),Onion,Bellary,Local,4500,4800,4800,23-Jan-25
2320,Erode,Gobichettipalayam(Uzhavar Sandhai ),Onion,Bellary,Local,4500,4800,4800,30-Jan-25
2321,Erode,Gobichettipalayam(Uzhavar Sandhai ),Onion,Bellary,Local,4800,5000,5000,04-Jan-25
2322,Bargarh,Godabhaga,Onion,Other,FAQ,2800,3000,2800,30-Jan-25
2323,Sonipat,Gohana,Onion,Other,FAQ,1800,2500,2000,08-Jan-25
2324,Sonipat,Gohana,Onion,Other,FAQ,2000,2500,2200,21-Jan-25
2325,Lakhimpur,Golagokarnath,Onion,Red,FAQ,2750,2850,2820,11-Jan-25
2326,Hanumangarh,Goluwala,Onion,1st Sort,FAQ,2100,2100,2100,22-Jan-25
2327,Gonda,Gonda,Onion,Red,FAQ,2200,2400,2300,18-Jan-25
2328,Rajkot,Gondal,Onion,White,FAQ,1105,1305,1230,25-Jan-25
2329,Rajkot,Gondal,Onion,White,FAQ,1105,1880,1505,21-Jan-25
2330,Bhadohi(Sant Ravi Nagar),Gopiganj,Onion,Red,FAQ,2080,2190,2140,31-Jan-25
2331,Bhadohi(Sant Ravi Nagar),Gopiganj,Onion,Red,FAQ,2140,2250,2190,26-Jan-25
2332,Gorakhpur,Gorakhpur,Onion,Red,FAQ,2150,2250,2200,20-Jan-25
2333,Gorakhpur,Gorakhpur,Onion,Red,FAQ,2175,2275,2200,30-Jan-25
2334,The Nilgiris,Gudalur(Uzhavar Sandhai ),Onion,Bellary,Local,4000,4500,4500,14-Jan-25
2335,Hyderabad,Gudimalkapur,Onion,1st Sort,FAQ,500,3500,2000,27-Jan-25
2336,Hyderabad,Gudimalkapur,Onion,1st Sort,FAQ,800,3500,2200,21-Jan-25
2337,Vellore,Gudiyatham(Uzhavar Sandhai ),Onion,Bellary,Local,4000,4500,4500,16-Jan-25
2338,Vellore,Gudiyatham(Uzhavar Sandhai ),Onion,Bellary,Local,4200,4200,4200,12-Jan-25
2339,Chengalpattu,Guduvancheri(Uzhavar Sandhai ),Onion,Bellary,Local,3000,3500,3500,26-Jan-25
2340,Chengalpattu,Guduvancheri(Uzhavar Sandhai ),Onion,Bellary,Local,3000,4000,4000,04-Jan-25
2341,Chengalpattu,Guduvancheri(Uzhavar Sandhai ),Onion,Bellary,Local,3000,4000,4000,09-Jan-25
2342,Chengalpattu,Guduvancheri(Uzhavar Sandhai ),Onion,Bellary,Local,3000,4000,4000,10-Jan-25
2343,Chengalpattu,Guduvancheri(Uzhavar Sandhai ),Onion,Bellary,Local,3500,5000,5000,14-Jan-25
2344,Bulandshahar,Gulavati,Onion,Red,FAQ,2900,3100,3000,10-Jan-25
2345,Bulandshahar,Gulavati,Onion,Red,FAQ,3000,3200,3100,25-Jan-25
2346,Gurdaspur,Gurdaspur,Onion,Other,FAQ,2200,2400,2300,27-Jan-25
2347,Gurdaspur,Gurdaspur,Onion,Other,FAQ,2200,2400,2300,31-Jan-25
2348,Gurgaon,Gurgaon,Onion,Other,FAQ,1500,2500,2000,03-Jan-25
2349,Gurgaon,Gurgaon,Onion,Other,FAQ,2000,3000,2500,11-Jan-25
2350,Theni,Bodinayakanur(Uzhavar Sandhai ),Onion,Bellary,Local,3800,4200,4200,15-Jan-25
2351,Theni,Bodinayakanur(Uzhavar Sandhai ),Onion,Bellary,Local,4000,4400,4400,19-Jan-25
2352,Theni,Bodinayakanur(Uzhavar Sandhai ),Onion,Bellary,Local,4200,4700,4700,02-Jan-25
2353,Birbhum,Bolpur,Onion,Onion,FAQ,2500,2700,2600,07-Jan-25
2354,Birbhum,Bolpur,Onion,Onion,FAQ,2600,2800,2700,24-Jan-25
2355,Sundergarh,Bonai,Onion,Other,FAQ,4000,4000,4000,06-Jan-25
2356,Boudh,Boudh,Onion,Other,FAQ,3500,5000,4000,16-Jan-25
2357,Boudh,Boudh,Onion,Other,FAQ,4000,6000,5000,06-Jan-25
2358,Boudh,Boudh,Onion,Other,FAQ,4000,6000,5000,17-Jan-25
2359,Boudh,Boudh,Onion,Other,Non-FAQ,3000,4000,3500,18-Jan-25
2360,Boudh,Boudh,Onion,Other,Non-FAQ,3500,5000,4000,01-Feb-25
2361,Hyderabad,Bowenpally,Onion,1st Sort,FAQ,800,3000,2400,21-Jan-25
2362,Ernakulam,Broadway market,Onion,1st Sort,FAQ,3600,4400,3800,10-Jan-25
2363,Bulandshahar,Buland Shahr,Onion,Red,FAQ,2100,2300,2200,23-Jan-25
2364,Purba Bardhaman,Burdwan,Onion,Nasik,FAQ,2500,2800,2700,31-Jan-25
2365,Bhiwani,Ch. Dadri,Onion,Other,FAQ,1500,2500,2000,23-Jan-25
2366,Bhiwani,Ch. Dadri,Onion,Other,FAQ,1800,2500,2150,17-Jan-25
2367,Bhiwani,Ch. Dadri,Onion,Other,FAQ,2400,2500,2450,02-Jan-25
2368,Bijnor,Chaandpur,Onion,Red,FAQ,1200,1400,1300,31-Jan-25
2369,Thiruvananthapuram,Chala,Onion,Big,FAQ,4200,4600,4200,01-Feb-25
2370,Chamba,Chamba,Onion,Other,FAQ,2500,3000,2750,01-Feb-25
2371,Ropar (Rupnagar),Chamkaur Sahib,Onion,Other,FAQ,3200,3300,3250,10-Jan-25
2372,Hooghly,Champadanga,Onion,Nasik,FAQ,2600,2800,2800,12-Jan-25
2373,Hooghly,Champadanga,Onion,Nasik,FAQ,2800,3000,2900,21-Jan-25
2374,West District,Champaknagar,Onion,Nasik,FAQ,4000,4500,4300,10-Jan-25
2375,West District,Champaknagar,Onion,Nasik,FAQ,4000,4500,4300,27-Jan-25
2376,Bhadrak,Chandabali,Onion,Other,FAQ,3680,4000,3880,02-Jan-25
2377,Sambhal,Chandausi,Onion,Red,FAQ,2050,2150,2100,25-Jan-25
2378,Chandigarh,Chandigarh(Grain/Fruit),Onion,Other,FAQ,1000,2500,1700,11-Jan-25
2379,Chandigarh,Chandigarh(Grain/Fruit),Onion,Other,FAQ,1000,2500,2000,07-Jan-25
2380,Chandigarh,Chandigarh(Grain/Fruit),Onion,Other,FAQ,1000,2500,2000,15-Jan-25
2381,Chandauli,Chandoli,Onion,Red,FAQ,2085,2185,2135,29-Jan-25
2382,Nashik,Chandvad,Onion,Red,FAQ,852,2391,1980,14-Jan-25
2383,Aligarh,Charra,Onion,Red,FAQ,2300,2500,2400,12-Jan-25
2384,Aligarh,Charra,Onion,Red,FAQ,2300,2500,2400,29-Jan-25
2385,Kollam,Chathanoor,Onion,Other,FAQ,4800,5200,5000,31-Jan-25
2386,Kollam,Chathanoor,Onion,Other,FAQ,5800,6200,6000,19-Jan-25
2387,Chattrapati Sambhajinagar,Chattrapati Sambhajinagar,Onion,Other,FAQ,500,2000,1250,26-Jan-25
2388,Chattrapati Sambhajinagar,Chattrapati Sambhajinagar,Onion,Other,FAQ,700,2800,1600,08-Jan-25
2389,Chattrapati Sambhajinagar,Chattrapati Sambhajinagar,Onion,Other,FAQ,1500,3200,2350,02-Jan-25
2390,Thirssur,Chelakkara,Onion,Other,FAQ,5000,5500,5200,18-Jan-25
2391,Thiruvannamalai,Chengam(Uzhavar Sandhai ),Onion,Bellary,Local,3300,4000,4000,16-Jan-25
2392,Thiruvannamalai,Chengam(Uzhavar Sandhai ),Onion,Bellary,Local,3300,4000,4000,22-Jan-25
2393,Thiruvannamalai,Chengam(Uzhavar Sandhai ),Onion,Bellary,Local,3300,4000,4000,29-Jan-25
2394,Thiruvannamalai,Chengam(Uzhavar Sandhai ),Onion,Bellary,Local,3300,4000,4000,30-Jan-25
2395,Thiruvannamalai,Chengam(Uzhavar Sandhai ),Onion,Bellary,Local,4000,4800,4800,25-Jan-25
2396,Alappuzha,Chengannur,Onion,Small,FAQ,7800,8300,8000,01-Jan-25
2397,Alappuzha,Chengannur,Onion,Small,FAQ,7800,8500,8000,27-Jan-25
2398,Alappuzha,Cherthala,Onion,Big,FAQ,4500,4700,4600,27-Jan-25
2399,Alappuzha,Cherthala,Onion,Big,FAQ,5400,5600,5500,10-Jan-25
2400,Bargarh,Bargarh,Onion,Other,FAQ,3500,3700,3600,06-Jan-25
2401,Bargarh,Bargarh(Barapalli),Onion,Other,FAQ,3200,3400,3300,01-Jan-25
2402,Bargarh,Bargarh(Barapalli),Onion,Other,FAQ,3400,3600,3500,11-Jan-25
2403,Muktsar,Bariwala,Onion,Nasik,Non-FAQ,2000,2000,2000,22-Jan-25
2404,South District,Barpathari,Onion,Red,FAQ,3400,3600,3500,24-Jan-25
2405,Sounth 24 Parganas,Baruipur(Canning),Onion,Other,FAQ,2800,3000,2900,13-Jan-25
2406,Sounth 24 Parganas,Baruipur(Canning),Onion,Other,FAQ,2900,3000,2950,14-Jan-25
2407,Sounth 24 Parganas,Baruipur(Canning),Onion,Other,FAQ,2900,3000,2950,16-Jan-25
2408,Sounth 24 Parganas,Baruipur(Canning),Onion,Other,FAQ,2900,3000,2950,21-Jan-25
2409,Sounth 24 Parganas,Baruipur(Canning),Onion,Other,FAQ,2900,3000,2950,27-Jan-25
2410,Panchkula,Barwala,Onion,Onion,FAQ,2000,2500,2250,29-Jan-25
2411,Hissar,Barwala(Hisar),Onion,Other,FAQ,1800,2000,1900,26-Jan-25
2412,Jaipur Rural,Bassi,Onion,Other,FAQ,4000,4400,4200,06-Jan-25
2413,Jaipur Rural,Bassi,Onion,Other,FAQ,4200,4400,4300,10-Jan-25
2414,Fatehgarh,Bassi Pathana,Onion,Onion,FAQ,2000,2400,2200,07-Jan-25
2415,Fatehgarh,Bassi Pathana,Onion,Onion,FAQ,2000,3000,2500,13-Jan-25
2416,Basti,Basti,Onion,Red,FAQ,2370,2470,2420,08-Jan-25
2417,Gurdaspur,Batala,Onion,Other,FAQ,2800,3200,3000,30-Jan-25
2418,Bhatinda,Bathinda,Onion,Other,FAQ,2000,2500,2000,13-Jan-25
2419,Jammu,Batote,Onion,Other,FAQ,2800,3200,3000,24-Jan-25
2420,Jammu,Batote,Onion,Other,FAQ,3000,3200,3100,20-Jan-25
2421,Bharatpur,Bayana,Onion,Onion,FAQ,2000,2000,2000,13-Jan-25
2422,Bharatpur,Bayana,Onion,Onion,FAQ,2500,2500,2500,21-Jan-25
2423,Jalpaiguri,Belacoba,Onion,Nasik,FAQ,2700,2800,2800,19-Jan-25
2424,Hassan,Belur,Onion,Bombay (U.P.),FAQ,2000,2000,2000,19-Jan-25
2425,Nadia,Bethuadahari,Onion,Dry F.A.Q.,FAQ,2500,2625,2550,16-Jan-25
2426,Nadia,Bethuadahari,Onion,Dry F.A.Q.,FAQ,2700,2825,2750,11-Jan-25
2427,Nadia,Bethuadahari,Onion,Dry F.A.Q.,FAQ,3000,3200,3100,06-Jan-25
2428,Hanumangarh,Bhadara,Onion,1st Sort,FAQ,2200,3000,2667,22-Jan-25
2429,Bhatinda,Bhagta Bhai Ka,Onion,Other,FAQ,2300,2300,2300,30-Jan-25
2430,Muzaffarpur,Bhagwanpur Mandi,Onion,Medium,FAQ,3000,3200,3100,02-Jan-25
2431,Etawah,Bharthna,Onion,Red,FAQ,2050,2250,2150,01-Feb-25
2432,Hamirpur,Bharuasumerpur,Onion,Red,FAQ,2200,2300,2250,27-Jan-25
2433,Hamirpur,Bharuasumerpur,Onion,Red,FAQ,2250,2350,2300,28-Jan-25
2434,Hamirpur,Bharuasumerpur,Onion,Red,FAQ,2300,2400,2365,15-Jan-25
2435,Kaushambi,Bharwari,Onion,Red,FAQ,1800,1970,1890,27-Jan-25
2436,Bhavnagar,Bhavnagar,Onion,Red,FAQ,850,2270,1560,15-Jan-25
2437,Bhavnagar,Bhavnagar,Onion,Red,FAQ,1000,2570,1785,20-Jan-25
2438,Sangrur,Bhawanigarh,Onion,Other,FAQ,1500,2000,1750,16-Jan-25
2439,Bhilwara,Bhilwara,Onion,Other,FAQ,1500,2500,2000,25-Jan-25
2440,Bhilwara,Bhilwara,Onion,Other,FAQ,1600,2800,2200,04-Jan-25
2441,Shravasti,Bhinga,Onion,Red,FAQ,2050,2370,2200,30-Jan-25
2442,Shravasti,Bhinga,Onion,Red,FAQ,2400,2700,2560,10-Jan-25
2443,Bhatinda,Bhucho,Onion,Other,FAQ,1500,2000,1550,09-Jan-25
2444,Kullu,Bhuntar,Onion,Other,FAQ,2500,2800,2600,17-Jan-25
2445,Kullu,Bhuntar,Onion,Other,FAQ,2800,3000,2900,10-Jan-25
2446,Jalgaon,Bhusaval,Onion,Red,FAQ,1200,1800,1500,10-Jan-25
2447,Bijnor,Bijnaur,Onion,Red,FAQ,2050,2100,2070,30-Jan-25
2448,Bijnor,Bijnaur,Onion,Red,FAQ,2225,2300,2250,16-Jan-25
2449,Bilaspur,Bilaspur,Onion,Local,Local,2200,2500,2400,04-Jan-25
2450,Bilaspur,Bilaspur,Onion,Other,FAQ,2500,2900,2600,01-Feb-25
2451,Bilaspur,Bilaspur,Onion,Other,FAQ,2500,3000,2800,27-Jan-25
2452,Puruliya,Balarampur,Onion,Other,FAQ,2800,3200,3000,10-Jan-25
2453,Puruliya,Balarampur,Onion,Other,FAQ,2800,3200,3000,30-Jan-25
2454,Thiruvananthapuram,Balarampuram,Onion,1st Sort,FAQ,5000,5000,5000,03-Jan-25
2455,Thiruvananthapuram,Balarampuram,Onion,1st Sort,FAQ,5000,6000,5000,07-Jan-25
2456,Faridabad,Ballabhgarh,Onion,Other,FAQ,1000,1500,1500,15-Jan-25
2457,Faridabad,Ballabhgarh,Onion,Other,FAQ,1000,1700,1200,03-Jan-25
2458,Faridabad,Ballabhgarh,Onion,Other,FAQ,1500,2000,1800,05-Jan-25
2459,Faridabad,Ballabhgarh,Onion,Other,FAQ,2000,2500,2200,28-Jan-25
2460,Balrampur,Balrampur,Onion,Red,FAQ,2050,2280,2160,27-Jan-25
2461,Khurda,Balugaon,Onion,Other,FAQ,2500,2700,2600,29-Jan-25
2462,Bangalore,Bangalore,Onion,Bangalore-Samall,Ref grade-1,800,1500,1200,31-Jan-25
2463,Bangalore,Bangalore,Onion,Local,FAQ,2000,2500,2200,18-Jan-25
2464,Bangalore,Bangalore,Onion,Local,FAQ,2000,2800,2300,22-Jan-25
2465,Bangalore,Bangalore,Onion,Onion,FAQ,2200,2600,2300,10-Jan-25
2466,Bangalore,Bangalore,Onion,Puna,FAQ,3000,3600,3200,21-Jan-25
2467,Kolar,Bangarpet,Onion,Onion,FAQ,3000,5000,4000,23-Jan-25
2468,Bankura,Bankura Sadar,Onion,Nasik,FAQ,2800,3000,2900,01-Jan-25
2469,Bankura,Bankura Sadar,Onion,Nasik,FAQ,2850,3100,3000,22-Jan-25
2470,Mohali,Banur,Onion,Other,FAQ,1620,3300,1620,27-Jan-25
2471,Mohali,Banur,Onion,Other,FAQ,2300,2300,2300,24-Jan-25
2472,Kolkata,Bara Bazar (Posta Bazar),Onion,Nasik,FAQ,2900,3125,3000,13-Jan-25
2473,Barabanki,Barabanki,Onion,Red,FAQ,2240,2330,2280,25-Jan-25
2474,Barabanki,Barabanki,Onion,Red,FAQ,2360,2460,2410,08-Jan-25
2475,Banka,Barahat,Onion,Medium,FAQ,3500,4000,3800,26-Jan-25
2476,Pune,Baramati,Onion,Red,FAQ,1000,2700,2000,15-Jan-25
2477,Pune,Baramati,Onion,Red,FAQ,1000,3500,2800,06-Jan-25
2478,Ambala,Barara,Onion,Other,FAQ,2500,2800,2500,27-Jan-25
2479,Ambala,Barara,Onion,Other,FAQ,2500,2800,2800,13-Jan-25
2480,Ambala,Barara,Onion,Other,FAQ,2500,3000,3000,15-Jan-25
2481,North 24 Parganas,Barasat,Onion,Other,FAQ,2700,2700,2700,07-Jan-25
2482,North 24 Parganas,Barasat,Onion,Other,FAQ,2800,2800,2800,22-Jan-25
2483,North 24 Parganas,Barasat,Onion,Other,FAQ,2900,2900,2900,24-Jan-25
2484,North 24 Parganas,Barasat,Onion,Other,FAQ,3000,3000,3000,01-Feb-25
2485,Baghpat,Baraut,Onion,Red,FAQ,2050,2200,2130,30-Jan-25
2486,Baghpat,Baraut,Onion,Red,FAQ,2200,2350,2275,22-Jan-25
2487,Baghpat,Baraut,Onion,Red,FAQ,2300,2450,2375,17-Jan-25
2488,Baghpat,Baraut,Onion,Red,FAQ,2400,2600,2500,07-Jan-25
2489,Baghpat,Baraut,Onion,Red,FAQ,2450,2550,2500,05-Jan-25
2490,Baghpat,Baraut,Onion,Red,FAQ,2450,2600,2530,04-Jan-25
2491,Baghpat,Baraut,Onion,Red,FAQ,2500,2650,2570,03-Jan-25
2492,Bareilly,Bareilly,Onion,Red,FAQ,2250,2325,2300,07-Jan-25
2493,Bargarh,Bargarh,Onion,Other,FAQ,2300,2500,2400,27-Jan-25
2494,Bargarh,Bargarh,Onion,Other,FAQ,2400,2600,2500,17-Jan-25
2495,Bargarh,Bargarh,Onion,Other,FAQ,2400,2600,2500,28-Jan-25
2496,Bargarh,Bargarh,Onion,Other,FAQ,3500,3700,3600,01-Jan-25
2497,Bargarh,Bargarh(Barapalli),Onion,Other,FAQ,2600,2800,2700,20-Jan-25
2498,Bargarh,Bargarh(Barapalli),Onion,Other,FAQ,3200,3400,3300,05-Jan-25
2499,Bargarh,Bargarh(Barapalli),Onion,Other,FAQ,3500,3700,3600,10-Jan-25
2500,Barnala,Barnala,Onion,Other,FAQ,1600,2400,2000,30-Jan-25
2501,Hissar,Barwala(Hisar),Onion,Other,FAQ,1800,2000,1900,06-Jan-25
2502,Hissar,Barwala(Hisar),Onion,Other,FAQ,2000,2400,2200,25-Jan-25
2503,Basti,Basti,Onion,Red,FAQ,2150,2250,2200,01-Jan-25
2504,Basti,Basti,Onion,Red,FAQ,2200,2300,2250,22-Jan-25
2505,Salem,Attayampatti(Uzhavar Sandhai ),Onion,Bellary,Local,5500,6000,6000,01-Jan-25
2506,Auraiya,Auraiya,Onion,Red,FAQ,2050,2170,2120,01-Feb-25
2507,Auraiya,Auraiya,Onion,Red,FAQ,2150,2400,2300,08-Jan-25
2508,Auraiya,Auraiya,Onion,Red,FAQ,2300,2600,2450,12-Jan-25
2509,Krishnagiri,Avallapalli(Uzhavar Sandhai ),Onion,Bellary,Local,3500,4000,4000,12-Jan-25
2510,Etah,Awagarh,Onion,Red,FAQ,2000,2400,2200,04-Jan-25
2511,Azamgarh,Azamgarh,Onion,Red,FAQ,2125,2275,2200,28-Jan-25
2512,Azamgarh,Azamgarh,Onion,Red,FAQ,2175,2325,2250,23-Jan-25
2513,Raebarelli,Bachranwa,Onion,Red,FAQ,2250,2300,2275,01-Feb-25
2514,Raebarelli,Bachranwa,Onion,Red,FAQ,2300,2400,2350,21-Jan-25
2515,Raebarelli,Bachranwa,Onion,Red,FAQ,2350,2450,2400,24-Jan-25
2516,Badaun,Badayoun,Onion,Nasik,FAQ,2150,2300,2225,17-Jan-25
2517,Badaun,Badayoun,Onion,Nasik,FAQ,2190,2320,2245,30-Jan-25
2518,Bagalkot,Bagalakot,Onion,Onion,FAQ,500,3650,2000,07-Jan-25
2519,Chikmagalur,Bagepalli,Onion,Onion,FAQ,2000,3500,2800,20-Jan-25
2520,Chikmagalur,Bagepalli,Onion,Onion,FAQ,2500,3500,3000,03-Jan-25
2521,Moga,Baghapurana,Onion,Local,FAQ,2000,3000,2500,01-Feb-25
2522,Jhajar,Bahadurgarh,Onion,Other,FAQ,1600,2500,2000,23-Jan-25
2523,Bareilly,Bahedi,Onion,Red,FAQ,2720,2760,2735,16-Jan-25
2524,Puruliya,Balarampur,Onion,Other,FAQ,2500,2800,2600,19-Jan-25
2525,Thiruvananthapuram,Balarampuram,Onion,1st Sort,FAQ,5000,6000,6000,06-Jan-25
2526,Faridabad,Ballabhgarh,Onion,Other,FAQ,1000,1500,1200,10-Jan-25
2527,Ballia,Ballia,Onion,Red,FAQ,2370,2430,2400,16-Jan-25
2528,Balotra,Balotra,Onion,1st Sort,FAQ,1900,2000,1980,02-Jan-25
2529,Bangalore,Bangalore,Onion,Bangalore-Samall,FAQ,1000,2000,1500,02-Jan-25
2530,Bangalore,Bangalore,Onion,Bangalore-Samall,FAQ,1500,2500,2000,23-Jan-25
2531,Bangalore,Bangalore,Onion,Onion,FAQ,2800,3600,3200,03-Jan-25
2532,Bangalore,Bangalore,Onion,Puna,FAQ,2000,3400,2800,16-Jan-25
2533,Bangalore,Bangalore,Onion,Puna,FAQ,2500,3400,2800,27-Jan-25
2534,Bangalore,Bangalore,Onion,Puna,FAQ,3000,4000,3400,07-Jan-25
2535,Bankura,Bankura Sadar,Onion,Nasik,FAQ,2800,3100,3000,27-Jan-25
2536,Bankura,Bankura Sadar,Onion,Nasik,FAQ,2900,3100,3000,31-Jan-25
2537,Mohali,Banur,Onion,Other,FAQ,1330,3400,1330,29-Jan-25
2538,Mohali,Banur,Onion,Other,FAQ,1590,3300,1590,21-Jan-25
2539,Mohali,Banur,Onion,Other,FAQ,1700,4000,1700,16-Jan-25
2540,Barabanki,Barabanki,Onion,Red,FAQ,2050,2150,2100,31-Jan-25
2541,Barabanki,Barabanki,Onion,Red,FAQ,2310,2410,2360,19-Jan-25
2542,Banka,Barahat,Onion,Medium,FAQ,3500,4000,3800,19-Jan-25
2543,Banka,Barahat,Onion,Medium,FAQ,3500,4000,3800,27-Jan-25
2544,Pune,Baramati,Onion,Red,Local,1100,3200,2500,27-Jan-25
2545,Baran,Baran,Onion,Other,FAQ,500,1000,700,02-Jan-25
2546,Baran,Baran,Onion,Other,Non-FAQ,400,700,500,17-Jan-25
2547,Ambala,Barara,Onion,Other,FAQ,2000,2500,2200,23-Jan-25
2548,Ambala,Barara,Onion,Other,FAQ,2200,2800,2800,21-Jan-25
2549,North 24 Parganas,Barasat,Onion,Other,FAQ,2700,2700,2700,04-Jan-25
2550,North 24 Parganas,Barasat,Onion,Other,FAQ,3200,3200,3200,11-Jan-25
2551,Baghpat,Baraut,Onion,Red,FAQ,2300,2500,2400,13-Jan-25
2552,Baghpat,Baraut,Onion,Red,FAQ,2300,2500,2400,15-Jan-25
2553,Bareilly,Bareilly,Onion,Red,FAQ,2150,2225,2200,15-Jan-25
2554,Bareilly,Bareilly,Onion,Red,FAQ,2150,2225,2200,30-Jan-25
2555,Bareilly,Bareilly,Onion,Red,FAQ,2200,2250,2225,23-Jan-25
2556,Bareilly,Bareilly,Onion,Red,FAQ,2250,2325,2300,12-Jan-25
2557,Bareilly,Bareilly,Onion,Red,FAQ,2300,2350,2325,11-Jan-25
2558,Bhatinda,Bathinda,Onion,Other,FAQ,2000,2500,2000,17-Jan-25
2559,Bhatinda,Bathinda,Onion,Other,FAQ,2000,2500,2000,27-Jan-25
2560,Jammu,Batote,Onion,Other,FAQ,2400,2800,2600,18-Jan-25
2561,Jammu,Batote,Onion,Other,FAQ,2600,3000,2800,25-Jan-25
2562,Jalpaiguri,Belacoba,Onion,Nasik,FAQ,2800,3000,2900,24-Jan-25
2563,Belgaum,Belgaum,Onion,Pusa-Red,FAQ,1000,3500,3000,15-Jan-25
2564,Hassan,Belur,Onion,Bombay (U.P.),FAQ,4500,4500,4500,20-Jan-25
2565,Nadia,Bethuadahari,Onion,Dry F.A.Q.,FAQ,2700,2850,2700,08-Jan-25
2566,Nadia,Bethuadahari,Onion,Dry F.A.Q.,FAQ,2700,2875,2750,26-Jan-25
2567,Nadia,Bethuadahari,Onion,Dry F.A.Q.,FAQ,2750,3000,2825,22-Jan-25
2568,Nadia,Bethuadahari,Onion,Dry F.A.Q.,FAQ,2800,3100,2900,09-Jan-25
2569,Nadia,Bethuadahari,Onion,Dry F.A.Q.,Non-FAQ,2400,2600,2525,23-Jan-25
2570,Nadia,Bethuadahari,Onion,Dry F.A.Q.,Non-FAQ,2500,2725,2600,19-Jan-25
2571,Hanumangarh,Bhadara,Onion,1st Sort,FAQ,2000,2200,2000,24-Jan-25
2572,Bhatinda,Bhagta Bhai Ka,Onion,Other,FAQ,2500,2500,2500,20-Jan-25
2573,Bhatinda,Bhagta Bhai Ka,Onion,Other,FAQ,3300,3300,3300,05-Jan-25
2574,Etawah,Bharthna,Onion,Red,FAQ,2130,2330,2230,28-Jan-25
2575,Etawah,Bharthna,Onion,Red,FAQ,2250,2450,2350,09-Jan-25
2576,Hamirpur,Bharuasumerpur,Onion,Red,FAQ,2300,2425,2400,08-Jan-25
2577,Hamirpur,Bharuasumerpur,Onion,Red,FAQ,2300,2425,2400,12-Jan-25
2578,Hamirpur,Bharuasumerpur,Onion,Red,FAQ,2300,2450,2325,20-Jan-25
2579,Bharuch,Bharuch,Onion,Other,FAQ,1200,2200,1500,08-Jan-25
2580,Kaushambi,Bharwari,Onion,Red,FAQ,2000,2150,2080,16-Jan-25
2581,Kaushambi,Bharwari,Onion,Red,FAQ,2020,2190,2110,07-Jan-25
2582,Kaushambi,Bharwari,Onion,Red,FAQ,2050,2225,2140,17-Jan-25
2583,Sangrur,Bhawanigarh,Onion,Other,FAQ,1500,1700,1600,19-Jan-25
2584,Sangrur,Bhawanigarh,Onion,Other,FAQ,1800,2200,2000,21-Jan-25
2585,Bhilwara,Bhilwara,Onion,Other,FAQ,1500,2500,2000,30-Jan-25
2586,Shravasti,Bhinga,Onion,Red,FAQ,2200,2500,2340,02-Jan-25
2587,Bhopal,Bhopal,Onion,Onion,FAQ,1425,1500,1500,18-Jan-25
2588,Kachchh,Bhuj,Onion,Small,FAQ,2200,3000,2600,03-Jan-25
2589,Jalgaon,Bhusaval,Onion,Red,FAQ,1000,1500,1200,11-Jan-25
2590,Jalgaon,Bhusaval,Onion,Red,FAQ,1000,1500,1200,12-Jan-25
2591,Jalgaon,Bhusaval,Onion,Red,FAQ,1200,2000,1500,17-Jan-25
2592,Bijapur,Bijapur,Onion,Onion,FAQ,1000,3500,2000,06-Jan-25
2593,Jalandhar,Bilga,Onion,Other,FAQ,2300,2500,2400,15-Jan-25
2594,Badaun,Bilsi,Onion,Red,FAQ,2200,2300,2250,27-Jan-25
2595,Fatehpur,Bindki,Onion,Red,FAQ,1700,1800,1760,29-Jan-25
2596,Fatehpur,Bindki,Onion,Red,FAQ,1850,2050,1900,17-Jan-25
2597,Birbhum,Birbhum,Onion,Other,FAQ,2600,2800,2700,11-Jan-25
2598,Birbhum,Birbhum,Onion,Other,FAQ,2600,2800,2700,12-Jan-25
2599,Birbhum,Birbhum,Onion,Other,FAQ,2600,2800,2700,23-Jan-25
2600,Sepahijala,Bishalgarh,Onion,Nasik,FAQ,3800,4000,3900,30-Jan-25
2601,Bishnupur,Bishenpur,Onion,Onion,FAQ,4000,4500,4250,29-Jan-25
2602,Bankura,Bishnupur(Bankura),Onion,Nasik,FAQ,2500,3500,3300,11-Jan-25
2603,Sepahijala,Bishramganj,Onion,Nasik,FAQ,4300,4500,4400,19-Jan-25
2604,Sepahijala,Bishramganj,Onion,Nasik,FAQ,4300,4500,4400,22-Jan-25
2605,Sepahijala,Bishramganj,Onion,Nasik,FAQ,4300,4500,4400,23-Jan-25
2606,Theni,Bodinayakanur(Uzhavar Sandhai ),Onion,Bellary,Local,3800,4200,4200,17-Jan-25
2607,Theni,Bodinayakanur(Uzhavar Sandhai ),Onion,Bellary,Local,4200,4600,4600,20-Jan-25
2608,Theni,Bodinayakanur(Uzhavar Sandhai ),Onion,Bellary,Local,4200,4700,4700,09-Jan-25
2609,Theni,Bodinayakanur(Uzhavar Sandhai ),Onion,Bellary,Local,4200,4700,4700,12-Jan-25
2610,Theni,Bodinayakanur(Uzhavar Sandhai ),Onion,Bellary,Local,4200,4700,4700,30-Jan-25
2611,Gurgaon,Gurgaon,Onion,Other,FAQ,2000,3000,2500,24-Jan-25
2612,Hathras,Haathras,Onion,Red,FAQ,2250,2450,2350,01-Jan-25
2613,North 24 Parganas,Habra,Onion,Other,FAQ,2600,3000,3000,21-Jan-25
2614,Nanital,Haldwani,Onion,Other,FAQ,1500,1900,1700,15-Jan-25
2615,Hamirpur,Hamirpur,Onion,Other,FAQ,2800,3000,2900,23-Jan-25
2616,Hissar,Hansi,Onion,Other,FAQ,1500,2500,2000,24-Jan-25
2617,Ghaziabad,Hapur,Onion,Red,FAQ,2100,2200,2140,28-Jan-25
2618,Ghaziabad,Hapur,Onion,Red,FAQ,2300,2500,2400,11-Jan-25
2619,Ghaziabad,Hapur,Onion,Red,FAQ,2550,2660,2600,02-Jan-25
2620,Hardoi,Hardoi,Onion,Pusa-Red,FAQ,2500,2580,2550,09-Jan-25
2621,Sitapur,Hargaon (Laharpur),Onion,Nasik,FAQ,2600,2800,2700,27-Jan-25
2622,Dharmapuri,Harur(Uzhavar Sandhai ),Onion,Bellary,Local,4000,4500,4500,23-Jan-25
2623,Dharmapuri,Harur(Uzhavar Sandhai ),Onion,Bellary,Local,4300,4500,4500,05-Jan-25
2624,Dharmapuri,Harur(Uzhavar Sandhai ),Onion,Bellary,Local,4300,4500,4500,11-Jan-25
2625,Palwal,Hassanpur,Onion,Other,Non-FAQ,1400,1400,1400,19-Jan-25
2626,Dhenkanal,Hindol,Onion,Other,FAQ,3000,3500,3200,09-Jan-25
2627,Dhenkanal,Hindol,Onion,Other,FAQ,3000,3500,3200,16-Jan-25
2628,Dhenkanal,Hindol,Onion,Other,Non-FAQ,3000,3500,3200,22-Jan-25
2629,Dhenkanal,Hindol,Onion,Other,Non-FAQ,3000,4000,3500,01-Feb-25
2630,Nagpur,Hingna,Onion,Red,Local,2300,3000,2700,01-Feb-25
2631,Ganjam,Hinjilicut,Onion,Other,FAQ,2500,4000,3000,02-Jan-25
2632,Ganjam,Hinjilicut,Onion,Other,FAQ,2500,4000,3000,15-Jan-25
2633,Hissar,Hissar,Onion,Other,FAQ,1400,2000,1800,27-Jan-25
2634,Hissar,Hissar,Onion,Other,FAQ,1500,2200,2000,11-Jan-25
2635,Palwal,Hodal,Onion,Onion,FAQ,2500,2800,2600,27-Jan-25
2636,Hoshangabad,Hoshangabad(F&V),Onion,Onion,FAQ,810,1390,1160,03-Jan-25
2637,Hoshangabad,Hoshangabad(F&V),Onion,Onion,FAQ,1410,2350,1730,23-Jan-25
2638,Hoshangabad,Hoshangabad(F&V),Onion,Onion,FAQ,1550,2660,1930,01-Feb-25
2639,Hoshiarpur,Hoshiarpur,Onion,Other,FAQ,1700,1800,1800,21-Jan-25
2640,Krishnagiri,Hosur(Uzhavar Sandhai ),Onion,Bellary,Local,3500,4000,4000,30-Jan-25
2641,Krishnagiri,Hosur(Uzhavar Sandhai ),Onion,Bellary,Local,4000,4500,4500,18-Jan-25
2642,Dharwad,Hubli (Amaragol),Onion,Local,FAQ,200,3500,1300,02-Jan-25
2643,Dharwad,Hubli (Amaragol),Onion,Puna,FAQ,500,3000,1500,15-Jan-25
2644,Dharwad,Hubli (Amaragol),Onion,Puna,FAQ,500,3200,1600,28-Jan-25
2645,Dharwad,Hubli (Amaragol),Onion,Puna,FAQ,500,3500,1800,27-Jan-25
2646,Dharwad,Hubli (Amaragol),Onion,Puna,FAQ,1000,3800,2000,25-Jan-25
2647,Dharwad,Hubli (Amaragol),Onion,Telagi,FAQ,500,2800,1300,23-Jan-25
2648,Imphal West,Imphal,Onion,Other,FAQ,4200,5000,4600,16-Jan-25
2649,Indore,Indore,Onion,Onion,FAQ,418,2669,2138,21-Jan-25
2650,Indore,Indore,Onion,Onion,Non-FAQ,469,2373,2373,31-Jan-25
2651,Indore,Indore,Onion,Other,FAQ,1285,2243,2007,31-Jan-25
2652,Indore,Indore,Onion,Other,FAQ,1528,2329,2012,29-Jan-25
2653,Karnal,Indri,Onion,Other,Non-FAQ,2500,2500,2500,25-Jan-25
2654,Amethi,Jafarganj,Onion,Red,FAQ,2050,2150,2100,01-Feb-25
2655,Amethi,Jafarganj,Onion,Red,FAQ,2250,2350,2300,16-Jan-25
2656,Amethi,Jafarganj,Onion,Red,FAQ,2320,2400,2360,11-Jan-25
2657,Amethi,Jafarganj,Onion,Red,FAQ,2400,2500,2450,05-Jan-25
2658,Yamuna Nagar,Jagadhri,Onion,Other,FAQ,2000,2500,2250,16-Jan-25
2659,Yamuna Nagar,Jagadhri,Onion,Other,FAQ,2000,2500,2250,17-Jan-25
2660,Agra,Jagnair,Onion,Red,FAQ,1400,1600,1500,31-Jan-25
2661,Madhubani,Jahajharpur,Onion,Medium,FAQ,3100,3300,3200,15-Jan-25
2662,Bulandshahar,Jahangirabad,Onion,Red,FAQ,1975,2165,2070,01-Feb-25
2663,Yamuna Nagar,Chhachrauli,Onion,Onion,FAQ,1600,2500,1600,29-Jan-25
2664,Yamuna Nagar,Chhachrauli,Onion,Onion,FAQ,1800,2500,1800,11-Jan-25
2665,Yamuna Nagar,Chhachrauli,Onion,Other,FAQ,1700,2700,1700,27-Jan-25
2666,Kannuj,Chhibramau,Onion,Red,FAQ,2050,2150,2100,29-Jan-25
2667,Kannuj,Chhibramau,Onion,Red,FAQ,2300,2400,2340,17-Jan-25
2668,Cuddalore,Chidambaram(Uzhavar Sandhai ),Onion,Bellary,Local,4000,4000,4000,05-Jan-25
2669,Cuddalore,Chidambaram(Uzhavar Sandhai ),Onion,Bellary,Local,4000,5000,5000,31-Jan-25
2670,Chikmagalur,Chikkamagalore,Onion,Other,FAQ,3923,4123,4023,01-Jan-25
2671,Dindigul,Chinnalapatti(Uzhavar Sandhai ),Onion,Bellary,Local,5000,5600,5600,06-Jan-25
2672,Theni,Chinnamanur(Uzhavar Sandhai ),Onion,Bellary,Local,4400,4400,4400,02-Jan-25
2673,Theni,Chinnamanur(Uzhavar Sandhai ),Onion,Bellary,Local,4600,4600,4600,07-Jan-25
2674,Jhansi,Chirgaon,Onion,Red,FAQ,2000,2100,2080,28-Jan-25
2675,Ballia,Chitwadagaon,Onion,Red,FAQ,2440,2530,2490,08-Jan-25
2676,Ballia,Chitwadagaon,Onion,Red,Non-FAQ,2200,2290,2250,25-Jan-25
2677,Ballia,Chitwadagaon,Onion,Red,Non-FAQ,2220,2310,2270,22-Jan-25
2678,Ballia,Chitwadagaon,Onion,Red,Non-FAQ,2300,2390,2340,18-Jan-25
2679,Madurai,Chokkikulam(Uzhavar Sandhai ),Onion,Bellary,Local,4800,5000,5000,24-Jan-25
2680,Madurai,Chokkikulam(Uzhavar Sandhai ),Onion,Bellary,Local,4800,5200,5200,21-Jan-25
2681,Jaipur Rural,Chomu (F&V),Onion,Other,FAQ,1400,2000,1700,07-Jan-25
2682,Jaipur Rural,Chomu (F&V),Onion,Other,FAQ,2000,2600,2300,02-Jan-25
2683,Kanpur,Choubepur,Onion,Red,FAQ,2300,2500,2400,17-Jan-25
2684,Kanpur,Choubepur,Onion,Red,FAQ,2700,2900,2800,02-Jan-25
2685,Mayurbhanja,Chuliaposi,Onion,1st Sort,FAQ,3400,3500,3400,25-Jan-25
2686,Saharanpur,Chutmalpur,Onion,Red,FAQ,1400,1600,1500,04-Jan-25
2687,Saharanpur,Chutmalpur,Onion,Red,FAQ,1500,1700,1600,09-Jan-25
2688,Coochbehar,Coochbehar,Onion,Other,FAQ,2300,2500,2400,15-Jan-25
2689,Coochbehar,Coochbehar,Onion,Other,FAQ,2400,2550,2500,12-Jan-25
2690,The Nilgiris,Coonoor(Uzhavar Sandhai ),Onion,Bellary,Local,4000,4500,4500,01-Jan-25
2691,The Nilgiris,Coonoor(Uzhavar Sandhai ),Onion,Bellary,Local,4000,5800,5800,09-Jan-25
2692,Cuddalore,Cuddalore(Uzhavar Sandhai ),Onion,Bellary,Local,4000,6000,6000,13-Jan-25
2693,Hoshiarpur,Dasuya,Onion,Other,FAQ,2000,2400,2200,02-Jan-25
2694,Davangere,Davangere,Onion,Onion,FAQ,1000,5500,3300,07-Jan-25
2695,Banaskanth,Deesa(Deesa Veg Yard),Onion,Other,FAQ,750,1250,1000,15-Jan-25
2696,Dehradoon,Dehradoon,Onion,Nasik,FAQ,1800,2500,2200,25-Jan-25
2697,Dehradoon,Dehradoon,Onion,Nasik,Non-FAQ,1800,2500,2200,26-Jan-25
2698,Krishnagiri,Denkanikottai(Uzhavar Sandhai ),Onion,Bellary,Local,3000,4000,4000,26-Jan-25
2699,Krishnagiri,Denkanikottai(Uzhavar Sandhai ),Onion,Bellary,Local,4000,4500,4500,08-Jan-25
2700,Sagar,Deori,Onion,Onion,FAQ,850,850,850,05-Jan-25
2701,Sagar,Deori,Onion,Onion,FAQ,1000,1000,1000,10-Jan-25
2702,Sagar,Deori,Onion,Onion,Non-FAQ,1000,1030,1000,31-Jan-25
2703,Sagar,Deori,Onion,Onion,Non-FAQ,1000,1100,1100,24-Jan-25
2704,Mohali,Dera Bassi,Onion,Other,FAQ,1800,2000,2000,24-Jan-25
2705,Mohali,Dera Bassi,Onion,Other,FAQ,2400,2500,2500,09-Jan-25
2706,Mohali,Dera Bassi,Onion,Other,FAQ,2500,2600,2500,07-Jan-25
2707,Sivaganga,Devakottai (Uzhavar Sandhai ),Onion,Bellary,Local,5000,5400,5400,11-Jan-25
2708,Sivaganga,Devakottai (Uzhavar Sandhai ),Onion,Bellary,Local,5200,5600,5600,21-Jan-25
2709,Sivaganga,Devakottai (Uzhavar Sandhai ),Onion,Bellary,Local,5200,5600,5600,22-Jan-25
2710,Nashik,Devala,Onion,Red,FAQ,750,2550,2250,21-Jan-25
2711,Nashik,Devala,Onion,Red,Local,800,2300,2100,31-Jan-25
2712,Nashik,Devala,Onion,Red,Local,900,2440,2200,29-Jan-25
2713,Mayurbhanja,Chuliaposi,Onion,1st Sort,FAQ,3500,3600,3500,31-Jan-25
2714,Mayurbhanja,Chuliaposi,Onion,1st Sort,FAQ,3500,3700,3500,21-Jan-25
2715,Churu,Churu,Onion,1st Sort,Non-FAQ,1500,1700,1600,25-Jan-25
2716,Churu,Churu,Onion,1st Sort,Non-FAQ,1600,1800,1700,31-Jan-25
2717,Churu,Churu,Onion,1st Sort,Non-FAQ,1700,1800,1750,29-Jan-25
2718,Saharanpur,Chutmalpur,Onion,Red,FAQ,1350,1550,1450,17-Jan-25
2719,Saharanpur,Chutmalpur,Onion,Red,FAQ,1350,1550,1450,22-Jan-25
2720,Saharanpur,Chutmalpur,Onion,Red,FAQ,2100,2450,2300,31-Jan-25
2721,Coochbehar,Coochbehar,Onion,Other,FAQ,2700,2900,2800,11-Jan-25
2722,The Nilgiris,Coonoor(Uzhavar Sandhai ),Onion,Bellary,Local,4000,4400,4400,18-Jan-25
2723,The Nilgiris,Coonoor(Uzhavar Sandhai ),Onion,Bellary,Local,4000,5000,5000,13-Jan-25
2724,The Nilgiris,Coonoor(Uzhavar Sandhai ),Onion,Bellary,Local,4500,4800,4800,03-Jan-25
2725,The Nilgiris,Coonoor(Uzhavar Sandhai ),Onion,Bellary,Local,4500,5000,5000,29-Jan-25
2726,Cuddalore,Cuddalore(Uzhavar Sandhai ),Onion,Bellary,Local,4000,6000,6000,02-Jan-25
2727,Gautam Budh Nagar,Dadri,Onion,Red,FAQ,1900,2330,2100,01-Feb-25
2728,Gautam Budh Nagar,Dadri,Onion,Red,FAQ,1980,2240,2100,31-Jan-25
2729,Dahod,Dahod(Veg. Market),Onion,Onion,FAQ,1000,3000,2000,01-Jan-25
2730,Gautam Budh Nagar,Dankaur,Onion,Red,FAQ,2400,2600,2500,05-Jan-25
2731,Gautam Budh Nagar,Dankaur,Onion,Red,FAQ,2400,2750,2600,01-Jan-25
2732,Hoshiarpur,Dasuya,Onion,Other,FAQ,2200,2600,2400,07-Jan-25
2733,Banaskanth,Deesa(Deesa Veg Yard),Onion,Other,FAQ,800,1350,1075,16-Jan-25
2734,Banaskanth,Deesa(Deesa Veg Yard),Onion,Other,FAQ,800,1450,1125,18-Jan-25
2735,Banaskanth,Deesa(Deesa Veg Yard),Onion,Other,FAQ,1250,1400,1325,31-Jan-25
2736,Banaskanth,Deesa(Deesa Veg Yard),Onion,Other,FAQ,2000,2500,2250,06-Jan-25
2737,Dehradoon,Dehradoon,Onion,Nasik,FAQ,1500,2200,1800,10-Jan-25
2738,Sagar,Deori,Onion,Onion,FAQ,1000,1000,1000,17-Jan-25
2739,Mohali,Dera Bassi,Onion,Other,FAQ,2200,2400,2400,29-Jan-25
2740,Mohali,Dera Bassi,Onion,Other,FAQ,2400,2500,2400,18-Jan-25
2741,Mohali,Dera Bassi,Onion,Other,FAQ,2400,2500,2500,05-Jan-25
2742,Nashik,Devala,Onion,Red,Local,900,2370,2150,30-Jan-25
2743,Theni,Devaram(Uzhavar Sandhai ),Onion,Bellary,Local,4000,4000,4000,05-Jan-25
2744,Theni,Devaram(Uzhavar Sandhai ),Onion,Bellary,Local,4000,4200,4200,11-Jan-25
2745,Theni,Devaram(Uzhavar Sandhai ),Onion,Bellary,Local,4400,4400,4400,20-Jan-25
2746,Theni,Devaram(Uzhavar Sandhai ),Onion,Bellary,Local,4600,4600,4600,07-Jan-25
2747,Deoria,Devariya,Onion,Red,FAQ,2340,2360,2355,07-Jan-25
2748,Deoria,Devariya,Onion,Red,FAQ,2340,2365,2350,09-Jan-25
2749,Deoria,Devariya,Onion,Red,Non-FAQ,2220,2235,2225,21-Jan-25
2750,Dhar,Dhamnod(F&V),Onion,Onion,FAQ,1500,2000,1800,03-Jan-25
2751,Amroha,Dhanaura,Onion,Medium,Non-FAQ,1000,1500,1200,25-Jan-25
2752,Kaithal,Dhand,Onion,Other,FAQ,2500,2600,2560,16-Jan-25
2753,Kaithal,Dhand,Onion,Other,FAQ,2500,2700,2670,29-Jan-25
2754,Kaithal,Dhand,Onion,Other,FAQ,3000,3300,3200,03-Jan-25
2755,Kaithal,Dhand,Onion,Other,FAQ,3000,3300,3280,07-Jan-25
2756,Mandi,Dhanotu (Mandi),Onion,Other,FAQ,2400,3000,2700,16-Jan-25
2757,Moga,Dharamkot,Onion,Other,FAQ,2600,2600,2600,28-Jan-25
2758,Thirupur,Dharapuram(Uzhavar Sandhai ),Onion,Bellary,Local,4000,4500,4500,01-Feb-25
2759,Dharashiv(Usmanabad),Dharashiv,Onion,Red,FAQ,1200,2900,2050,08-Jan-25
2760,Gurdaspur,Dhariwal,Onion,Other,FAQ,1500,1800,1700,02-Jan-25
2761,Gurdaspur,Dhariwal,Onion,Other,FAQ,1600,1900,1800,27-Jan-25
2762,Gurdaspur,Dhariwal,Onion,Other,FAQ,1700,1900,1800,18-Jan-25
2763,Gurdaspur,Dhariwal,Onion,Other,FAQ,1700,2000,1900,20-Jan-25
2764,Theni,Devaram(Uzhavar Sandhai ),Onion,Bellary,Local,4500,4500,4500,09-Jan-25
2765,Deoria,Devariya,Onion,Red,FAQ,2250,2275,2260,02-Jan-25
2766,Amroha,Dhanaura,Onion,Medium,FAQ,1200,1500,1400,04-Jan-25
2767,Kaithal,Dhand,Onion,Other,FAQ,2500,2800,2700,06-Jan-25
2768,Kaithal,Dhand,Onion,Other,FAQ,2700,3000,2900,02-Jan-25
2769,Kangra,Dharamshala,Onion,Other,FAQ,3000,3400,3200,15-Jan-25
2770,Kangra,Dharamshala,Onion,Other,FAQ,3400,4000,3700,02-Jan-25
2771,Kangra,Dharamshala,Onion,Other,FAQ,3500,4000,3750,03-Jan-25
2772,Thirupur,Dharapuram(Uzhavar Sandhai ),Onion,Bellary,Local,4000,4500,4500,09-Jan-25
2773,Thirupur,Dharapuram(Uzhavar Sandhai ),Onion,Bellary,Local,4000,4500,4500,12-Jan-25
2774,Dharashiv(Usmanabad),Dharashiv,Onion,Red,FAQ,600,3000,1800,09-Jan-25
2775,Dharashiv(Usmanabad),Dharashiv,Onion,Red,FAQ,1500,3000,2250,10-Jan-25
2776,Dharmapuri,Dharmapuri(Uzhavar Sandhai ),Onion,Bellary,Local,4400,4800,4800,04-Jan-25
2777,Dharmapuri,Dharmapuri(Uzhavar Sandhai ),Onion,Bellary,Local,4500,4800,4800,09-Jan-25
2778,Rajkot,Dhoraji,Onion,Nasik,FAQ,500,2005,1855,27-Jan-25
2779,Rajkot,Dhoraji,Onion,Nasik,FAQ,530,2280,1905,29-Jan-25
2780,Rajkot,Dhoraji,Onion,Nasik,FAQ,605,2005,1680,03-Jan-25
2781,Dhule,Dhule,Onion,Red,FAQ,200,2470,2280,04-Jan-25
2782,Dhule,Dhule,Onion,Red,FAQ,200,2500,2350,07-Jan-25
2783,Jalpaiguri,Dhupguri,Onion,Nasik,FAQ,2900,3000,3000,17-Jan-25
2784,Jalpaiguri,Dhupguri,Onion,Nasik,FAQ,2900,3100,3000,03-Jan-25
2785,Sangrur,Dhuri,Onion,Onion,FAQ,2100,2500,2400,22-Jan-25
2786,Sangrur,Dhuri,Onion,Other,FAQ,2200,2600,2400,17-Jan-25
2787,Sangrur,Dhuri,Onion,Other,FAQ,2200,2700,2300,10-Jan-25
2788,Sounth 24 Parganas,Diamond Harbour(South 24-pgs),Onion,Red,FAQ,2900,3000,2950,05-Jan-25
2789,Sounth 24 Parganas,Diamond Harbour(South 24-pgs),Onion,Red,FAQ,3200,3300,3250,09-Jan-25
2790,Gurdaspur,Dinanagar,Onion,Other,FAQ,2000,2500,2500,18-Jan-25
2791,Dindigul,Dindigul(Uzhavar Sandhai ),Onion,Bellary,Local,3000,5000,5000,02-Jan-25
2792,Dindigul,Dindigul(Uzhavar Sandhai ),Onion,Bellary,Local,5000,5600,5600,12-Jan-25
2793,Dindigul,Dindigul(Uzhavar Sandhai ),Onion,Bellary,Local,5600,5600,5600,06-Jan-25
2794,Coochbehar,Dinhata,Onion,Onion,FAQ,2700,2900,2800,18-Jan-25
2795,Coochbehar,Dinhata,Onion,Onion,FAQ,2700,3000,2800,17-Jan-25
2796,Coochbehar,Dinhata,Onion,Onion,FAQ,2800,3000,3000,05-Jan-25
2797,Coochbehar,Dinhata,Onion,Onion,FAQ,2800,3000,3000,23-Jan-25
2798,Coochbehar,Dinhata,Onion,Onion,FAQ,2800,3200,3000,25-Jan-25
2799,Coochbehar,Dinhata,Onion,Onion,FAQ,3000,3200,3100,02-Jan-25
2800,Bulandshahar,Divai,Onion,Red,FAQ,1400,1600,1500,20-Jan-25
2801,Bangalore,Doddaballa Pur,Onion,Onion,FAQ,3000,4000,3500,20-Jan-25
2802,Mau(Maunathbhanjan),Doharighat,Onion,Red,FAQ,3400,3500,3465,10-Jan-25
2803,Mau(Maunathbhanjan),Doharighat,Onion,Red,Non-FAQ,3400,3500,3465,01-Feb-25
2804,Ludhiana,Doraha,Onion,Other,Non-FAQ,2300,3000,2770,30-Jan-25
2805,Dungarpur,Dungarpur,Onion,1st Sort,FAQ,2076,2126,2100,09-Jan-25
2806,Sonepur,Dungurapalli,Onion,Other,FAQ,3000,3200,3100,13-Jan-25
2807,Sonepur,Dungurapalli,Onion,Other,FAQ,3200,3200,3200,03-Jan-25
2808,Durg,Durg,Onion,Onion,Local,2200,2600,2600,09-Jan-25
2809,Paschim Bardhaman,Durgapur,Onion,Other,FAQ,2800,3000,2950,29-Jan-25
2810,Salem,Edapadi (Uzhavar Sandhai ),Onion,Bellary,Local,5500,6000,6000,28-Jan-25
2811,Medinipur(E),Egra/contai,Onion,Onion,FAQ,2800,3000,2900,19-Jan-25
2812,Medinipur(E),Egra/contai,Onion,Onion,FAQ,3500,3800,3600,02-Jan-25
2813,Malda,English Bazar,Onion,Other,FAQ,2000,2700,2400,20-Jan-25
2814,Malda,English Bazar,Onion,Other,FAQ,2000,2800,2500,27-Jan-25
2815,Birbhum,Bolpur,Onion,Onion,FAQ,2500,2700,2600,06-Jan-25
2816,Birbhum,Bolpur,Onion,Onion,FAQ,2600,2800,2700,16-Jan-25
2817,Birbhum,Bolpur,Onion,Onion,FAQ,2600,2800,2700,26-Jan-25
2818,Birbhum,Bolpur,Onion,Onion,FAQ,2600,2800,2700,29-Jan-25
2819,Birbhum,Bolpur,Onion,Onion,FAQ,2700,2900,2800,10-Jan-25
2820,Boudh,Boudh,Onion,Other,FAQ,3000,5000,4000,31-Jan-25
2821,Boudh,Boudh,Onion,Other,Non-FAQ,3000,4000,3500,31-Jan-25
2822,Hyderabad,Bowenpally,Onion,1st Sort,FAQ,1000,2500,2000,17-Jan-25
2823,Ernakulam,Broadway market,Onion,1st Sort,FAQ,3200,4500,3400,13-Jan-25
2824,Ernakulam,Broadway market,Onion,1st Sort,FAQ,4000,5000,4200,08-Jan-25
2825,Bulandshahar,Buland Shahr,Onion,Red,FAQ,2100,2350,2275,21-Jan-25
2826,Bulandshahar,Buland Shahr,Onion,Red,FAQ,2200,2600,2400,13-Jan-25
2827,Bhiwani,Ch. Dadri,Onion,Other,FAQ,1500,2500,2000,20-Jan-25
2828,Bhiwani,Ch. Dadri,Onion,Other,FAQ,1800,2200,2000,09-Jan-25
2829,Bhiwani,Ch. Dadri,Onion,Other,FAQ,1800,2500,2150,08-Jan-25
2830,Bhiwani,Ch. Dadri,Onion,Other,FAQ,1800,4000,2900,06-Jan-25
2831,Bhiwani,Ch. Dadri,Onion,Other,FAQ,2000,3000,2500,03-Jan-25
2832,Bijnor,Chaandpur,Onion,Red,FAQ,1500,1700,1600,16-Jan-25
2833,Nadia,Chakdah,Onion,Other,FAQ,2800,3000,2900,19-Jan-25
2834,Nadia,Chakdah,Onion,Other,FAQ,3100,3300,3200,25-Jan-25
2835,Nadia,Chakdah,Onion,Other,FAQ,3200,3350,3300,28-Jan-25
2836,Thiruvananthapuram,Chala,Onion,Big,Non-FAQ,6600,7800,6800,28-Jan-25
2837,Thiruvananthapuram,Chala,Onion,Onion,FAQ,9600,9800,9600,06-Jan-25
2838,Thirssur,Chalakudy,Onion,Onion,FAQ,3700,4500,4500,15-Jan-25
2839,Chamba,Chamba,Onion,Other,FAQ,2500,3000,2750,17-Jan-25
2840,Chamba,Chamba,Onion,Other,FAQ,2500,3000,2750,24-Jan-25
2841,Ropar (Rupnagar),Chamkaur Sahib,Onion,Other,FAQ,3900,4000,3950,21-Jan-25
2842,Ropar (Rupnagar),Chamkaur Sahib,Onion,Other,FAQ,3900,4000,3950,23-Jan-25
2843,Hooghly,Champadanga,Onion,Nasik,FAQ,3000,3500,3200,02-Jan-25
2844,Sambhal,Chandausi,Onion,Red,FAQ,2200,2300,2255,17-Jan-25
2845,Sambhal,Chandausi,Onion,Red,FAQ,2250,2350,2300,12-Jan-25
2846,Chandigarh,Chandigarh(Grain/Fruit),Onion,Other,FAQ,1000,3000,2500,08-Jan-25
2847,Chandauli,Chandoli,Onion,Red,FAQ,2050,2150,2100,27-Jan-25
2848,Chandauli,Chandoli,Onion,Red,FAQ,2050,2150,2100,31-Jan-25
2849,Chandauli,Chandoli,Onion,Red,FAQ,2100,2200,2150,01-Jan-25
2850,Chandauli,Chandoli,Onion,Red,FAQ,2380,2480,2430,17-Jan-25
2851,Chandrapur,Chandrapur(Ganjwad),Onion,Other,FAQ,2000,3000,2500,18-Jan-25
2852,Nashik,Chandvad,Onion,Red,FAQ,1212,2781,2200,03-Jan-25
2853,Nashik,Chandvad,Onion,Red,Local,1016,2636,1980,27-Jan-25
2854,Aligarh,Charra,Onion,Red,FAQ,2200,2400,2300,24-Jan-25
2855,Kollam,Chathanoor,Onion,Other,FAQ,4300,4700,4500,11-Jan-25
2856,Kollam,Chathanoor,Onion,Other,FAQ,4300,4700,4500,12-Jan-25
2857,Kollam,Chathanoor,Onion,Other,FAQ,4800,5200,5000,29-Jan-25
2858,Chattrapati Sambhajinagar,Chattrapati Sambhajinagar,Onion,Other,FAQ,200,4000,2100,23-Jan-25
2859,Chattrapati Sambhajinagar,Chattrapati Sambhajinagar,Onion,Other,Local,500,2150,1325,01-Feb-25
2860,Chattrapati Sambhajinagar,Chattrapati Sambhajinagar,Onion,Other,Local,1200,2500,1850,28-Jan-25
2861,Thirssur,Chelakkara,Onion,Other,FAQ,4500,5000,4800,04-Jan-25
2862,Thirssur,Chelakkara,Onion,Other,FAQ,4500,5000,4800,06-Jan-25
2863,Chengalpattu,Chengalpet(Uzhavar Sandhai ),Onion,Bellary,Local,3000,3500,3500,12-Jan-25
2864,Chengalpattu,Chengalpet(Uzhavar Sandhai ),Onion,Bellary,Local,3500,4000,4000,24-Jan-25
2865,Chengalpattu,Chengalpet(Uzhavar Sandhai ),Onion,Bellary,Local,4000,4500,4500,01-Jan-25
2866,Bulandshahar,Jahangirabad,Onion,Red,FAQ,2110,2290,2200,21-Jan-25
2867,Madhubani,Jainagar,Onion,Medium,FAQ,3800,4000,3900,01-Jan-25
2868,Madhubani,Jainagar,Onion,Medium,FAQ,3800,4000,3900,07-Jan-25
2869,Jaipur,Jaipur (F&V),Onion,Other,FAQ,1500,2500,2000,28-Jan-25
2870,Fatehabad,Jakhal,Onion,Other,FAQ,2000,2000,2000,19-Jan-25
2871,Salem,Jalagandapuram(Uzhavar Sandhai ),Onion,Bellary,Local,5000,5500,5500,05-Jan-25
2872,Salem,Jalagandapuram(Uzhavar Sandhai ),Onion,Bellary,Local,5000,5500,5500,08-Jan-25
2873,Salem,Jalagandapuram(Uzhavar Sandhai ),Onion,Bellary,Local,5000,5500,5500,27-Jan-25
2874,Fazilka,Jalalabad,Onion,Other,FAQ,2500,2900,2700,17-Jan-25
2875,Jalandhar,Jalandhar City(Jalandhar),Onion,Other,FAQ,400,1400,900,28-Jan-25
2876,Jalandhar,Jalandhar City(Jalandhar),Onion,Other,FAQ,500,1500,1000,23-Jan-25
2877,Jalaun (Orai),Jalaun,Onion,Red,FAQ,2000,2300,2200,31-Jan-25
2878,Jalaun (Orai),Jalaun,Onion,Red,Non-FAQ,1400,1500,1500,01-Feb-25
2879,Balasore,Jaleswar,Onion,Other,FAQ,3200,3600,3400,26-Jan-25
2880,Jalpaiguri,Jalpaiguri Sadar,Onion,Nasik,FAQ,2700,2900,2800,18-Jan-25
2881,Jalpaiguri,Jalpaiguri Sadar,Onion,Nasik,FAQ,2800,3000,2900,05-Jan-25
2882,Jalpaiguri,Jalpaiguri Sadar,Onion,Other,FAQ,2900,3000,3000,14-Jan-25
2883,Chengalpattu,Jameenrayapettai(Uzhavar Sandhai ),Onion,Bellary,Local,3500,5000,5000,04-Jan-25
2884,Chengalpattu,Jameenrayapettai(Uzhavar Sandhai ),Onion,Bellary,Local,3500,5000,5000,06-Jan-25
2885,Chengalpattu,Jameenrayapettai(Uzhavar Sandhai ),Onion,Bellary,Local,3500,5000,5000,10-Jan-25
2886,Chengalpattu,Jameenrayapettai(Uzhavar Sandhai ),Onion,Bellary,Local,3500,5000,5000,16-Jan-25
2887,Murshidabad,Jangipur,Onion,Red,FAQ,2735,2790,2765,23-Jan-25
2888,Prayagraj,Jasra,Onion,Red,FAQ,1800,1940,1865,01-Feb-25
2889,Etawah,Jasvantnagar,Onion,Red,FAQ,2310,2410,2360,11-Jan-25
2890,Jaunpur,Jaunpur,Onion,Red,FAQ,2100,2175,2150,27-Jan-25
2891,Jaunpur,Jaunpur,Onion,Red,FAQ,2175,2275,2225,23-Jan-25
2892,Jaunpur,Jaunpur,Onion,Red,FAQ,2225,2325,2275,22-Jan-25
2893,Jaunpur,Jaunpur,Onion,Red,FAQ,2470,2530,2500,10-Jan-25
2894,Jaunpur,Jaunpur,Onion,Red,FAQ,2525,2575,2550,13-Jan-25
2895,Jaunpur,Jaunpur,Onion,Red,FAQ,2525,2600,2550,09-Jan-25
2896,Jehanabad,Jehanabad,Onion,White,FAQ,3800,3800,3800,04-Jan-25
2897,Rajkot,Jetpur(Dist.Rajkot),Onion,Onion,FAQ,625,2255,1750,28-Jan-25
2898,Ariyalur,Jeyankondam (Uzhavar Sandhai ),Onion,Bellary,Local,4000,4500,4500,27-Jan-25
2899,Jhajar,Jhajjar,Onion,Other,FAQ,2400,2600,2500,19-Jan-25
2900,Jhajar,Jhajjar,Onion,Other,FAQ,2400,2600,2500,25-Jan-25
2901,Jhansi,Jhansi,Onion,Red,FAQ,1950,2050,2000,24-Jan-25
2902,Jhansi,Jhansi,Onion,Red,FAQ,2000,2100,2030,09-Jan-25
2903,Jind,Jind,Onion,Other,FAQ,1500,2300,2000,23-Jan-25
2904,Jind,Jind,Onion,Other,FAQ,1500,2500,2100,13-Jan-25
2905,Jodhpur,Jodhpur (F&V),Onion,Other,FAQ,1000,2200,1600,30-Jan-25
2906,Pune,Junnar(Narayangaon),Onion,Other,FAQ,500,4000,2500,05-Jan-25
2907,Beed,Kada,Onion,Red,FAQ,500,2600,1600,12-Jan-25
2908,North Tripura,Kadamtala,Onion,Nasik,FAQ,3500,3600,3550,17-Jan-25
2909,Vellore,Kahithapattarai(Uzhavar Sandhai ),Onion,Bellary,Local,4400,4400,4400,12-Jan-25
2910,Shamli,Kairana,Onion,Red,FAQ,1500,1600,1550,04-Jan-25
2911,Kakching,Kakching Market,Onion,Red,FAQ,5500,6000,5750,10-Jan-25
2912,Kakching,Kakching Market,Onion,Red,FAQ,5500,6000,5750,16-Jan-25
2913,Shajapur,Kalapipal(F&V),Onion,Onion,FAQ,1100,2235,1740,05-Jan-25
2914,Kalburgi,Kalburgi,Onion,Onion,FAQ,500,4000,2250,04-Jan-25
2915,Kalburgi,Kalburgi,Onion,Onion,Ref grade-1,500,3500,2000,01-Feb-25
2916,Hooghly,Kalipur,Onion,Nasik,FAQ,2600,2800,2700,16-Jan-25
2917,Hyderabad,Erragadda(Rythu Bazar),Onion,1st Sort,FAQ,3000,3000,3000,26-Jan-25
2918,Etah,Etah,Onion,Red,FAQ,2000,2500,2250,25-Jan-25
2919,Etawah,Etawah,Onion,Red,FAQ,2000,2300,2200,28-Jan-25
2920,Kottayam,Ettumanoor,Onion,Big,FAQ,4000,4400,4200,06-Jan-25
2921,Kottayam,Ettumanoor,Onion,Big,FAQ,4200,4600,4400,23-Jan-25
2922,Kottayam,Ettumanoor,Onion,Onion,FAQ,7000,7400,7200,01-Feb-25
2923,Gurdaspur,F.G.Churian,Onion,Onion,FAQ,2300,2500,2400,22-Jan-25
2924,Ayodhya,Faizabad,Onion,Red,FAQ,2100,2270,2200,28-Jan-25
2925,Ayodhya,Faizabad,Onion,Red,FAQ,2360,2500,2400,04-Jan-25
2926,Alipurduar,Falakata,Onion,Other,FAQ,2900,3200,3000,17-Jan-25
2927,Alipurduar,Falakata,Onion,Other,FAQ,3000,3200,3100,02-Jan-25
2928,Alipurduar,Falakata,Onion,Other,FAQ,3000,3500,3200,10-Jan-25
2929,Alipurduar,Falakata,Onion,Other,FAQ,3000,3700,3500,12-Jan-25
2930,Alipurduar,Falakata,Onion,Other,Non-FAQ,2900,3100,3000,26-Jan-25
2931,Alipurduar,Falakata,Onion,Other,Non-FAQ,3000,3100,3050,21-Jan-25
2932,Alipurduar,Falakata,Onion,Other,Non-FAQ,3000,3100,3050,30-Jan-25
2933,Faridkot,Faridkot,Onion,Onion,FAQ,2000,2500,2300,07-Jan-25
2934,Faridkot,Faridkot,Onion,Onion,FAQ,2200,3000,2500,14-Jan-25
2935,Gurgaon,Farukh Nagar,Onion,Other,FAQ,2000,2400,2000,03-Jan-25
2936,Farukhabad,Farukhabad,Onion,Red,FAQ,1900,2150,2025,27-Jan-25
2937,Farukhabad,Farukhabad,Onion,Red,FAQ,2000,2250,2100,29-Jan-25
2938,Farukhabad,Farukhabad,Onion,Red,FAQ,2200,2425,2275,19-Jan-25
2939,Farukhabad,Farukhabad,Onion,Red,FAQ,2300,2500,2425,04-Jan-25
2940,Fatehabad,Fatehabad,Onion,Other,FAQ,1500,2500,2000,27-Jan-25
2941,Agra,Fatehabad,Onion,Red,FAQ,1700,2000,1850,15-Jan-25
2942,Fatehpur,Fatehpur,Onion,Red,FAQ,1600,1800,1710,30-Jan-25
2943,Agra,Fatehpur Sikri,Onion,Red,FAQ,1980,2140,2050,31-Jan-25
2944,Fazilka,Fazilka,Onion,Other,FAQ,2000,2500,2200,07-Jan-25
2945,Fazilka,Fazilka,Onion,Other,FAQ,2000,2500,2200,20-Jan-25
2946,Ferozpur,Ferozepur Cantt.,Onion,Onion,FAQ,2900,3100,3000,16-Jan-25
2947,Mewat,FerozpurZirkha(Nagina),Onion,Other,Non-FAQ,2000,2400,2200,17-Jan-25
2948,Firozabad,Firozabad,Onion,Red,FAQ,2100,2320,2215,26-Jan-25
2949,Firozabad,Firozabad,Onion,Red,FAQ,2235,2415,2325,03-Jan-25
2950,Firozabad,Firozabad,Onion,Red,FAQ,2240,2455,2350,11-Jan-25
2951,Ferozpur,Firozepur City,Onion,Other,FAQ,3000,4000,3500,16-Jan-25
2952,Maharajganj,Gadaura,Onion,Red,FAQ,2300,2500,2400,26-Jan-25
2953,Maharajganj,Gadaura,Onion,Red,FAQ,2300,2500,2400,31-Jan-25
2954,Malda,Gajol,Onion,Other,FAQ,2300,3000,2500,10-Jan-25
2955,Sonipat,Ganaur,Onion,Onion,FAQ,2800,3000,2800,08-Jan-25
2956,Sonipat,Ganaur,Onion,Onion,FAQ,2800,3000,2800,12-Jan-25
2957,Sonipat,Ganaur,Onion,Onion,FAQ,2800,3000,2800,13-Jan-25
2958,Pudukkottai,Gandarvakottai(Uzhavar Sandhai ),Onion,Bellary,Local,4000,5000,5000,15-Jan-25
2959,Pudukkottai,Gandarvakottai(Uzhavar Sandhai ),Onion,Bellary,Local,4000,5000,5000,27-Jan-25
2960,Pudukkottai,Gandarvakottai(Uzhavar Sandhai ),Onion,Bellary,Local,4500,5000,5000,14-Jan-25
2961,Saharanpur,Gangoh,Onion,Red,FAQ,2200,2300,2250,04-Jan-25
2962,Medinipur(W),Garbeta(Medinipur),Onion,Onion,FAQ,2400,2800,2600,01-Jan-25
2963,Medinipur(W),Garbeta(Medinipur),Onion,Onion,FAQ,2400,2800,2600,07-Jan-25
2964,Medinipur(W),Garbeta(Medinipur),Onion,Onion,FAQ,2400,2800,2600,09-Jan-25
2965,Medinipur(W),Garbeta(Medinipur),Onion,Onion,FAQ,2800,3300,3000,15-Jan-25
2966,Hoshiarpur,Garh Shankar,Onion,Other,Non-FAQ,2000,2200,2100,21-Jan-25
2967,Hoshiarpur,Garh Shankar(Mahalpur),Onion,Onion,FAQ,1800,2500,2000,30-Jan-25
2968,Hoshiarpur,Garh Shankar(Mahalpur),Onion,Onion,FAQ,2500,3000,2800,09-Jan-25
2969,Jalandhar,Bilga,Onion,Other,FAQ,1800,2000,1900,10-Jan-25
2970,Jalandhar,Bilga,Onion,Other,FAQ,1800,2000,1900,22-Jan-25
2971,Jalandhar,Bilga,Onion,Other,FAQ,1800,2000,1900,28-Jan-25
2972,Jalandhar,Bilga,Onion,Other,FAQ,2300,2500,2400,31-Jan-25
2973,Badaun,Bilsi,Onion,Red,FAQ,2150,2250,2200,05-Jan-25
2974,Badaun,Bilsi,Onion,Red,FAQ,2200,2300,2250,13-Jan-25
2975,Badaun,Bilsi,Onion,Red,FAQ,2230,2300,2260,22-Jan-25
2976,Fatehpur,Bindki,Onion,Red,FAQ,2100,2200,2130,07-Jan-25
2977,Birbhum,Birbhum,Onion,Other,FAQ,2500,2700,2600,01-Feb-25
2978,Birbhum,Birbhum,Onion,Other,FAQ,2600,2800,2700,24-Jan-25
2979,Birbhum,Birbhum,Onion,Other,FAQ,2600,2800,2700,25-Jan-25
2980,Sepahijala,Bishalgarh,Onion,Nasik,FAQ,4300,4500,4400,06-Jan-25
2981,Bishnupur,Bishenpur,Onion,Onion,FAQ,4500,5000,4750,24-Jan-25
2982,Bishnupur,Bishenpur,Onion,Onion,FAQ,6500,7000,6750,02-Jan-25
2983,Bankura,Bishnupur(Bankura),Onion,Nasik,Non-FAQ,2500,3200,3000,28-Jan-25
2984,Bankura,Bishnupur(Bankura),Onion,Nasik,Non-FAQ,2500,3500,3000,22-Jan-25
2985,Sepahijala,Bishramganj,Onion,Nasik,FAQ,4300,4500,4400,18-Jan-25
2986,Sepahijala,Bishramganj,Onion,Nasik,FAQ,4500,5000,4800,07-Jan-25
2987,Theni,Bodinayakanur(Uzhavar Sandhai ),Onion,Bellary,Local,3800,4300,4300,13-Jan-25
2988,Theni,Bodinayakanur(Uzhavar Sandhai ),Onion,Bellary,Local,4200,4600,4600,31-Jan-25
2989,Theni,Bodinayakanur(Uzhavar Sandhai ),Onion,Bellary,Local,4200,4700,4700,28-Jan-25
2990,Birbhum,Bolpur,Onion,Onion,FAQ,2500,2700,2600,05-Jan-25
2991,Birbhum,Bolpur,Onion,Onion,FAQ,2600,2800,2700,20-Jan-25
2992,Sundergarh,Bonai,Onion,Onion,FAQ,3000,4000,3000,01-Feb-25
2993,Hyderabad,Bowenpally,Onion,1st Sort,FAQ,1000,3000,2500,30-Jan-25
2994,Hyderabad,Bowenpally,Onion,1st Sort,FAQ,1000,3500,3000,06-Jan-25
2995,Ernakulam,Broadway market,Onion,1st Sort,FAQ,4200,4800,4400,01-Jan-25
2996,Mansa,Budalada,Onion,Other,FAQ,2200,2700,2400,31-Jan-25
2997,Mansa,Budalada,Onion,Other,FAQ,2800,3400,3000,07-Jan-25
2998,Mansa,Budalada,Onion,Other,FAQ,2900,3400,3200,02-Jan-25
2999,Bulandshahar,Buland Shahr,Onion,Red,FAQ,2000,2200,2100,31-Jan-25
3000,Bulandshahar,Buland Shahr,Onion,Red,FAQ,2000,2250,2125,28-Jan-25
3001,Bulandshahar,Buland Shahr,Onion,Red,FAQ,2100,2300,2200,22-Jan-25
3002,Bulandshahar,Buland Shahr,Onion,Red,FAQ,2400,2550,2470,06-Jan-25
3003,Purba Bardhaman,Burdwan,Onion,Nasik,FAQ,2500,2700,2600,17-Jan-25
3004,Purba Bardhaman,Burdwan,Onion,Nasik,FAQ,2600,2850,2700,28-Jan-25
3005,Bhiwani,Ch. Dadri,Onion,Other,FAQ,800,2500,1650,15-Jan-25
3006,Bhiwani,Ch. Dadri,Onion,Other,FAQ,1500,2500,2000,19-Jan-25
3007,Bijnor,Chaandpur,Onion,Red,FAQ,1200,1400,1300,26-Jan-25
3008,Nadia,Chakdah,Onion,Other,FAQ,2800,2950,2900,22-Jan-25
3009,Nadia,Chakdah,Onion,Other,FAQ,2800,3000,2900,18-Jan-25
3010,Nadia,Chakdah,Onion,Other,FAQ,3400,3550,3500,11-Jan-25
3011,Nadia,Chakdah,Onion,Other,FAQ,3700,3850,3800,09-Jan-25
3012,Thiruvananthapuram,Chala,Onion,Big,FAQ,3700,4200,3700,15-Jan-25
3013,Thiruvananthapuram,Chala,Onion,Big,FAQ,4200,4900,4200,28-Jan-25
3014,Thiruvananthapuram,Chala,Onion,Onion,FAQ,9200,9600,9200,20-Jan-25
3015,Thirssur,Chalakudy,Onion,Onion,FAQ,3500,4000,4000,11-Jan-25
3016,Chamba,Chamba,Onion,Other,FAQ,2500,3000,2750,13-Jan-25
3017,Hooghly,Champadanga,Onion,Nasik,FAQ,2700,3000,2900,28-Jan-25
3018,Hooghly,Champadanga,Onion,Nasik,FAQ,2800,3000,2800,11-Jan-25
3019,Hooghly,Champadanga,Onion,Nasik,FAQ,2800,3000,2900,26-Jan-25
3020,Hooghly,Champadanga,Onion,Nasik,FAQ,2800,3200,3000,01-Jan-25
3021,Dharmapuri,Dharmapuri(Uzhavar Sandhai ),Onion,Bellary,Local,4400,4800,4800,05-Jan-25
3022,Rajkot,Dhoraji,Onion,Nasik,FAQ,505,2405,1905,02-Jan-25
3023,Rajkot,Dhoraji,Onion,Nasik,FAQ,630,2155,1655,04-Jan-25
3024,Rajkot,Dhoraji,Onion,Nasik,Non-FAQ,530,2080,1830,31-Jan-25
3025,Jalpaiguri,Dhupguri,Onion,Nasik,FAQ,2800,2900,2900,24-Jan-25
3026,Jalpaiguri,Dhupguri,Onion,Nasik,FAQ,2900,3000,3000,06-Jan-25
3027,Jalpaiguri,Dhupguri,Onion,Nasik,FAQ,2900,3100,3000,05-Jan-25
3028,Jalpaiguri,Dhupguri,Onion,Nasik,FAQ,2900,3100,3000,07-Jan-25
3029,Sangrur,Dhuri,Onion,Other,FAQ,2100,2600,2300,11-Jan-25
3030,Sounth 24 Parganas,Diamond Harbour(South 24-pgs),Onion,Red,FAQ,2800,3000,2900,12-Jan-25
3031,Sounth 24 Parganas,Diamond Harbour(South 24-pgs),Onion,Red,FAQ,2800,3000,2900,28-Jan-25
3032,Sounth 24 Parganas,Diamond Harbour(South 24-pgs),Onion,Red,FAQ,2900,3000,2950,18-Jan-25
3033,Sounth 24 Parganas,Diamond Harbour(South 24-pgs),Onion,Red,FAQ,3200,3300,3250,11-Jan-25
3034,Auraiya,Dibiapur,Onion,Red,FAQ,1500,1675,1600,09-Jan-25
3035,Gurdaspur,Dinanagar,Onion,Other,FAQ,2000,2200,2200,31-Jan-25
3036,Gurdaspur,Dinanagar,Onion,Other,FAQ,2000,2500,2500,20-Jan-25
3037,Dindigul,Dindigul(Uzhavar Sandhai ),Onion,Bellary,Local,4000,4800,4800,17-Jan-25
3038,Dindigul,Dindigul(Uzhavar Sandhai ),Onion,Bellary,Local,5000,5600,5600,10-Jan-25
3039,Coochbehar,Dinhata,Onion,Onion,FAQ,2600,3000,2800,09-Jan-25
3040,Coochbehar,Dinhata,Onion,Onion,FAQ,2700,2900,2800,20-Jan-25
3041,Mau(Maunathbhanjan),Doharighat,Onion,Red,Non-FAQ,3400,3500,3455,31-Jan-25
3042,Ludhiana,Doraha,Onion,Other,Non-FAQ,2300,3000,2750,27-Jan-25
3043,Patiala,Dudhansadhan,Onion,Other,FAQ,2500,2800,2600,25-Jan-25
3044,Patiala,Dudhansadhan,Onion,Other,FAQ,2600,2800,2700,31-Jan-25
3045,Patiala,Dudhansadhan,Onion,Other,FAQ,3300,3500,3400,06-Jan-25
3046,Patiala,Dudhansadhan,Onion,Other,FAQ,3300,3500,3400,08-Jan-25
3047,Durg,Durg,Onion,Onion,Non-FAQ,2000,2200,2000,25-Jan-25
3048,Salem,Edapadi (Uzhavar Sandhai ),Onion,Bellary,Local,5000,5500,5500,17-Jan-25
3049,Salem,Edapadi (Uzhavar Sandhai ),Onion,Bellary,Local,5000,5600,5600,29-Jan-25
3050,Medinipur(E),Egra/contai,Onion,Onion,FAQ,2800,3000,2900,21-Jan-25
3051,Medinipur(E),Egra/contai,Onion,Onion,FAQ,3000,3400,3200,07-Jan-25
3052,Salem,Elampillai(Uzhavar Sandhai ),Onion,Bellary,Local,4500,5000,5000,01-Feb-25
3053,Salem,Elampillai(Uzhavar Sandhai ),Onion,Bellary,Local,5500,6000,6000,04-Jan-25
3054,Salem,Elampillai(Uzhavar Sandhai ),Onion,Bellary,Local,5500,6000,6000,23-Jan-25
3055,Malda,English Bazar,Onion,Other,FAQ,2000,2800,2500,30-Jan-25
3056,Malda,English Bazar,Onion,Other,FAQ,2800,3300,3000,08-Jan-25
3057,Etah,Etah,Onion,Red,FAQ,2000,2500,2175,14-Jan-25
3058,Etah,Etah,Onion,Red,FAQ,2000,2500,2270,22-Jan-25
3059,Etah,Etah,Onion,Red,FAQ,2000,2500,2300,20-Jan-25
3060,Kottayam,Ettumanoor,Onion,Onion,FAQ,9400,9800,9600,26-Jan-25
3061,Gurdaspur,F.G.Churian,Onion,Onion,FAQ,2300,2500,2400,01-Feb-25
3062,Gurdaspur,F.G.Churian,Onion,Onion,FAQ,2800,3000,2900,23-Jan-25
3063,Ayodhya,Faizabad,Onion,Red,FAQ,2250,2400,2350,19-Jan-25
3064,Ayodhya,Faizabad,Onion,Red,FAQ,2270,2400,2350,20-Jan-25
3065,Ayodhya,Faizabad,Onion,Red,FAQ,2290,2450,2350,16-Jan-25
3066,Alipurduar,Falakata,Onion,Other,Non-FAQ,2800,3000,2900,27-Jan-25
3067,Faridabad,Faridabad,Onion,Other,FAQ,1000,2000,1500,09-Jan-25
3068,Faridabad,Faridabad,Onion,Other,FAQ,1500,3000,2750,18-Jan-25
3069,Faridkot,Faridkot,Onion,Onion,FAQ,2200,3000,2500,10-Jan-25
3070,Gurgaon,Farukh Nagar,Onion,Other,FAQ,2000,2300,2000,25-Jan-25
3071,Farukhabad,Farukhabad,Onion,Red,FAQ,2400,2600,2500,02-Jan-25
3072,Amritsar,Amritsar(Amritsar Mewa Mandi),Onion,Onion,FAQ,900,2100,1300,09-Jan-25
3073,Amroha,Amroha,Onion,Red,FAQ,2100,2250,2180,23-Jan-25
3074,Madurai,Anaiyur(Uzhavar Sandhai ),Onion,Bellary,Local,4500,5000,5000,30-Jan-25
3075,Anand,"Anand(Veg,Yard,Anand)",Onion,Onion,FAQ,1500,2500,2000,06-Jan-25
3076,Anand,"Anand(Veg,Yard,Anand)",Onion,Onion,FAQ,2000,3000,2500,02-Jan-25
3077,Maharajganj,Anandnagar,Onion,Red,FAQ,2500,3000,2700,18-Jan-25
3078,Theni,Andipatti(Uzhavar Sandhai ),Onion,Bellary,Local,4000,4500,4500,09-Jan-25
3079,Theni,Andipatti(Uzhavar Sandhai ),Onion,Bellary,Local,4000,4500,4500,29-Jan-25
3080,Ernakulam,Angamaly,Onion,Big,Non-FAQ,4700,5500,5200,20-Jan-25
3081,Madurai,Anna nagar(Uzhavar Sandhai ),Onion,Bellary,Local,4600,5600,5600,27-Jan-25
3082,Bulandshahar,Anoop Shahar,Onion,Red,FAQ,1600,2000,1800,04-Jan-25
3083,Bareilly,Anwala,Onion,Red,FAQ,1700,2000,1800,19-Jan-25
3084,Bareilly,Anwala,Onion,Red,FAQ,1800,2200,2000,21-Jan-25
3085,Thiruvananthapuram,Aralamoodu,Onion,Onion,FAQ,5000,5500,5500,01-Feb-25
3086,Thiruvananthapuram,Aralamoodu,Onion,Onion,FAQ,5500,5500,5500,17-Jan-25
3087,Thiruvannamalai,Arani(Uzhavar Sandhai ),Onion,Bellary,Local,4500,5500,5500,10-Jan-25
3088,Ranipet,Arcot(Uzhavar Sandhai ),Onion,Bellary,Local,4000,4500,4500,26-Jan-25
3089,Ranipet,Arcot(Uzhavar Sandhai ),Onion,Bellary,Local,4400,4800,4800,04-Jan-25
3090,Ariyalur,Ariyalur(Uzhavar Sandhai),Onion,Bellary,Local,3500,4400,4400,08-Jan-25
3091,Ariyalur,Ariyalur(Uzhavar Sandhai),Onion,Bellary,Local,3500,4400,4400,22-Jan-25
3092,Ariyalur,Ariyalur(Uzhavar Sandhai),Onion,Bellary,Local,4000,4600,4600,04-Jan-25
3093,Alappuzha,Aroor,Onion,Big,FAQ,3800,4000,3900,18-Jan-25
3094,Alappuzha,Aroor,Onion,Big,FAQ,4200,4400,4300,07-Jan-25
3095,Alappuzha,Aroor,Onion,Small,FAQ,9600,9800,9700,13-Jan-25
3096,Virudhunagar,Aruppukottai(Uzhavar Sandhai ),Onion,Bellary,Local,3500,4000,4000,24-Jan-25
3097,Virudhunagar,Aruppukottai(Uzhavar Sandhai ),Onion,Bellary,Local,3500,4000,4000,31-Jan-25
3098,Paschim Bardhaman,Asansol,Onion,Nasik,FAQ,2740,3000,2850,23-Jan-25
3099,Paschim Bardhaman,Asansol,Onion,Nasik,FAQ,2750,3000,2800,07-Jan-25
3100,Paschim Bardhaman,Asansol,Onion,Nasik,FAQ,2850,3000,2900,29-Jan-25
3101,Anantnag,Ashahipora (Anantnagh),Onion,Other,FAQ,3000,3200,3100,20-Jan-25
3102,Banda,Atarra,Onion,Red,FAQ,1960,2125,2040,30-Jan-25
3103,Banda,Atarra,Onion,Red,FAQ,2090,2240,2165,28-Jan-25
3104,Banda,Atarra,Onion,Red,FAQ,2250,2450,2350,18-Jan-25
3105,Kottayam,Athirampuzha,Onion,Big,FAQ,4000,4200,4100,22-Jan-25
3106,Salem,Attayampatti(Uzhavar Sandhai ),Onion,Bellary,Local,5000,5500,5500,23-Jan-25
3107,Salem,Attayampatti(Uzhavar Sandhai ),Onion,Bellary,Local,5000,6000,6000,10-Jan-25
3108,Auraiya,Auraiya,Onion,Red,FAQ,1950,2170,2070,29-Jan-25
3109,Auraiya,Auraiya,Onion,Red,FAQ,2000,2200,2100,30-Jan-25
3110,Krishnagiri,Avallapalli(Uzhavar Sandhai ),Onion,Bellary,Local,3500,4000,4000,13-Jan-25
3111,Krishnagiri,Avallapalli(Uzhavar Sandhai ),Onion,Bellary,Local,3500,4000,4000,14-Jan-25
3112,Krishnagiri,Avallapalli(Uzhavar Sandhai ),Onion,Bellary,Local,3500,4000,4000,15-Jan-25
3113,Krishnagiri,Avallapalli(Uzhavar Sandhai ),Onion,Bellary,Local,3500,4000,4000,19-Jan-25
3114,Krishnagiri,Avallapalli(Uzhavar Sandhai ),Onion,Bellary,Local,3500,4000,4000,22-Jan-25
3115,Krishnagiri,Avallapalli(Uzhavar Sandhai ),Onion,Bellary,Local,3500,4000,4000,30-Jan-25
3116,Krishnagiri,Avallapalli(Uzhavar Sandhai ),Onion,Bellary,Local,4000,4500,4500,07-Jan-25
3117,Azamgarh,Azamgarh,Onion,Red,FAQ,2100,2250,2180,29-Jan-25
3118,Azamgarh,Azamgarh,Onion,Red,FAQ,2150,2300,2225,01-Jan-25
3119,Raebarelli,Bachranwa,Onion,Red,FAQ,2250,2350,2300,31-Jan-25
3120,Badaun,Badayoun,Onion,Nasik,FAQ,2140,2320,2250,08-Jan-25
3121,Thiruvannamalai,Chengam(Uzhavar Sandhai ),Onion,Bellary,Local,3300,4000,4000,02-Jan-25
3122,Thiruvannamalai,Chengam(Uzhavar Sandhai ),Onion,Bellary,Local,4000,4800,4800,09-Jan-25
3123,Thiruvannamalai,Chengam(Uzhavar Sandhai ),Onion,Bellary,Local,4000,4800,4800,11-Jan-25
3124,Thiruvannamalai,Chengam(Uzhavar Sandhai ),Onion,Bellary,Local,4000,4800,4800,12-Jan-25
3125,Alappuzha,Chengannur,Onion,Onion,FAQ,4000,4300,4200,06-Jan-25
3126,Alappuzha,Chengannur,Onion,Other,Non-FAQ,8500,8800,8700,25-Jan-25
3127,Alappuzha,Chengannur,Onion,Small,FAQ,7000,7800,7500,07-Jan-25
3128,Alappuzha,Chengannur,Onion,Small,FAQ,7800,8100,8000,28-Jan-25
3129,Alappuzha,Chengannur,Onion,Small,FAQ,8500,8800,8600,26-Jan-25
3130,Alappuzha,Cherthala,Onion,Big,FAQ,4500,4700,4600,17-Jan-25
3131,Alappuzha,Cherthala,Onion,Big,FAQ,4800,5000,4900,22-Jan-25
3132,Alappuzha,Cherthala,Onion,Big,FAQ,5000,5200,5100,15-Jan-25
3133,Thiruvannamalai,Cheyyar(Uzhavar Sandhai ),Onion,Bellary,Local,3500,4200,4200,03-Jan-25
3134,Thiruvannamalai,Cheyyar(Uzhavar Sandhai ),Onion,Bellary,Local,3500,4200,4200,06-Jan-25
3135,Thiruvannamalai,Cheyyar(Uzhavar Sandhai ),Onion,Bellary,Local,3500,4500,4500,21-Jan-25
3136,Kannuj,Chhibramau,Onion,Red,FAQ,2050,2200,2130,01-Feb-25
3137,Kannuj,Chhibramau,Onion,Red,FAQ,2200,2300,2260,19-Jan-25
3138,Kannuj,Chhibramau,Onion,Red,FAQ,2250,2400,2340,10-Jan-25
3139,Kannuj,Chhibramau,Onion,Red,FAQ,2300,2400,2360,09-Jan-25
3140,Kolar,Chickkaballapura,Onion,Beelary-Red,FAQ,3600,4000,3800,03-Jan-25
3141,Kolar,Chickkaballapura,Onion,Beelary-Red,FAQ,3800,4200,4000,05-Jan-25
3142,Cuddalore,Chidambaram(Uzhavar Sandhai ),Onion,Bellary,Local,4000,5000,5000,08-Jan-25
3143,Cuddalore,Chidambaram(Uzhavar Sandhai ),Onion,Bellary,Local,4000,5000,5000,11-Jan-25
3144,Cuddalore,Chidambaram(Uzhavar Sandhai ),Onion,Bellary,Local,4000,5000,5000,12-Jan-25
3145,Cuddalore,Chidambaram(Uzhavar Sandhai ),Onion,Bellary,Local,4000,5000,5000,14-Jan-25
3146,Cuddalore,Chidambaram(Uzhavar Sandhai ),Onion,Bellary,Local,4000,5000,5000,30-Jan-25
3147,Theni,Chinnamanur(Uzhavar Sandhai ),Onion,Bellary,Local,4400,4400,4400,10-Jan-25
3148,Theni,Chinnamanur(Uzhavar Sandhai ),Onion,Bellary,Local,4500,4500,4500,27-Jan-25
3149,Theni,Chinnamanur(Uzhavar Sandhai ),Onion,Bellary,Local,4600,4600,4600,03-Jan-25
3150,Theni,Chinnamanur(Uzhavar Sandhai ),Onion,Bellary,Local,4600,4600,4600,26-Jan-25
3151,Jhansi,Chirgaon,Onion,Red,FAQ,1950,2100,2050,12-Jan-25
3152,Jhansi,Chirgaon,Onion,Red,FAQ,2000,2150,2030,17-Jan-25
3153,Madurai,Chokkikulam(Uzhavar Sandhai ),Onion,Bellary,Local,4500,5000,5000,31-Jan-25
3154,Jaipur Rural,Chomu (F&V),Onion,Other,Non-FAQ,1600,2200,1900,27-Jan-25
3155,Gorakhpur,Chorichora,Onion,Red,FAQ,2500,3200,2800,16-Jan-25
3156,Kanpur,Choubepur,Onion,Red,FAQ,2250,2450,2350,21-Jan-25
3157,Mayurbhanja,Chuliaposi,Onion,1st Sort,FAQ,3500,3600,3500,07-Jan-25
3158,Mayurbhanja,Chuliaposi,Onion,1st Sort,FAQ,3500,3700,3500,17-Jan-25
3159,Churu,Churu,Onion,1st Sort,FAQ,1600,1700,1650,30-Jan-25
3160,Coochbehar,Coochbehar,Onion,Other,FAQ,1800,2000,1900,24-Jan-25
3161,The Nilgiris,Coonoor(Uzhavar Sandhai ),Onion,Bellary,Local,4000,4500,4500,02-Jan-25
3162,The Nilgiris,Coonoor(Uzhavar Sandhai ),Onion,Bellary,Local,4000,5800,5800,28-Jan-25
3163,Cuddalore,Cuddalore(Uzhavar Sandhai ),Onion,Bellary,Local,4000,5000,5000,26-Jan-25
3164,Dahod,Dahod(Veg. Market),Onion,Onion,FAQ,800,2500,2000,23-Jan-25
3165,Patna,Danapur,Onion,Medium,FAQ,3000,3400,3200,19-Jan-25
3166,Patna,Danapur,Onion,Medium,FAQ,3000,3400,3200,27-Jan-25
3167,Davangere,Davangere,Onion,Onion,FAQ,1000,5500,3300,02-Jan-25
3168,Dehradoon,Dehradoon,Onion,Nasik,FAQ,1600,2200,1800,12-Jan-25
3169,Dehradoon,Dehradoon,Onion,Nasik,FAQ,2000,2500,2200,30-Jan-25
3170,Hissar,Barwala(Hisar),Onion,Other,FAQ,1800,2000,1900,18-Jan-25
3171,Fatehgarh,Bassi Pathana,Onion,Onion,FAQ,2000,2500,2200,11-Jan-25
3172,Basti,Basti,Onion,Red,FAQ,2125,2225,2175,02-Jan-25
3173,Basti,Basti,Onion,Red,FAQ,2180,2300,2240,23-Jan-25
3174,Basti,Basti,Onion,Red,FAQ,2300,2410,2360,11-Jan-25
3175,Basti,Basti,Onion,Red,FAQ,2350,2450,2400,12-Jan-25
3176,Bhatinda,Bathinda,Onion,Other,FAQ,2000,2500,2000,22-Jan-25
3177,Jammu,Batote,Onion,Other,FAQ,2500,3000,2750,29-Jan-25
3178,Jalpaiguri,Belacoba,Onion,Nasik,FAQ,2900,3100,3000,10-Jan-25
3179,Jalpaiguri,Belacoba,Onion,Nasik,FAQ,2900,3100,3000,12-Jan-25
3180,Belgaum,Belgaum,Onion,Pusa-Red,FAQ,1000,3500,3000,03-Jan-25
3181,Hassan,Belur,Onion,Bombay (U.P.),FAQ,2000,2000,2000,05-Jan-25
3182,Hassan,Belur,Onion,Bombay (U.P.),FAQ,2500,2500,2500,23-Jan-25
3183,Nadia,Bethuadahari,Onion,Dry F.A.Q.,FAQ,2700,2950,2800,10-Jan-25
3184,Nadia,Bethuadahari,Onion,Dry F.A.Q.,Non-FAQ,2500,2800,2575,30-Jan-25
3185,Hanumangarh,Bhadara,Onion,1st Sort,FAQ,2000,2500,2167,20-Jan-25
3186,Bhatinda,Bhagta Bhai Ka,Onion,Other,FAQ,2500,2500,2500,18-Jan-25
3187,Etawah,Bharthna,Onion,Red,FAQ,2220,2420,2320,21-Jan-25
3188,Etawah,Bharthna,Onion,Red,FAQ,2250,2450,2350,06-Jan-25
3189,Hamirpur,Bharuasumerpur,Onion,Red,FAQ,2200,2300,2250,26-Jan-25
3190,Hamirpur,Bharuasumerpur,Onion,Red,FAQ,2400,2650,2600,02-Jan-25
3191,Bhavnagar,Bhavnagar,Onion,Red,FAQ,725,2200,1465,11-Jan-25
3192,Bhavnagar,Bhavnagar,Onion,Red,FAQ,800,2365,1585,31-Jan-25
3193,Bhavnagar,Bhavnagar,Onion,Red,FAQ,850,2805,1830,04-Jan-25
3194,Kalahandi,Bhawanipatna,Onion,Local,FAQ,5200,5200,5200,14-Jan-25
3195,Bhilwara,Bhilwara,Onion,Other,FAQ,1600,2800,2200,08-Jan-25
3196,Bhilwara,Bhilwara,Onion,Other,FAQ,1600,2800,2200,13-Jan-25
3197,Bhilwara,Bhilwara,Onion,Other,FAQ,1600,2800,2250,21-Jan-25
3198,Bhatinda,Bhucho,Onion,Other,FAQ,1400,2000,1600,31-Jan-25
3199,Bhatinda,Bhucho,Onion,Other,FAQ,1700,2000,1800,24-Jan-25
3200,Kachchh,Bhuj,Onion,Small,FAQ,1800,3000,2400,13-Jan-25
3201,Kachchh,Bhuj,Onion,Small,FAQ,2200,3200,2700,07-Jan-25
3202,Jalgaon,Bhusaval,Onion,Red,FAQ,1000,1800,1500,19-Jan-25
3203,Jalgaon,Bhusaval,Onion,Red,Local,1800,2500,2000,31-Jan-25
3204,Bijapur,Bijapur,Onion,Onion,FAQ,1000,3000,2000,09-Jan-25
3205,Bijnor,Bijnaur,Onion,Red,FAQ,2400,2475,2430,02-Jan-25
3206,Bijnor,Bijnaur,Onion,Red,FAQ,2400,2500,2440,01-Jan-25
3207,Bikaner,Bikaner (F&V),Onion,Other,FAQ,1400,1600,1500,25-Jan-25
3208,Bikaner,Bikaner (F&V),Onion,Other,FAQ,1700,1900,1800,13-Jan-25
3209,Bilaspur,Bilaspur,Onion,Local,Non-FAQ,3500,3700,3600,26-Jan-25
3210,Bilaspur,Bilaspur,Onion,Other,FAQ,2800,3200,3000,10-Jan-25
3211,Jalandhar,Bilga,Onion,Other,FAQ,1800,2000,1900,13-Jan-25
3212,Jalandhar,Bilga,Onion,Other,FAQ,1800,2000,1900,14-Jan-25
3213,Jalandhar,Bilga,Onion,Other,FAQ,1800,2000,1900,17-Jan-25
3214,Jalandhar,Bilga,Onion,Other,FAQ,1800,2000,1900,18-Jan-25
3215,Navsari,Bilimora,Onion,Nasik,FAQ,2000,3500,2800,03-Jan-25
3216,Badaun,Bilsi,Onion,Red,FAQ,2200,2300,2250,23-Jan-25
3217,Fatehpur,Bindki,Onion,Red,FAQ,1900,2080,1950,15-Jan-25
3218,Birbhum,Birbhum,Onion,Nasik,FAQ,2600,2800,2700,30-Jan-25
3219,Sepahijala,Bishalgarh,Onion,Nasik,FAQ,4300,4500,4400,18-Jan-25
3220,Sepahijala,Bishalgarh,Onion,Nasik,FAQ,4800,5000,4900,02-Jan-25
3221,Bankura,Bishnupur(Bankura),Onion,Nasik,FAQ,2500,3500,3000,06-Jan-25
3222,Bankura,Bishnupur(Bankura),Onion,Nasik,Non-FAQ,2500,3300,3000,31-Jan-25
3223,Sepahijala,Bishramganj,Onion,Nasik,FAQ,4300,4500,4400,11-Jan-25
3224,Bareilly,Bareilly,Onion,Red,FAQ,2350,2450,2410,01-Jan-25
3225,Bargarh,Bargarh,Onion,Other,FAQ,2600,2800,2700,23-Jan-25
3226,Bargarh,Bargarh,Onion,Other,FAQ,3500,3700,3600,15-Jan-25
3227,Bargarh,Bargarh(Barapalli),Onion,Other,FAQ,2300,2500,2400,25-Jan-25
3228,Muktsar,Bariwala,Onion,Nasik,Non-FAQ,2000,2300,2300,28-Jan-25
3229,Muktsar,Bariwala,Onion,Nasik,Non-FAQ,2300,2300,2300,27-Jan-25
3230,Barnala,Barnala,Onion,Other,FAQ,1600,2400,2000,29-Jan-25
3231,Barnala,Barnala,Onion,Other,FAQ,1800,2400,2100,22-Jan-25
3232,Barnala,Barnala,Onion,Other,FAQ,1850,2300,2075,14-Jan-25
3233,South District,Barpathari,Onion,Red,FAQ,3750,3850,3800,13-Jan-25
3234,Panchkula,Barwala,Onion,Onion,FAQ,2000,2500,2250,04-Jan-25
3235,Panchkula,Barwala,Onion,Onion,FAQ,2500,2500,2500,08-Jan-25
3236,Panchkula,Barwala,Onion,Onion,FAQ,2500,2500,2500,22-Jan-25
3237,Hissar,Barwala(Hisar),Onion,Other,FAQ,1800,2000,1900,24-Jan-25
3238,Hissar,Barwala(Hisar),Onion,Other,FAQ,1800,2200,2000,15-Jan-25
3239,Basti,Basti,Onion,Red,FAQ,2160,2260,2210,06-Jan-25
3240,Basti,Basti,Onion,Red,FAQ,2165,2265,2215,03-Jan-25
3241,Basti,Basti,Onion,Red,FAQ,2230,2330,2280,21-Jan-25
3242,Basti,Basti,Onion,Red,FAQ,2300,2415,2360,09-Jan-25
3243,Gurdaspur,Batala,Onion,Other,FAQ,2800,3200,3000,06-Jan-25
3244,Bhatinda,Bathinda,Onion,Other,FAQ,2000,2500,2000,31-Jan-25
3245,Bhatinda,Bathinda,Onion,Other,FAQ,2000,2500,2200,02-Jan-25
3246,Jammu,Batote,Onion,Other,FAQ,2800,3200,3000,01-Feb-25
3247,Bharatpur,Bayana,Onion,Onion,FAQ,2500,2500,2500,17-Jan-25
3248,Jalpaiguri,Belacoba,Onion,Nasik,FAQ,2900,3000,3000,06-Jan-25
3249,Belgaum,Belgaum,Onion,Pusa-Red,FAQ,1000,3300,2800,10-Jan-25
3250,Belgaum,Belgaum,Onion,Pusa-Red,FAQ,1000,3500,3000,01-Jan-25
3251,Belgaum,Belgaum,Onion,Pusa-Red,FAQ,1000,3500,3000,16-Jan-25
3252,Belgaum,Belgaum,Onion,Pusa-Red,FAQ,1000,4000,3200,06-Jan-25
3253,Nadia,Bethuadahari,Onion,Dry F.A.Q.,FAQ,2700,2850,2775,18-Jan-25
3254,Nadia,Bethuadahari,Onion,Dry F.A.Q.,FAQ,2750,2975,2850,29-Jan-25
3255,Nadia,Bethuadahari,Onion,Dry F.A.Q.,FAQ,2850,3100,2975,25-Jan-25
3256,Nadia,Bethuadahari,Onion,Dry F.A.Q.,Non-FAQ,2650,2900,2800,24-Jan-25
3257,Hanumangarh,Bhadara,Onion,1st Sort,FAQ,2000,2500,2329,01-Feb-25
3258,Hanumangarh,Bhadara,Onion,1st Sort,FAQ,2000,2800,2533,19-Jan-25
3259,Hanumangarh,Bhadara,Onion,1st Sort,FAQ,2000,3000,2550,10-Jan-25
3260,Bhatinda,Bhagta Bhai Ka,Onion,Other,FAQ,2600,2600,2600,01-Feb-25
3261,Bhatinda,Bhagta Bhai Ka,Onion,Other,FAQ,3300,3300,3300,13-Jan-25
3262,Bhatinda,Bhagta Bhai Ka,Onion,Other,FAQ,3400,3400,3400,03-Jan-25
3263,Etawah,Bharthna,Onion,Red,FAQ,2220,2420,2320,26-Jan-25
3264,Bharuch,Bharuch,Onion,Other,FAQ,1200,2000,1500,13-Jan-25
3265,Kaushambi,Bharwari,Onion,Red,FAQ,1800,1930,1870,25-Jan-25
3266,Bhavnagar,Bhavnagar,Onion,White,FAQ,1100,1575,1340,27-Jan-25
3267,Bhilwara,Bhilwara,Onion,Other,FAQ,1500,2500,2000,26-Jan-25
3268,Bhilwara,Bhilwara,Onion,Other,FAQ,1600,2800,2200,24-Jan-25
3269,Shravasti,Bhinga,Onion,Red,FAQ,2050,2400,2220,23-Jan-25
3270,Shravasti,Bhinga,Onion,Red,FAQ,2200,2485,2325,03-Jan-25
3271,Bhiwani,Bhiwani,Onion,Other,FAQ,1840,2010,1900,24-Jan-25
3272,Bhopal,Bhopal,Onion,Onion,FAQ,1100,1350,1300,31-Jan-25
3273,Kullu,Bhuntar,Onion,Other,FAQ,2500,2800,2600,16-Jan-25
3274,Kullu,Bhuntar,Onion,Other,FAQ,3000,3200,3100,21-Jan-25
3275,Kullu,Bhuntar,Onion,Other,FAQ,3000,3200,3100,30-Jan-25
3276,Bijnor,Bijnaur,Onion,Red,FAQ,2275,2330,2290,12-Jan-25
3277,Bijnor,Bijnaur,Onion,Red,FAQ,2275,2350,2310,06-Jan-25
3278,Bhadrak,Chandabali,Onion,Other,FAQ,3550,4000,3760,06-Jan-25
3279,Chandauli,Chandoli,Onion,Red,FAQ,2080,2180,2130,28-Jan-25
3280,Chandauli,Chandoli,Onion,Red,FAQ,2360,2480,2420,18-Jan-25
3281,Chandauli,Chandoli,Onion,Red,FAQ,2380,2480,2430,14-Jan-25
3282,Chandrapur,Chandrapur(Ganjwad),Onion,Other,FAQ,2000,3000,2500,21-Jan-25
3283,Chandrapur,Chandrapur(Ganjwad),Onion,Other,Local,2000,3000,2500,28-Jan-25
3284,Nashik,Chandvad,Onion,Red,FAQ,1000,2275,1880,16-Jan-25
3285,Nashik,Chandvad,Onion,Red,Local,1100,2500,1780,01-Feb-25
3286,Aligarh,Charra,Onion,Red,FAQ,2300,2500,2400,11-Jan-25
3287,Aligarh,Charra,Onion,Red,FAQ,2300,2500,2400,14-Jan-25
3288,Aligarh,Charra,Onion,Red,FAQ,2300,2500,2400,22-Jan-25
3289,Aligarh,Charra,Onion,Red,FAQ,2300,2500,2400,26-Jan-25
3290,Aligarh,Charra,Onion,Red,FAQ,2300,2500,2400,30-Jan-25
3291,Kollam,Chathanoor,Onion,Other,FAQ,4300,4700,4500,06-Jan-25
3292,Kollam,Chathanoor,Onion,Other,FAQ,5800,6200,6000,24-Jan-25
3293,Chattrapati Sambhajinagar,Chattrapati Sambhajinagar,Onion,Other,FAQ,650,2200,1425,13-Jan-25
3294,Thirssur,Chavakkad,Onion,Other,FAQ,3800,4800,4800,07-Jan-25
3295,Thirssur,Chavakkad,Onion,Other,Non-FAQ,4000,5000,5000,23-Jan-25
3296,Thirssur,Chelakkara,Onion,Other,FAQ,4500,5000,4800,28-Jan-25
3297,Thirssur,Chelakkara,Onion,Other,FAQ,5000,5500,5200,09-Jan-25
3298,Chengalpattu,Chengalpet(Uzhavar Sandhai ),Onion,Bellary,Local,3400,3800,3800,22-Jan-25
3299,Alappuzha,Chengannur,Onion,Onion,FAQ,3500,3800,3700,11-Jan-25
3300,Alappuzha,Chengannur,Onion,Onion,FAQ,3600,3800,3700,12-Jan-25
3301,Alappuzha,Chengannur,Onion,Onion,FAQ,3900,4200,4000,08-Jan-25
3302,Alappuzha,Chengannur,Onion,Small,FAQ,7500,8000,7800,02-Jan-25
3303,Thiruvannamalai,Cheyyar(Uzhavar Sandhai ),Onion,Bellary,Local,3000,4000,4000,12-Jan-25
3304,Thiruvannamalai,Cheyyar(Uzhavar Sandhai ),Onion,Bellary,Local,3500,4500,4500,25-Jan-25
3305,Kannuj,Chhibramau,Onion,Red,FAQ,2300,2450,2380,14-Jan-25
3306,Kolar,Chickkaballapura,Onion,Beelary-Red,FAQ,3200,3600,3400,20-Jan-25
3307,Kolar,Chickkaballapura,Onion,Beelary-Red,FAQ,3400,3600,3500,01-Jan-25
3308,Cuddalore,Chidambaram(Uzhavar Sandhai ),Onion,Bellary,Local,4000,5000,5000,27-Jan-25
3309,Chikmagalur,Chikkamagalore,Onion,Other,FAQ,3234,3434,3334,18-Jan-25
3310,Dindigul,Chinnalapatti(Uzhavar Sandhai ),Onion,Bellary,Local,4600,5600,5600,10-Jan-25
3311,Dindigul,Chinnalapatti(Uzhavar Sandhai ),Onion,Bellary,Local,5000,5600,5600,04-Jan-25
3312,Theni,Chinnamanur(Uzhavar Sandhai ),Onion,Bellary,Local,4000,4000,4000,17-Jan-25
3313,Theni,Chinnamanur(Uzhavar Sandhai ),Onion,Bellary,Local,4400,4400,4400,01-Feb-25
3314,Theni,Chinnamanur(Uzhavar Sandhai ),Onion,Bellary,Local,4600,4600,4600,05-Jan-25
3315,Kolar,Chintamani,Onion,Onion,FAQ,2500,4000,3000,02-Jan-25
3316,Ballia,Chitwadagaon,Onion,Red,FAQ,2440,2530,2490,09-Jan-25
3317,Madurai,Chokkikulam(Uzhavar Sandhai ),Onion,Bellary,Local,4500,5000,5000,11-Jan-25
3318,Madurai,Chokkikulam(Uzhavar Sandhai ),Onion,Bellary,Local,4800,5200,5200,22-Jan-25
3319,Jaipur Rural,Chomu (F&V),Onion,Other,FAQ,1600,2400,2000,10-Jan-25
3320,Jaipur Rural,Chomu (F&V),Onion,Other,FAQ,1600,2400,2000,14-Jan-25
3321,Jaipur Rural,Chomu (F&V),Onion,Other,FAQ,1600,2400,2000,16-Jan-25
3322,Jaipur Rural,Chomu (F&V),Onion,Other,FAQ,1800,2400,2100,05-Jan-25
3323,Jaipur Rural,Chomu (F&V),Onion,Other,Non-FAQ,1600,1800,1700,22-Jan-25
3324,Kanpur,Choubepur,Onion,Red,FAQ,2250,2450,2350,09-Jan-25
3325,Kanpur,Choubepur,Onion,Red,FAQ,2650,2850,2750,03-Jan-25
3326,Churu,Churu,Onion,1st Sort,FAQ,1800,2000,1900,08-Jan-25
3327,Coochbehar,Coochbehar,Onion,Other,FAQ,2200,2600,2300,13-Jan-25
3328,The Nilgiris,Coonoor(Uzhavar Sandhai ),Onion,Bellary,Local,4000,5800,5800,22-Jan-25
3329,Dehradoon,Dehradoon,Onion,Nasik,Non-FAQ,1800,2800,2050,20-Jan-25
3330,Krishnagiri,Denkanikottai(Uzhavar Sandhai ),Onion,Bellary,Local,3000,4000,4000,15-Jan-25
3331,Krishnagiri,Denkanikottai(Uzhavar Sandhai ),Onion,Bellary,Local,4000,4500,4500,03-Jan-25
3332,Sagar,Deori,Onion,Onion,FAQ,1000,1200,1050,21-Jan-25
3333,Sagar,Deori,Onion,Onion,FAQ,1050,1050,1050,31-Jan-25
3334,Sagar,Deori,Onion,Onion,Non-FAQ,1000,1000,1000,25-Jan-25
3335,Sagar,Deori,Onion,Onion,Non-FAQ,1000,1100,1100,22-Jan-25
3336,Mohali,Dera Bassi,Onion,Other,FAQ,2200,2400,2400,27-Jan-25
3337,Mohali,Dera Bassi,Onion,Other,FAQ,2400,2500,2400,22-Jan-25
3338,Sivaganga,Devakottai (Uzhavar Sandhai ),Onion,Bellary,Local,4800,5400,5400,23-Jan-25
3339,Sivaganga,Devakottai (Uzhavar Sandhai ),Onion,Bellary,Local,4800,5400,5400,30-Jan-25
3340,Sivaganga,Devakottai (Uzhavar Sandhai ),Onion,Bellary,Local,4800,5600,5600,06-Jan-25
3341,Sivaganga,Devakottai (Uzhavar Sandhai ),Onion,Bellary,Local,4800,5600,5600,20-Jan-25
3342,Sivaganga,Devakottai (Uzhavar Sandhai ),Onion,Bellary,Local,4800,5800,5800,08-Jan-25
3343,Sivaganga,Devakottai (Uzhavar Sandhai ),Onion,Bellary,Local,5000,5400,5400,27-Jan-25
3344,Sivaganga,Devakottai (Uzhavar Sandhai ),Onion,Bellary,Local,5000,5600,5600,04-Jan-25
3345,Nashik,Devala,Onion,Red,FAQ,600,2460,2100,10-Jan-25
3346,Nashik,Devala,Onion,Red,FAQ,700,2300,1950,16-Jan-25
3347,Theni,Devaram(Uzhavar Sandhai ),Onion,Bellary,Local,4000,4200,4200,19-Jan-25
3348,Deoria,Devariya,Onion,Red,Non-FAQ,2185,2215,2200,20-Jan-25
3349,Dhar,Dhamnod(F&V),Onion,Onion,FAQ,1200,1500,1300,23-Jan-25
3350,Dhar,Dhamnod(F&V),Onion,Onion,FAQ,1500,2000,1800,12-Jan-25
3351,Dhar,Dhamnod(F&V),Onion,Onion,FAQ,1600,2500,1800,15-Jan-25
3352,Amroha,Dhanaura,Onion,Medium,FAQ,1000,1400,1200,07-Jan-25
3353,Amroha,Dhanaura,Onion,Medium,Non-FAQ,1200,1600,1400,26-Jan-25
3354,Mandi,Dhanotu (Mandi),Onion,Other,FAQ,1400,3000,2000,25-Jan-25
3355,Mandi,Dhanotu (Mandi),Onion,Other,FAQ,2500,2800,2650,08-Jan-25
3356,Kangra,Dharamshala,Onion,Other,FAQ,3000,3600,3300,22-Jan-25
3357,Thirupur,Dharapuram(Uzhavar Sandhai ),Onion,Bellary,Local,4000,4500,4500,17-Jan-25
3358,Thirupur,Dharapuram(Uzhavar Sandhai ),Onion,Bellary,Local,4000,4500,4500,24-Jan-25
3359,Gurdaspur,Dhariwal,Onion,Other,FAQ,1600,1900,1800,24-Jan-25
3360,Gurdaspur,Dhariwal,Onion,Other,FAQ,1700,2000,1900,31-Jan-25
3361,Rajkot,Dhoraji,Onion,Nasik,FAQ,350,2380,1705,17-Jan-25
3362,Rajkot,Dhoraji,Onion,Nasik,FAQ,500,1955,1805,28-Jan-25
3363,Rajkot,Dhoraji,Onion,Nasik,FAQ,500,2055,1630,01-Feb-25
3364,Rajkot,Dhoraji,Onion,Nasik,FAQ,505,2380,1755,09-Jan-25
3365,Rajkot,Dhoraji,Onion,Nasik,Non-FAQ,500,2130,1780,22-Jan-25
3366,Rajkot,Dhoraji,Onion,Nasik,Non-FAQ,500,2130,1880,23-Jan-25
3367,Dhule,Dhule,Onion,Red,FAQ,200,1750,1500,11-Jan-25
3368,Jalpaiguri,Dhupguri,Onion,Nasik,FAQ,2800,3000,2900,23-Jan-25
3369,Sangrur,Dhuri,Onion,Onion,FAQ,2000,2400,2200,25-Jan-25
3370,Sangrur,Dhuri,Onion,Other,FAQ,2000,2500,2400,21-Jan-25
3371,Sounth 24 Parganas,Diamond Harbour(South 24-pgs),Onion,Red,FAQ,2800,3000,2900,23-Jan-25
3372,Gurdaspur,Dinanagar,Onion,Other,FAQ,2000,2200,2200,08-Jan-25
3373,Gurdaspur,Dinanagar,Onion,Other,FAQ,2500,3000,2500,11-Jan-25
3374,Dindigul,Dindigul(Uzhavar Sandhai ),Onion,Bellary,Local,4000,5000,5000,26-Jan-25
3375,Dindigul,Dindigul(Uzhavar Sandhai ),Onion,Bellary,Local,4000,5000,5000,28-Jan-25
3376,Dindigul,Dindigul(Uzhavar Sandhai ),Onion,Bellary,Local,4500,5000,5000,30-Jan-25
3377,Nashik,Dindori(Vani),Onion,Red,FAQ,1600,2962,2371,18-Jan-25
3378,Coochbehar,Dinhata,Onion,Onion,FAQ,2700,3000,2800,15-Jan-25
3379,Bulandshahar,Divai,Onion,Other,FAQ,1700,1900,1800,17-Jan-25
3380,Mau(Maunathbhanjan),Doharighat,Onion,Red,FAQ,3400,3500,3465,15-Jan-25
3381,Mau(Maunathbhanjan),Doharighat,Onion,Red,Non-FAQ,3400,3500,3470,25-Jan-25
3382,Ludhiana,Doraha,Onion,Other,FAQ,2200,3000,2600,07-Jan-25
3383,Ludhiana,Doraha,Onion,Other,FAQ,2200,3000,2650,15-Jan-25
3384,Patiala,Dudhansadhan,Onion,Other,FAQ,2600,2800,2700,15-Jan-25
3385,Dungarpur,Dungarpur,Onion,1st Sort,FAQ,2075,2125,2100,22-Jan-25
3386,Sonepur,Dungurapalli,Onion,Other,FAQ,3000,3000,3000,09-Jan-25
3387,Durg,Durg,Onion,Onion,Non-FAQ,2000,2500,2500,23-Jan-25
3388,Paschim Bardhaman,Durgapur,Onion,Other,FAQ,2500,2850,2650,16-Jan-25
3389,Paschim Bardhaman,Durgapur,Onion,Other,FAQ,2550,2850,2600,17-Jan-25
3390,Paschim Bardhaman,Durgapur,Onion,Other,FAQ,2850,3000,2900,01-Feb-25
3391,Paschim Bardhaman,Durgapur,Onion,Other,FAQ,2850,3200,3000,08-Jan-25
3392,Salem,Edapadi (Uzhavar Sandhai ),Onion,Bellary,Local,4500,5000,5000,18-Jan-25
3393,Salem,Edapadi (Uzhavar Sandhai ),Onion,Bellary,Local,5500,6000,6000,04-Jan-25
3394,Salem,Elampillai(Uzhavar Sandhai ),Onion,Bellary,Local,5000,5500,5500,16-Jan-25
3395,Salem,Elampillai(Uzhavar Sandhai ),Onion,Bellary,Local,5500,6000,6000,09-Jan-25
3396,Malda,English Bazar,Onion,Other,FAQ,2000,2800,2400,24-Jan-25
3397,Malda,English Bazar,Onion,Other,FAQ,2500,3000,2700,13-Jan-25
3398,Hyderabad,Erragadda(Rythu Bazar),Onion,1st Sort,FAQ,3500,3500,3500,15-Jan-25
3399,Etah,Etah,Onion,Red,FAQ,2000,2500,2180,07-Jan-25
3400,Etah,Etah,Onion,Red,FAQ,2000,2500,2275,27-Jan-25
3401,Etawah,Etawah,Onion,Red,FAQ,2100,2400,2300,15-Jan-25
3402,Kottayam,Ettumanoor,Onion,Big,FAQ,4000,4400,4200,10-Jan-25
3403,Gurdaspur,F.G.Churian,Onion,Onion,FAQ,3300,3500,3400,10-Jan-25
3404,Ayodhya,Faizabad,Onion,Red,FAQ,2100,2300,2220,27-Jan-25
3405,Ayodhya,Faizabad,Onion,Red,FAQ,2200,2360,2300,09-Jan-25
3406,Ayodhya,Faizabad,Onion,Red,FAQ,2200,2400,2350,18-Jan-25
3407,Ayodhya,Faizabad,Onion,Red,FAQ,2300,2440,2350,11-Jan-25
3408,Ayodhya,Faizabad,Onion,Red,FAQ,2350,2440,2400,05-Jan-25
3409,Alipurduar,Falakata,Onion,Other,FAQ,2800,3000,2900,15-Jan-25
3410,Alipurduar,Falakata,Onion,Other,FAQ,3000,3500,3200,09-Jan-25
3411,Alipurduar,Falakata,Onion,Other,FAQ,3200,3500,3400,08-Jan-25
3412,Faridkot,Faridkot,Onion,Onion,FAQ,2000,3000,2500,23-Jan-25
3413,Gurgaon,Farukh Nagar,Onion,Other,FAQ,2000,2600,2000,05-Jan-25
3414,Gurgaon,Farukh Nagar,Onion,Other,Non-FAQ,1800,2200,1800,26-Jan-25
3415,Farukhabad,Farukhabad,Onion,Red,FAQ,2300,2475,2350,15-Jan-25
3416,Fatehabad,Fatehabad,Onion,Other,FAQ,2000,3000,2500,22-Jan-25
3417,Agra,Fatehabad,Onion,Red,FAQ,1700,2000,1750,31-Jan-25
3418,Agra,Fatehabad,Onion,Red,FAQ,1800,2000,1850,08-Jan-25
3419,Fatehpur,Fatehpur,Onion,Red,FAQ,1600,1800,1700,31-Jan-25
3420,Agra,Fatehpur Sikri,Onion,Red,FAQ,2040,2180,2100,27-Jan-25
3421,Ferozpur,Ferozepur Cantt.,Onion,Onion,FAQ,2400,2600,2500,15-Jan-25
3422,Ferozpur,Ferozepur Cantt.,Onion,Onion,FAQ,2700,2900,2800,14-Jan-25
3423,Mewat,FerozpurZirkha(Nagina),Onion,Other,FAQ,1600,2000,1800,27-Jan-25
3424,Firozabad,Firozabad,Onion,Red,FAQ,2075,2270,2160,06-Jan-25
3425,Firozabad,Firozabad,Onion,Red,FAQ,2170,2350,2265,24-Jan-25
3426,Firozabad,Firozabad,Onion,Red,FAQ,2280,2460,2375,20-Jan-25
3427,Maharajganj,Gadaura,Onion,Red,FAQ,2200,2400,2300,04-Jan-25
3428,Malda,Gajol,Onion,Other,FAQ,2000,2800,2400,28-Jan-25
3429,Malda,Gajol,Onion,Other,FAQ,2400,3000,2600,02-Jan-25
3430,Sonipat,Ganaur,Onion,Onion,Non-FAQ,2500,3000,2800,18-Jan-25
3431,Sonipat,Ganaur,Onion,Onion,Non-FAQ,2800,3000,2800,19-Jan-25
3432,Auraiya,Achalda,Onion,Red,FAQ,2250,2450,2320,18-Jan-25
3433,Agra,Achnera,Onion,Red,FAQ,2360,2420,2390,13-Jan-25
3434,Shajapur,Agar,Onion,Onion,Non-FAQ,837,1700,1700,22-Jan-25
3435,Agra,Agra,Onion,Red,FAQ,1900,2200,2050,31-Jan-25
3436,Agra,Agra,Onion,Red,FAQ,2000,2300,2150,05-Jan-25
3437,Agra,Agra,Onion,Red,FAQ,2000,2500,2280,21-Jan-25
3438,Mirzapur,Ahirora,Onion,Red,FAQ,1800,2000,1900,02-Jan-25
3439,Ahmedabad,Ahmedabad(Chimanbhai Patal Market Vasana),Onion,Local,FAQ,1000,2200,2050,09-Jan-25
3440,Ahmedabad,Ahmedabad(Chimanbhai Patal Market Vasana),Onion,Local,FAQ,1000,2500,2300,03-Jan-25
3441,Ahmedabad,Ahmedabad(Chimanbhai Patal Market Vasana),Onion,Nasik,FAQ,1500,2800,2550,10-Jan-25
3442,Ahmedabad,Ahmedabad(Chimanbhai Patal Market Vasana),Onion,Nasik,FAQ,2200,3000,2750,28-Jan-25
3443,Ahmedabad,Ahmedabad(Chimanbhai Patal Market Vasana),Onion,Nasik,FAQ,2300,3200,2800,25-Jan-25
3444,Dharmapuri,AJattihalli(Uzhavar Sandhai ),Onion,Bellary,Local,4000,4400,4400,20-Jan-25
3445,Dharmapuri,AJattihalli(Uzhavar Sandhai ),Onion,Bellary,Local,4200,4400,4400,12-Jan-25
3446,Dharmapuri,AJattihalli(Uzhavar Sandhai ),Onion,Bellary,Local,4500,5000,5000,06-Jan-25
3447,Dharmapuri,AJattihalli(Uzhavar Sandhai ),Onion,Bellary,Local,4600,4800,4800,09-Jan-25
3448,Ajmer,Ajmer(F&V),Onion,Other,FAQ,1000,2000,1500,11-Jan-25
3449,Ajmer,Ajmer(F&V),Onion,Other,FAQ,1200,2600,2000,22-Jan-25
3450,Prayagraj,Ajuha,Onion,Red,FAQ,1800,1950,1880,31-Jan-25
3451,Prayagraj,Ajuha,Onion,Red,FAQ,2050,2200,2130,09-Jan-25
3452,Ambedkarnagar,Akbarpur,Onion,Red,FAQ,2300,2450,2350,25-Jan-25
3453,Ambedkarnagar,Akbarpur,Onion,Red,FAQ,2400,2450,2420,06-Jan-25
3454,Jammu,Akhnoor,Onion,Other,FAQ,2100,2500,2300,16-Jan-25
3455,Jammu,Akhnoor,Onion,Other,FAQ,2300,2700,2500,04-Jan-25
3456,Jammu,Akhnoor,Onion,Other,Non-FAQ,2300,2700,2500,25-Jan-25
3457,Akola,Akola,Onion,Other,FAQ,1500,2800,2000,20-Jan-25
3458,Aligarh,Aligarh,Onion,Red,FAQ,2200,2360,2280,30-Jan-25
3459,Aligarh,Aligarh,Onion,Red,FAQ,2240,2350,2280,28-Jan-25
3460,Aligarh,Aligarh,Onion,Red,Non-FAQ,2100,2190,2150,29-Jan-25
3461,Ernakulam,Aluva,Onion,Big,FAQ,3600,4500,4100,24-Jan-25
3462,Alwar,Alwar (F&V),Onion,Other,FAQ,1350,2300,1750,19-Jan-25
3463,Ambala,Ambala Cantt.,Onion,Other,FAQ,1600,2400,2000,11-Jan-25
3464,Ambala,Ambala Cantt.,Onion,Other,FAQ,1600,2400,2200,10-Jan-25
3465,Thirunelveli,Ambasamudram(Uzhavar Sandhai ),Onion,Bellary,Local,3300,4000,4000,06-Jan-25
3466,Thirunelveli,Ambasamudram(Uzhavar Sandhai ),Onion,Bellary,Local,3300,4000,4000,11-Jan-25
3467,Thirunelveli,Ambasamudram(Uzhavar Sandhai ),Onion,Bellary,Local,3300,4000,4000,19-Jan-25
3468,Thirunelveli,Ambasamudram(Uzhavar Sandhai ),Onion,Bellary,Local,3300,4000,4000,27-Jan-25
3469,Thiruvellore,Ambattur(Uzhavar Sandhai ),Onion,Bellary,Local,4000,4000,4000,02-Jan-25
3470,Thiruvellore,Ambattur(Uzhavar Sandhai ),Onion,Bellary,Local,4000,4000,4000,08-Jan-25
3471,Thiruvellore,Ambattur(Uzhavar Sandhai ),Onion,Bellary,Local,5000,5000,5000,06-Jan-25
3472,Salem,Ammapet(Uzhavar Sandhai ),Onion,Bellary,Local,4800,5000,5000,23-Jan-25
3473,Amarawati,Amrawati(Frui & Veg. Market),Onion,Red,FAQ,1500,3300,2400,06-Jan-25
3474,Amroha,Amroha,Onion,Red,FAQ,2020,2150,2100,30-Jan-25
3475,Amroha,Amroha,Onion,Red,FAQ,2250,2350,2300,05-Jan-25
3476,Amroha,Amroha,Onion,Red,FAQ,2250,2400,2330,04-Jan-25
3477,Madurai,Anaiyur(Uzhavar Sandhai ),Onion,Bellary,Local,4800,5200,5200,06-Jan-25
3478,Madurai,Anaiyur(Uzhavar Sandhai ),Onion,Bellary,Local,4800,5200,5200,19-Jan-25
3479,Madurai,Anaiyur(Uzhavar Sandhai ),Onion,Bellary,Local,4800,5200,5200,22-Jan-25
3480,Anand,"Anand(Veg,Yard,Anand)",Onion,Onion,FAQ,1500,2500,2000,27-Jan-25
3481,Maharajganj,Anandnagar,Onion,Red,FAQ,2400,3200,2700,10-Jan-25
3482,Cuddalore,Cuddalore(Uzhavar Sandhai ),Onion,Bellary,Local,4000,5000,5000,18-Jan-25
3483,Cuddalore,Cuddalore(Uzhavar Sandhai ),Onion,Bellary,Local,4000,6000,6000,01-Jan-25
3484,Cuddalore,Cuddalore(Uzhavar Sandhai ),Onion,Bellary,Local,4000,6000,6000,09-Jan-25
3485,Dahod,Dahod(Veg. Market),Onion,Onion,FAQ,1000,2500,2000,31-Jan-25
3486,Dahod,Dahod(Veg. Market),Onion,Onion,FAQ,2000,3000,2500,06-Jan-25
3487,Patna,Danapur,Onion,Medium,FAQ,3400,3800,3600,14-Jan-25
3488,Patna,Danapur,Onion,Medium,FAQ,3400,3800,3600,15-Jan-25
3489,Darjeeling,Darjeeling,Onion,Other,FAQ,3100,3300,3200,21-Jan-25
3490,Hoshiarpur,Dasuya,Onion,Other,FAQ,2400,2800,2600,28-Jan-25
3491,Hoshiarpur,Dasuya,Onion,Other,FAQ,2400,2800,2600,29-Jan-25
3492,Banaskanth,Deesa(Deesa Veg Yard),Onion,Other,FAQ,750,1550,1025,20-Jan-25
3493,Banaskanth,Deesa(Deesa Veg Yard),Onion,Other,FAQ,1000,2400,1700,02-Jan-25
3494,Banaskanth,Deesa(Deesa Veg Yard),Onion,Other,FAQ,1300,1450,1375,01-Feb-25
3495,Dehradoon,Dehradoon,Onion,Nasik,Non-FAQ,1700,2509,2000,22-Jan-25
3496,Krishnagiri,Denkanikottai(Uzhavar Sandhai ),Onion,Bellary,Local,3000,4000,4000,29-Jan-25
3497,Krishnagiri,Denkanikottai(Uzhavar Sandhai ),Onion,Bellary,Local,4000,4500,4500,01-Jan-25
3498,Krishnagiri,Denkanikottai(Uzhavar Sandhai ),Onion,Bellary,Local,4000,4500,4500,09-Jan-25
3499,Mohali,Dera Bassi,Onion,Other,FAQ,2400,2500,2500,13-Jan-25
3500,Sivaganga,Devakottai (Uzhavar Sandhai ),Onion,Bellary,Local,4800,5400,5400,24-Jan-25
3501,Sivaganga,Devakottai (Uzhavar Sandhai ),Onion,Bellary,Local,5000,5600,5600,19-Jan-25
3502,Nashik,Devala,Onion,Red,FAQ,650,2505,2250,09-Jan-25
3503,Nashik,Devala,Onion,Red,FAQ,700,2535,2250,03-Jan-25
3504,Nashik,Devala,Onion,Red,FAQ,700,2630,2350,01-Jan-25
3505,Nashik,Devala,Onion,Red,FAQ,900,2565,2250,24-Jan-25
3506,Nashik,Devala,Onion,Red,Local,900,2460,2250,27-Jan-25
3507,Theni,Devaram(Uzhavar Sandhai ),Onion,Bellary,Local,4000,4400,4400,23-Jan-25
3508,Theni,Devaram(Uzhavar Sandhai ),Onion,Bellary,Local,4000,4500,4500,26-Jan-25
3509,Dhar,Dhamnod(F&V),Onion,Onion,FAQ,1200,2000,1500,31-Jan-25
3510,Dhar,Dhamnod(F&V),Onion,Onion,FAQ,1800,2000,1900,06-Jan-25
3511,Amroha,Dhanaura,Onion,Medium,Non-FAQ,1000,1500,1200,22-Jan-25
3512,Kaithal,Dhand,Onion,Other,FAQ,2500,2800,2750,27-Jan-25
3513,Thirupur,Dharapuram(Uzhavar Sandhai ),Onion,Bellary,Local,4000,4500,4500,14-Jan-25
3514,Thirupur,Dharapuram(Uzhavar Sandhai ),Onion,Bellary,Local,4000,4500,4500,15-Jan-25
3515,Thirupur,Dharapuram(Uzhavar Sandhai ),Onion,Bellary,Local,4000,4500,4500,22-Jan-25
3516,Thirupur,Dharapuram(Uzhavar Sandhai ),Onion,Bellary,Local,4000,4500,4500,30-Jan-25
3517,Thirupur,Dharapuram(Uzhavar Sandhai ),Onion,Bellary,Local,4000,5000,5000,07-Jan-25
3518,Dharashiv(Usmanabad),Dharashiv,Onion,Red,FAQ,1200,2500,1850,17-Jan-25
3519,Dharashiv(Usmanabad),Dharashiv,Onion,Red,FAQ,2100,3400,2750,24-Jan-25
3520,Dharashiv(Usmanabad),Dharashiv,Onion,Red,Local,2000,3500,2750,26-Jan-25
3521,Dharmapuri,Dharmapuri(Uzhavar Sandhai ),Onion,Bellary,Local,4200,4600,4600,21-Jan-25
3522,Rajkot,Dhoraji,Onion,Nasik,FAQ,505,2230,1830,10-Jan-25
3523,Sangrur,Dhuri,Onion,Other,FAQ,2000,2800,2300,08-Jan-25
3524,Gurdaspur,Dinanagar,Onion,Other,FAQ,2000,2500,2000,24-Jan-25
3525,Gurdaspur,Dinanagar,Onion,Other,FAQ,2000,2500,2000,28-Jan-25
3526,Gurdaspur,Dinanagar,Onion,Other,FAQ,2000,2500,2500,17-Jan-25
3527,Gurdaspur,Dinanagar,Onion,Other,FAQ,2500,3000,3000,23-Jan-25
3528,Dindigul,Dindigul(Uzhavar Sandhai ),Onion,Bellary,Local,5000,5600,5600,11-Jan-25
3529,Nashik,Dindori(Vani),Onion,Red,Local,1700,2900,2350,31-Jan-25
3530,Bulandshahar,Divai,Onion,Other,FAQ,1400,1600,1500,01-Feb-25
3531,Mau(Maunathbhanjan),Doharighat,Onion,Red,FAQ,3500,3600,3555,03-Jan-25
3532,Hoshiarpur,GarhShankar (Kotfatuhi),Onion,Other,FAQ,2000,2500,2200,20-Jan-25
3533,Hoshiarpur,GarhShankar (Kotfatuhi),Onion,Other,FAQ,2100,2500,2300,23-Jan-25
3534,Hoshiarpur,GarhShankar (Kotfatuhi),Onion,Other,FAQ,2100,2500,2300,27-Jan-25
3535,Ghazipur,Gazipur,Onion,Red,FAQ,2255,2295,2275,21-Jan-25
3536,Ghazipur,Gazipur,Onion,Red,FAQ,2400,2450,2425,15-Jan-25
3537,Kaithar,"Gerabari, Korha Block",Onion,Medium,FAQ,3800,4000,3900,14-Jan-25
3538,Kaithar,"Gerabari, Korha Block",Onion,Medium,FAQ,3800,4000,3900,16-Jan-25
3539,Kaithar,"Gerabari, Korha Block",Onion,Medium,FAQ,4800,5000,4900,02-Jan-25
3540,Karnal,Gharaunda,Onion,Other,FAQ,2000,2800,2800,11-Jan-25
3541,Karnal,Gharaunda,Onion,Other,FAQ,2800,3000,3000,06-Jan-25
3542,Medinipur(W),Ghatal,Onion,Onion,FAQ,2500,3000,2700,02-Jan-25
3543,Ghaziabad,Ghaziabad,Onion,Red,FAQ,2140,2240,2190,28-Jan-25
3544,Ghaziabad,Ghaziabad,Onion,Red,FAQ,2350,2450,2400,17-Jan-25
3545,Ghaziabad,Ghaziabad,Onion,Red,FAQ,2375,2475,2425,13-Jan-25
3546,Villupuram,Gingee(Uzhavar Sandhai ),Onion,Bellary,Local,4000,4000,4000,18-Jan-25
3547,Villupuram,Gingee(Uzhavar Sandhai ),Onion,Bellary,Local,4000,4000,4000,23-Jan-25
3548,Villupuram,Gingee(Uzhavar Sandhai ),Onion,Bellary,Local,4000,5000,5000,06-Jan-25
3549,Erode,Gobichettipalayam(Uzhavar Sandhai ),Onion,Bellary,Local,4500,5000,5000,16-Jan-25
3550,Erode,Gobichettipalayam(Uzhavar Sandhai ),Onion,Bellary,Local,5000,5400,5400,07-Jan-25
3551,Sonipat,Gohana,Onion,Other,FAQ,2000,2500,2200,27-Jan-25
3552,Sonipat,Gohana,Onion,Other,FAQ,2000,3000,2500,14-Jan-25
3553,Lakhimpur,Golagokarnath,Onion,Red,FAQ,2000,2150,2080,31-Jan-25
3554,Lakhimpur,Golagokarnath,Onion,Red,FAQ,2250,2400,2320,23-Jan-25
3555,Lakhimpur,Golagokarnath,Onion,Red,FAQ,2350,2460,2410,17-Jan-25
3556,Hanumangarh,Goluwala,Onion,1st Sort,FAQ,2000,2000,2000,28-Jan-25
3557,Hanumangarh,Goluwala,Onion,1st Sort,FAQ,2100,2100,2100,29-Jan-25
3558,Gonda,Gonda,Onion,Red,FAQ,2300,2600,2400,22-Jan-25
3559,Rajkot,Gondal,Onion,Red,FAQ,605,2230,1655,15-Jan-25
3560,Rajkot,Gondal,Onion,Red,FAQ,605,2305,1755,04-Jan-25
3561,Rajkot,Gondal,Onion,Red,FAQ,655,2305,1755,01-Feb-25
3562,Rajkot,Gondal,Onion,White,FAQ,1155,1555,1280,24-Jan-25
3563,Bhadohi(Sant Ravi Nagar),Gopiganj,Onion,Red,FAQ,2330,2430,2380,19-Jan-25
3564,Bhadohi(Sant Ravi Nagar),Gopiganj,Onion,Red,FAQ,2440,2540,2490,12-Jan-25
3565,Gorakhpur,Gorakhpur,Onion,Red,FAQ,2175,2275,2225,19-Jan-25
3566,Gorakhpur,Gorakhpur,Onion,Red,FAQ,2250,2350,2300,08-Jan-25
3567,The Nilgiris,Gudalur(Uzhavar Sandhai ),Onion,Bellary,Local,4500,5000,5000,13-Jan-25
3568,The Nilgiris,Gudalur(Uzhavar Sandhai ),Onion,Bellary,Local,4500,5000,5000,21-Jan-25
3569,Hyderabad,Gudimalkapur,Onion,1st Sort,FAQ,600,4600,2100,08-Jan-25
3570,Hyderabad,Gudimalkapur,Onion,1st Sort,FAQ,900,3500,2300,25-Jan-25
3571,Vellore,Gudiyatham(Uzhavar Sandhai ),Onion,Bellary,Local,4500,4500,4500,14-Jan-25
3572,Vellore,Gudiyatham(Uzhavar Sandhai ),Onion,Bellary,Local,4500,4500,4500,22-Jan-25
3573,Chengalpattu,Guduvancheri(Uzhavar Sandhai ),Onion,Bellary,Local,3000,3500,3500,25-Jan-25
3574,Chengalpattu,Guduvancheri(Uzhavar Sandhai ),Onion,Bellary,Local,3500,4000,4000,20-Jan-25
3575,Bulandshahar,Gulavati,Onion,Red,FAQ,2900,3100,3000,14-Jan-25
3576,Bulandshahar,Gulavati,Onion,Red,FAQ,2900,3100,3000,22-Jan-25
3577,Bulandshahar,Gulavati,Onion,Red,FAQ,2900,3100,3000,26-Jan-25
3578,Bulandshahar,Gulavati,Onion,Red,FAQ,2900,3100,3000,30-Jan-25
3579,Bulandshahar,Gulavati,Onion,Red,FAQ,3000,3200,3100,23-Jan-25
3580,Gurgaon,Gurgaon,Onion,Other,FAQ,1500,2500,2000,09-Jan-25
3581,Gurgaon,Gurgaon,Onion,Other,FAQ,2000,3000,2500,23-Jan-25
3582,Badaun,Badayoun,Onion,Nasik,FAQ,2140,2320,2250,13-Jan-25
3583,Badaun,Badayoun,Onion,Nasik,FAQ,2200,2340,2255,26-Jan-25
3584,Badwani,Badwani(F&V),Onion,Onion,Non-FAQ,1800,1800,1800,26-Jan-25
3585,Moga,Baghapurana,Onion,Local,FAQ,2000,3000,2500,15-Jan-25
3586,South Garo Hills,Baghmara,Onion,Local,Local,6000,7000,6500,30-Jan-25
3587,Jhajar,Bahadurgarh,Onion,Other,FAQ,1500,2500,2000,30-Jan-25
3588,Bareilly,Bahedi,Onion,Red,FAQ,3010,3045,3025,08-Jan-25
3589,Bahraich,Bahraich,Onion,Red,FAQ,2100,2300,2200,28-Jan-25
3590,Bahraich,Bahraich,Onion,Red,FAQ,2100,2310,2225,25-Jan-25
3591,Bahraich,Bahraich,Onion,Red,FAQ,2200,2300,2250,24-Jan-25
3592,Bahraich,Bahraich,Onion,Red,FAQ,2200,2400,2300,20-Jan-25
3593,Bahraich,Bahraich,Onion,Red,FAQ,2500,2680,2595,12-Jan-25
3594,Puruliya,Balarampur,Onion,Other,FAQ,2500,3000,2800,01-Jan-25
3595,Puruliya,Balarampur,Onion,Other,FAQ,2500,3000,2800,29-Jan-25
3596,Puruliya,Balarampur,Onion,Other,FAQ,2800,3200,3000,22-Jan-25
3597,Thiruvananthapuram,Balarampuram,Onion,1st Sort,FAQ,3500,4000,4000,01-Feb-25
3598,Thiruvananthapuram,Balarampuram,Onion,1st Sort,FAQ,5000,6000,5000,11-Jan-25
3599,Balotra,Balotra,Onion,1st Sort,FAQ,2200,2300,2250,25-Jan-25
3600,Balotra,Balotra,Onion,1st Sort,FAQ,2300,2400,2380,16-Jan-25
3601,Balrampur,Balrampur,Onion,Red,FAQ,2170,2380,2275,17-Jan-25
3602,Khurda,Balugaon,Onion,Other,Non-FAQ,2500,2700,2600,01-Feb-25
3603,Bangalore,Bangalore,Onion,Bangalore-Samall,FAQ,1000,2000,1400,03-Jan-25
3604,Bangalore,Bangalore,Onion,Local,FAQ,1500,2500,2300,28-Jan-25
3605,Bangalore,Bangalore,Onion,Local,FAQ,1500,2500,2300,29-Jan-25
3606,Bangalore,Bangalore,Onion,Local,FAQ,1800,2200,2000,10-Jan-25
3607,Bangalore,Bangalore,Onion,Local,FAQ,2000,2500,2200,20-Jan-25
3608,Bangalore,Bangalore,Onion,Onion,FAQ,2800,3600,3200,06-Jan-25
3609,Bangalore,Bangalore,Onion,Onion,FAQ,3000,4000,3500,01-Jan-25
3610,Bangalore,Bangalore,Onion,Puna,FAQ,2500,3400,2800,29-Jan-25
3611,Unnao,Bangarmau,Onion,Red,FAQ,2050,2150,2100,31-Jan-25
3612,Unnao,Bangarmau,Onion,Red,FAQ,2250,2350,2300,24-Jan-25
3613,Unnao,Bangarmau,Onion,Red,FAQ,2260,2360,2310,23-Jan-25
3614,Unnao,Bangarmau,Onion,Red,FAQ,2400,2500,2450,09-Jan-25
3615,Unnao,Bangarmau,Onion,Red,FAQ,2650,2750,2700,03-Jan-25
3616,Bankura,Bankura Sadar,Onion,Nasik,FAQ,2800,3100,3000,29-Jan-25
3617,Bankura,Bankura Sadar,Onion,Nasik,FAQ,2800,3200,3000,19-Jan-25
3618,Bankura,Bankura Sadar,Onion,Nasik,FAQ,3000,3300,3200,03-Jan-25
3619,Kolkata,Bara Bazar (Posta Bazar),Onion,Nasik,FAQ,2750,3000,2880,20-Jan-25
3620,Kolkata,Bara Bazar (Posta Bazar),Onion,Nasik,FAQ,3000,3300,3225,10-Jan-25
3621,Barabanki,Barabanki,Onion,Red,FAQ,2100,2200,2150,28-Jan-25
3622,Barabanki,Barabanki,Onion,Red,FAQ,2320,2420,2370,23-Jan-25
3623,Barabanki,Barabanki,Onion,Red,FAQ,2430,2530,2480,06-Jan-25
3624,Banka,Barahat,Onion,Medium,FAQ,3500,4000,3800,23-Jan-25
3625,Pune,Baramati,Onion,Red,FAQ,1000,3400,2500,08-Jan-25
3626,Baran,Baran,Onion,Other,FAQ,400,800,500,12-Jan-25
3627,Baran,Baran,Onion,Other,Non-FAQ,500,800,600,25-Jan-25
3628,Ambala,Barara,Onion,Other,FAQ,2500,2800,2800,01-Jan-25
3629,Ambala,Barara,Onion,Other,FAQ,2500,2800,2800,10-Jan-25
3630,North 24 Parganas,Barasat,Onion,Other,FAQ,2700,2700,2700,02-Jan-25
3631,North 24 Parganas,Barasat,Onion,Other,FAQ,2700,2700,2700,06-Jan-25
3632,North 24 Parganas,Barasat,Onion,Other,FAQ,3200,3200,3200,12-Jan-25
3633,Bareilly,Bareilly,Onion,Red,FAQ,2200,2250,2225,21-Jan-25
3634,Bargarh,Bargarh,Onion,Other,FAQ,2300,2500,2400,31-Jan-25
3635,Ludhiana,Doraha,Onion,Other,FAQ,2300,3000,2650,10-Jan-25
3636,Ludhiana,Doraha,Onion,Other,FAQ,2300,3000,2800,16-Jan-25
3637,Ludhiana,Doraha,Onion,Other,Non-FAQ,2300,3000,2745,24-Jan-25
3638,Patiala,Dudhansadhan,Onion,Other,FAQ,2700,3000,2800,14-Jan-25
3639,Patiala,Dudhansadhan,Onion,Other,FAQ,2800,3000,2900,13-Jan-25
3640,Durg,Durg,Onion,Onion,Non-FAQ,2000,2500,2500,01-Feb-25
3641,Durg,Durg,Onion,Onion,Non-FAQ,2600,2800,2800,29-Jan-25
3642,Paschim Bardhaman,Durgapur,Onion,Other,FAQ,2750,3000,2850,23-Jan-25
3643,Salem,Edapadi (Uzhavar Sandhai ),Onion,Bellary,Local,4000,6000,6000,05-Jan-25
3644,Salem,Edapadi (Uzhavar Sandhai ),Onion,Bellary,Local,4000,6000,6000,09-Jan-25
3645,Salem,Edapadi (Uzhavar Sandhai ),Onion,Bellary,Local,5000,5500,5500,24-Jan-25
3646,Medinipur(E),Egra/contai,Onion,Onion,FAQ,2800,3000,2900,24-Jan-25
3647,Malda,English Bazar,Onion,Other,FAQ,2000,2800,2400,19-Jan-25
3648,Malda,English Bazar,Onion,Other,FAQ,2000,2800,2500,31-Jan-25
3649,Malda,English Bazar,Onion,Other,FAQ,2300,3000,2500,14-Jan-25
3650,Etah,Etah,Onion,Red,FAQ,1000,1500,1200,03-Jan-25
3651,Etah,Etah,Onion,Red,FAQ,1500,2500,2150,31-Jan-25
3652,Etah,Etah,Onion,Red,FAQ,1800,2500,2150,04-Jan-25
3653,Etah,Etah,Onion,Red,FAQ,2000,2500,2120,09-Jan-25
3654,Etah,Etah,Onion,Red,FAQ,2000,2500,2255,30-Jan-25
3655,Etah,Etah,Onion,Red,FAQ,2000,2500,2265,24-Jan-25
3656,Etah,Etah,Onion,Red,FAQ,2100,2600,2280,16-Jan-25
3657,Etawah,Etawah,Onion,Red,FAQ,2000,2300,2200,10-Jan-25
3658,Etawah,Etawah,Onion,Red,FAQ,2100,2400,2300,24-Jan-25
3659,Kottayam,Ettumanoor,Onion,Big,FAQ,3400,3800,3600,15-Jan-25
3660,Kottayam,Ettumanoor,Onion,Big,FAQ,4000,4400,4200,04-Jan-25
3661,Gurdaspur,F.G.Churian,Onion,Onion,FAQ,2600,2800,2700,13-Jan-25
3662,Gurdaspur,F.G.Churian,Onion,Onion,FAQ,2800,3000,2900,15-Jan-25
3663,Gurdaspur,F.G.Churian,Onion,Onion,FAQ,2800,3000,2900,18-Jan-25
3664,Ayodhya,Faizabad,Onion,Red,FAQ,2210,2350,2300,24-Jan-25
3665,Alipurduar,Falakata,Onion,Other,FAQ,3000,3200,3100,03-Jan-25
3666,Alipurduar,Falakata,Onion,Other,FAQ,3200,3400,3300,13-Jan-25
3667,Alipurduar,Falakata,Onion,Other,Non-FAQ,2900,3100,3000,29-Jan-25
3668,Farukhabad,Farukhabad,Onion,Red,FAQ,2200,2400,2300,21-Jan-25
3669,Farukhabad,Farukhabad,Onion,Red,FAQ,2300,2500,2375,13-Jan-25
3670,Farukhabad,Farukhabad,Onion,Red,FAQ,2300,2550,2450,12-Jan-25
3671,Agra,Fatehabad,Onion,Red,FAQ,1600,1800,1650,10-Jan-25
3672,Fatehpur,Fatehpur,Onion,Red,FAQ,1600,1800,1710,01-Feb-25
3673,Fatehpur,Fatehpur,Onion,Red,FAQ,2000,2200,2110,13-Jan-25
3674,Fazilka,Fazilka,Onion,Other,FAQ,2000,2500,2200,24-Jan-25
3675,Firozabad,Firozabad,Onion,Red,FAQ,1975,2175,2065,29-Jan-25
3676,Ferozpur,Firozepur City,Onion,Other,FAQ,2000,3000,2500,23-Jan-25
3677,Ferozpur,Firozepur City,Onion,Other,FAQ,2500,3000,2750,22-Jan-25
3678,Ferozpur,Firozepur City,Onion,Other,FAQ,3000,3500,3250,01-Feb-25
3679,Maharajganj,Gadaura,Onion,Red,FAQ,2200,2400,2300,23-Jan-25
3680,Maharajganj,Gadaura,Onion,Red,FAQ,2300,2500,2400,27-Jan-25
3681,Maharajganj,Gadaura,Onion,Red,FAQ,2300,2500,2400,28-Jan-25
3682,Malda,Gajol,Onion,Other,FAQ,2000,3000,2500,22-Jan-25
3683,Malda,Gajol,Onion,Other,FAQ,2500,3000,2700,17-Jan-25
3684,Pudukkottai,Gandarvakottai(Uzhavar Sandhai ),Onion,Bellary,Local,4000,5000,5000,12-Jan-25
3685,Medinipur(W),Garbeta(Medinipur),Onion,Onion,FAQ,2400,2800,2600,22-Jan-25
3686,Medinipur(W),Garbeta(Medinipur),Onion,Onion,FAQ,2400,2800,2600,30-Jan-25
3687,Hoshiarpur,Garh Shankar,Onion,Other,FAQ,1700,2200,2000,02-Jan-25
3688,Bijnor,Bijnaur,Onion,Red,FAQ,2300,2350,2315,13-Jan-25
3689,Bikaner,Bikaner (F&V),Onion,Other,FAQ,1300,1500,1400,23-Jan-25
3690,Bikaner,Bikaner (F&V),Onion,Other,FAQ,1400,1600,1500,31-Jan-25
3691,Bilaspur,Bilaspur,Onion,Local,Local,2000,2200,2100,09-Jan-25
3692,Bilaspur,Bilaspur,Onion,Local,Local,3500,3700,3600,18-Jan-25
3693,Bilaspur,Bilaspur,Onion,Local,Non-FAQ,3300,3500,3400,25-Jan-25
3694,Bilaspur,Bilaspur,Onion,Other,FAQ,2400,2800,2500,22-Jan-25
3695,Bilaspur,Bilaspur,Onion,Other,FAQ,2500,2700,2600,24-Jan-25
3696,Bilaspur,Bilaspur,Onion,Other,FAQ,2500,2800,2600,30-Jan-25
3697,Bilaspur,Bilaspur,Onion,Other,FAQ,2500,2800,2800,14-Jan-25
3698,Bilaspur,Bilaspur,Onion,Other,FAQ,2800,3200,3000,09-Jan-25
3699,Bilaspur,Bilaspur,Onion,Other,FAQ,2800,3200,3000,12-Jan-25
3700,Navsari,Bilimora,Onion,Nasik,FAQ,1500,2800,2200,26-Jan-25
3701,Navsari,Bilimora,Onion,Nasik,FAQ,2000,2600,2300,16-Jan-25
3702,Navsari,Bilimora,Onion,Nasik,FAQ,2250,3000,2700,04-Jan-25
3703,Badaun,Bilsi,Onion,Red,FAQ,2150,2250,2200,03-Jan-25
3704,Badaun,Bilsi,Onion,Red,FAQ,2250,2350,2300,19-Jan-25
3705,Fatehpur,Bindki,Onion,Red,FAQ,1800,1900,1860,30-Jan-25
3706,Fatehpur,Bindki,Onion,Red,FAQ,2150,2300,2200,02-Jan-25
3707,Birbhum,Birbhum,Onion,Other,FAQ,2600,2800,2700,13-Jan-25
3708,Sepahijala,Bishalgarh,Onion,Nasik,FAQ,4300,4500,4400,11-Jan-25
3709,Sepahijala,Bishalgarh,Onion,Nasik,FAQ,4300,4500,4400,14-Jan-25
3710,Sepahijala,Bishalgarh,Onion,Nasik,FAQ,4300,4500,4400,19-Jan-25
3711,Sepahijala,Bishalgarh,Onion,Nasik,FAQ,4300,4500,4400,22-Jan-25
3712,Sepahijala,Bishalgarh,Onion,Nasik,FAQ,4800,5000,4900,01-Jan-25
3713,Bankura,Bishnupur(Bankura),Onion,Nasik,FAQ,2000,3000,2800,03-Jan-25
3714,Bankura,Bishnupur(Bankura),Onion,Nasik,Non-FAQ,2500,3500,3000,20-Jan-25
3715,Sepahijala,Bishramganj,Onion,Nasik,FAQ,3800,4000,3900,30-Jan-25
3716,Sepahijala,Bishramganj,Onion,Nasik,FAQ,4300,4500,4400,26-Jan-25
3717,Theni,Bodinayakanur(Uzhavar Sandhai ),Onion,Bellary,Local,4200,4700,4700,01-Jan-25
3718,Theni,Bodinayakanur(Uzhavar Sandhai ),Onion,Bellary,Local,4200,4700,4700,07-Jan-25
3719,Birbhum,Bolpur,Onion,Onion,FAQ,2600,2800,2700,19-Jan-25
3720,Birbhum,Bolpur,Onion,Onion,FAQ,2600,2800,2700,22-Jan-25
3721,Birbhum,Bolpur,Onion,Onion,FAQ,2600,2800,2700,30-Jan-25
3722,Boudh,Boudh,Onion,Other,FAQ,4000,6000,5000,01-Jan-25
3723,Boudh,Boudh,Onion,Other,Non-FAQ,3000,4000,3500,28-Jan-25
3724,Hyderabad,Bowenpally,Onion,1st Sort,FAQ,800,2500,2000,15-Jan-25
3725,Hyderabad,Bowenpally,Onion,1st Sort,FAQ,800,3500,2200,02-Jan-25
3726,Hyderabad,Bowenpally,Onion,1st Sort,FAQ,1000,2500,2000,20-Jan-25
3727,Ernakulam,Broadway market,Onion,1st Sort,FAQ,4000,4800,4200,07-Jan-25
3728,Purba Bardhaman,Burdwan,Onion,Nasik,FAQ,3200,3500,3400,09-Jan-25
3729,Bhiwani,Ch. Dadri,Onion,Other,FAQ,1600,2500,2050,10-Jan-25
3730,Bhiwani,Ch. Dadri,Onion,Other,FAQ,1600,2800,2200,13-Jan-25
3731,Bijnor,Chaandpur,Onion,Red,FAQ,1800,2000,1900,08-Jan-25
3732,Thiruvananthapuram,Chala,Onion,Big,FAQ,3800,4200,3800,17-Jan-25
3733,Chamba,Chamba,Onion,Other,FAQ,2500,3000,2750,20-Jan-25
3734,Chamba,Chamba,Onion,Other,FAQ,3000,3500,3250,10-Jan-25
3735,Ropar (Rupnagar),Chamkaur Sahib,Onion,Other,FAQ,2900,3000,2950,17-Jan-25
3736,Ropar (Rupnagar),Chamkaur Sahib,Onion,Other,FAQ,3200,3300,3250,03-Jan-25
3737,Hooghly,Champadanga,Onion,Nasik,FAQ,2700,3000,2800,25-Jan-25
3738,Hooghly,Champadanga,Onion,Nasik,FAQ,2800,3000,2900,31-Jan-25
3739,Sambhal,Chandausi,Onion,Red,FAQ,2050,2150,2100,28-Jan-25
3740,Sonipat,Ganaur,Onion,Onion,Non-FAQ,2800,3000,2800,23-Jan-25
3741,Pudukkottai,Gandarvakottai(Uzhavar Sandhai ),Onion,Bellary,Local,4000,5000,5000,04-Jan-25
3742,Pudukkottai,Gandarvakottai(Uzhavar Sandhai ),Onion,Bellary,Local,4000,5000,5000,20-Jan-25
3743,Pudukkottai,Gandarvakottai(Uzhavar Sandhai ),Onion,Bellary,Local,4500,5000,5000,31-Jan-25
3744,Saharanpur,Gangoh,Onion,Red,FAQ,2000,2500,2200,03-Jan-25
3745,Hoshiarpur,Garh Shankar,Onion,Other,FAQ,2000,2300,2200,01-Feb-25
3746,Hoshiarpur,Garh Shankar,Onion,Other,FAQ,2100,2500,2200,23-Jan-25
3747,Hoshiarpur,Garh Shankar(Mahalpur),Onion,Onion,FAQ,2000,2800,2500,20-Jan-25
3748,Hoshiarpur,GarhShankar (Kotfatuhi),Onion,Other,FAQ,2000,2500,2200,09-Jan-25
3749,Mandsaur,Garoth,Onion,Onion,FAQ,100,2140,100,04-Jan-25
3750,Mandsaur,Garoth,Onion,Onion,FAQ,100,2290,200,07-Jan-25
3751,Mandsaur,Garoth,Onion,Onion,FAQ,500,2370,1560,10-Jan-25
3752,Kaithar,"Gerabari, Korha Block",Onion,Medium,FAQ,3800,4000,3900,25-Jan-25
3753,Kaithar,"Gerabari, Korha Block",Onion,Medium,FAQ,4800,5000,4900,01-Jan-25
3754,Patiala,Ghanaur,Onion,Other,FAQ,2500,3000,2800,21-Jan-25
3755,Medinipur(W),Ghatal,Onion,Onion,FAQ,2550,3000,2800,04-Jan-25
3756,Ghaziabad,Ghaziabad,Onion,Red,FAQ,2150,2250,2200,27-Jan-25
3757,Mainpuri,Ghiraur,Onion,Red,Non-FAQ,2070,2270,2170,27-Jan-25
3758,Muktsar,Giddarbaha,Onion,Onion,FAQ,2500,3000,2600,09-Jan-25
3759,Muktsar,Giddarbaha,Onion,Onion,FAQ,3000,3500,3200,08-Jan-25
3760,Villupuram,Gingee(Uzhavar Sandhai ),Onion,Bellary,Local,4000,4000,4000,03-Jan-25
3761,Erode,Gobichettipalayam(Uzhavar Sandhai ),Onion,Bellary,Local,4500,4800,4800,19-Jan-25
3762,Erode,Gobichettipalayam(Uzhavar Sandhai ),Onion,Bellary,Local,4500,4800,4800,31-Jan-25
3763,Sonipat,Gohana,Onion,Other,FAQ,2000,2500,2200,07-Jan-25
3764,Lakhimpur,Golagokarnath,Onion,Red,FAQ,2050,2200,2120,01-Feb-25
3765,Gonda,Gonda,Onion,Red,FAQ,2150,2400,2250,30-Jan-25
3766,Gonda,Gonda,Onion,Red,FAQ,2350,2550,2475,08-Jan-25
3767,Gonda,Gonda,Onion,Red,FAQ,2400,2700,2500,12-Jan-25
3768,Gonda,Gonda,Onion,Red,FAQ,2500,2700,2600,09-Jan-25
3769,Gonda,Gonda,Onion,Red,FAQ,2500,2800,2700,11-Jan-25
3770,Rajkot,Gondal,Onion,Red,FAQ,605,2255,1705,31-Jan-25
3771,Rajkot,Gondal,Onion,White,FAQ,1055,1305,1180,27-Jan-25
3772,Gorakhpur,Gorakhpur,Onion,Red,FAQ,2200,2300,2250,25-Jan-25
3773,The Nilgiris,Gudalur(Uzhavar Sandhai ),Onion,Bellary,Local,4200,4400,4400,19-Jan-25
3774,The Nilgiris,Gudalur(Uzhavar Sandhai ),Onion,Bellary,Local,4600,5000,5000,29-Jan-25
3775,Hyderabad,Gudimalkapur,Onion,1st Sort,FAQ,1200,2500,1900,14-Jan-25
3776,Hyderabad,Gudimalkapur,Onion,1st Sort,FAQ,1200,4500,2100,06-Jan-25
3777,Vellore,Gudiyatham(Uzhavar Sandhai ),Onion,Bellary,Local,4000,4500,4500,18-Jan-25
3778,Vellore,Gudiyatham(Uzhavar Sandhai ),Onion,Bellary,Local,4500,5000,5000,03-Jan-25
3779,Bulandshahar,Gulavati,Onion,Red,FAQ,2900,3100,3000,24-Jan-25
3780,Gurdaspur,Gurdaspur,Onion,Other,FAQ,1500,2000,1800,02-Jan-25
3781,Gurgaon,Gurgaon,Onion,Other,FAQ,2000,2500,2250,08-Jan-25
3782,Gurgaon,Gurgaon,Onion,Other,FAQ,2000,2500,2250,13-Jan-25
3783,Gurgaon,Gurgaon,Onion,Other,FAQ,2000,3000,2500,02-Jan-25
3784,Jhansi,Gurusarai,Onion,Red,FAQ,2100,2200,2150,01-Jan-25
3785,Hathras,Haathras,Onion,Red,FAQ,2220,2420,2320,10-Jan-25
3786,Nanital,Haldwani,Onion,Other,FAQ,1500,2000,1800,26-Jan-25
3787,Nanital,Haldwani,Onion,Other,FAQ,1900,2300,2100,10-Jan-25
3788,Hamirpur,Hamirpur(Nadaun),Onion,Other,FAQ,2500,2800,2700,20-Jan-25
3789,Hamirpur,Hamirpur(Nadaun),Onion,Other,FAQ,2900,3300,3200,06-Jan-25
3790,Hamirpur,Hamirpur(Nadaun),Onion,Other,FAQ,3000,3200,3100,28-Jan-25
3791,Hooghly,Kalipur,Onion,Nasik,FAQ,2700,2900,2800,14-Jan-25
3792,Hooghly,Kalipur,Onion,Nasik,FAQ,2800,3000,3000,21-Jan-25
3793,Kallakuruchi,Kallakurichi(Uzhavar Sandhai ),Onion,Bellary,Local,4000,5000,5000,12-Jan-25
3794,Kallakuruchi,Kallakurichi(Uzhavar Sandhai ),Onion,Bellary,Local,4000,5000,5000,17-Jan-25
3795,Kallakuruchi,Kallakurichi(Uzhavar Sandhai ),Onion,Bellary,Local,4000,5000,5000,30-Jan-25
3796,Kallakuruchi,Kallakurichi(Uzhavar Sandhai ),Onion,Bellary,Local,5000,5000,5000,19-Jan-25
3797,Purba Bardhaman,Kalna,Onion,Other,FAQ,2400,2600,2500,21-Jan-25
3798,Nashik,Kalvan,Onion,Red,FAQ,1300,2850,2351,07-Jan-25
3799,Thane,Kalyan,Onion,1st Sort,FAQ,3000,3600,3300,10-Jan-25
3800,Thane,Kalyan,Onion,2nd Sort,FAQ,2000,2200,2100,03-Jan-25
3801,Nadia,Kalyani,Onion,Onion,FAQ,3100,3300,3200,11-Jan-25
3802,Khowai,Kalyanpur,Onion,Nasik,FAQ,3200,3400,3300,30-Jan-25
3803,Khowai,Kalyanpur,Onion,Nasik,FAQ,3800,4000,3900,12-Jan-25
3804,Farukhabad,Kamlaganj,Onion,Red,FAQ,2000,2100,2020,28-Jan-25
3805,Farukhabad,Kamlaganj,Onion,Red,FAQ,2010,2210,2110,31-Jan-25
3806,Nagpur,Kamthi,Onion,Local,FAQ,1500,2500,2000,19-Jan-25
3807,Thirupur,Kangayam(Uzhavar Sandhai ),Onion,Bellary,Local,4500,5000,5000,05-Jan-25
3808,Thirupur,Kangayam(Uzhavar Sandhai ),Onion,Bellary,Local,4500,5000,5000,21-Jan-25
3809,Thirupur,Kangayam(Uzhavar Sandhai ),Onion,Bellary,Local,4600,5000,5000,08-Jan-25
3810,Kangra,Kangra,Onion,Other,FAQ,3200,3500,3400,04-Jan-25
3811,Kangra,Kangra,Onion,Other,FAQ,3200,3500,3400,06-Jan-25
3812,Kangra,Kangra(Jaisinghpur),Onion,1st Sort,FAQ,3000,3300,3100,24-Jan-25
3813,Kangra,Kangra(Jassour),Onion,Other,FAQ,2400,2700,2500,22-Jan-25
3814,Kangra,Kangra(Jassour),Onion,Other,FAQ,2500,3000,2750,02-Jan-25
3815,Kasargod,Kanjangadu,Onion,Big,FAQ,3400,4000,3600,07-Jan-25
3816,Kasargod,Kanjangadu,Onion,Big,FAQ,3400,4000,3600,20-Jan-25
3817,Kasargod,Kanjangadu,Onion,Big,FAQ,3700,4200,3900,24-Jan-25
3818,Kottayam,Kanjirappally,Onion,Big,FAQ,4000,4500,4200,04-Jan-25
3819,Kottayam,Kanjirappally,Onion,Big,FAQ,4000,4500,4200,06-Jan-25
3820,Kottayam,Kanjirappally,Onion,Big,FAQ,4000,4500,4200,29-Jan-25
3821,Kottayam,Kanjirappally,Onion,Big,FAQ,4500,5000,4800,14-Jan-25
3822,Kottayam,Kanjirappally,Onion,Big,FAQ,4500,5000,4800,25-Jan-25
3823,Kottayam,Kanjirappally,Onion,Onion,FAQ,8500,9000,8800,31-Jan-25
3824,Kottayam,Kanjirappally,Onion,Onion,FAQ,9000,10000,9800,25-Jan-25
3825,Kannuj,Kannauj,Onion,Red,FAQ,2250,2350,2300,17-Jan-25
3826,Kannur,Kannur,Onion,Other,FAQ,3700,3900,3800,27-Jan-25
3827,Kannur,Kannur,Onion,Other,FAQ,3700,3900,3800,29-Jan-25
3828,Kannur,Kannur,Onion,Other,FAQ,4100,4300,4200,22-Jan-25
3829,Kanpur,Kanpur(Grain),Onion,Red,FAQ,2150,2350,2250,27-Jan-25
3830,Kanpur,Kanpur(Grain),Onion,Red,FAQ,2250,2450,2350,15-Jan-25
3831,Kheda,Kapadvanj,Onion,Other,FAQ,1000,2600,1800,22-Jan-25
3832,Kheda,Kapadvanj,Onion,Other,FAQ,1300,2600,1950,02-Jan-25
3833,Kheda,Kapadvanj,Onion,Other,FAQ,1500,2400,1950,20-Jan-25
3834,Sivaganga,Karaikudi(Uzhavar Sandhai ),Onion,Bellary,Local,5000,5500,5500,30-Jan-25
3835,Sivaganga,Karaikudi(Uzhavar Sandhai ),Onion,Bellary,Local,5200,5500,5500,10-Jan-25
3836,Sivaganga,Karaikudi(Uzhavar Sandhai ),Onion,Bellary,Local,5200,5500,5500,16-Jan-25
3837,Sivaganga,Karaikudi(Uzhavar Sandhai ),Onion,Bellary,Local,5200,5600,5600,11-Jan-25
3838,Pudukkottai,Karambakkudi(Uzhavar Sandhai ),Onion,Bellary,Local,4500,5000,5000,02-Jan-25
3839,Pudukkottai,Karambakkudi(Uzhavar Sandhai ),Onion,Bellary,Local,4500,5000,5000,04-Jan-25
3840,Nadia,Karimpur,Onion,Nasik,FAQ,2200,2300,2250,16-Jan-25
3841,Nadia,Karimpur,Onion,Nasik,FAQ,2250,2350,2300,15-Jan-25
3842,Hoshiarpur,Garh Shankar,Onion,Other,FAQ,2000,2300,2100,30-Jan-25
3843,Hoshiarpur,Garh Shankar(Mahalpur),Onion,Onion,FAQ,1800,2500,1900,29-Jan-25
3844,Sagar,Garhakota,Onion,Onion,FAQ,1050,1150,1100,21-Jan-25
3845,Ghazipur,Gazipur,Onion,Red,FAQ,2100,2160,2130,01-Feb-25
3846,Kaithar,"Gerabari, Korha Block",Onion,Medium,FAQ,3800,4000,3900,23-Jan-25
3847,Kaithar,"Gerabari, Korha Block",Onion,Medium,FAQ,4800,5000,4900,03-Jan-25
3848,Patiala,Ghanaur,Onion,Other,FAQ,2000,2500,2200,16-Jan-25
3849,Patiala,Ghanaur,Onion,Other,FAQ,2500,2900,2700,29-Jan-25
3850,Patiala,Ghanaur,Onion,Other,FAQ,2550,2750,2650,02-Jan-25
3851,Karnal,Gharaunda,Onion,Other,FAQ,2000,2200,2200,01-Jan-25
3852,Karnal,Gharaunda,Onion,Other,FAQ,2200,2800,2800,09-Jan-25
3853,Karnal,Gharaunda,Onion,Other,FAQ,2500,2800,2800,13-Jan-25
3854,Medinipur(W),Ghatal,Onion,Onion,FAQ,2700,2900,2800,25-Jan-25
3855,Medinipur(W),Ghatal,Onion,Onion,FAQ,2700,3000,2800,20-Jan-25
3856,Ghaziabad,Ghaziabad,Onion,Red,FAQ,2650,2750,2700,02-Jan-25
3857,Mainpuri,Ghiraur,Onion,Red,FAQ,1960,2160,2060,30-Jan-25
3858,Mainpuri,Ghiraur,Onion,Red,Non-FAQ,2200,2400,2300,22-Jan-25
3859,Erode,Gobichettipalayam(Uzhavar Sandhai ),Onion,Bellary,Local,4000,4500,4500,29-Jan-25
3860,Erode,Gobichettipalayam(Uzhavar Sandhai ),Onion,Bellary,Local,4500,4800,4800,20-Jan-25
3861,Erode,Gobichettipalayam(Uzhavar Sandhai ),Onion,Bellary,Local,5000,5400,5400,09-Jan-25
3862,Sonipat,Gohana,Onion,Other,FAQ,2000,2500,2200,31-Jan-25
3863,Lakhimpur,Golagokarnath,Onion,Red,FAQ,2260,2400,2340,20-Jan-25
3864,Lakhimpur,Golagokarnath,Onion,Red,FAQ,2450,2560,2520,13-Jan-25
3865,Lakhimpur,Golagokarnath,Onion,Red,Non-FAQ,1700,1900,1800,31-Jan-25
3866,Hanumangarh,Goluwala,Onion,1st Sort,FAQ,2100,2100,2100,26-Jan-25
3867,Hanumangarh,Goluwala,Onion,1st Sort,FAQ,2200,2500,2500,05-Jan-25
3868,Gonda,Gonda,Onion,Red,FAQ,2150,2400,2200,24-Jan-25
3869,Rajkot,Gondal,Onion,White,FAQ,1055,1655,1130,16-Jan-25
3870,Rajkot,Gondal,Onion,White,FAQ,1055,1905,1755,09-Jan-25
3871,Bhadohi(Sant Ravi Nagar),Gopiganj,Onion,Red,FAQ,2140,2240,2190,03-Jan-25
3872,Bhadohi(Sant Ravi Nagar),Gopiganj,Onion,Red,FAQ,2250,2330,2290,22-Jan-25
3873,Bhadohi(Sant Ravi Nagar),Gopiganj,Onion,Red,FAQ,2450,2550,2500,11-Jan-25
3874,Gorakhpur,Gorakhpur,Onion,Red,FAQ,2250,2475,2350,06-Jan-25
3875,Kolar,Gowribidanoor,Onion,Onion,FAQ,2500,4000,3000,30-Jan-25
3876,The Nilgiris,Gudalur(Uzhavar Sandhai ),Onion,Bellary,Local,4800,5000,5000,08-Jan-25
3877,Hyderabad,Gudimalkapur,Onion,1st Sort,FAQ,600,4000,2200,04-Jan-25
3878,Hyderabad,Gudimalkapur,Onion,1st Sort,FAQ,800,3500,2400,13-Jan-25
3879,Hyderabad,Gudimalkapur,Onion,1st Sort,FAQ,800,4000,2200,12-Jan-25
3880,Vellore,Gudiyatham(Uzhavar Sandhai ),Onion,Bellary,Local,4000,4500,4500,31-Jan-25
3881,Vellore,Gudiyatham(Uzhavar Sandhai ),Onion,Bellary,Local,4000,4600,4600,24-Jan-25
3882,Chengalpattu,Guduvancheri(Uzhavar Sandhai ),Onion,Bellary,Local,3000,4000,4000,06-Jan-25
3883,Bulandshahar,Gulavati,Onion,Red,FAQ,2900,3100,3000,12-Jan-25
3884,Bulandshahar,Gulavati,Onion,Red,FAQ,2900,3100,3000,16-Jan-25
3885,Bulandshahar,Gulavati,Onion,Red,FAQ,3000,3200,3100,19-Jan-25
3886,Gurdaspur,Gurdaspur,Onion,Other,FAQ,2200,2400,2300,16-Jan-25
3887,Gurgaon,Gurgaon,Onion,Other,FAQ,2000,2500,2250,17-Jan-25
3888,Jhansi,Gurusarai,Onion,Red,FAQ,2000,2080,2065,24-Jan-25
3889,Jhansi,Gurusarai,Onion,Red,FAQ,2015,2100,2050,27-Jan-25
3890,Jhansi,Gurusarai,Onion,Red,FAQ,2085,2140,2100,11-Jan-25
3891,Hathras,Haathras,Onion,Red,FAQ,2300,2500,2400,14-Jan-25
3892,North 24 Parganas,Habra,Onion,Other,FAQ,2500,2600,2600,29-Jan-25
3893,Balotra,Balotra,Onion,1st Sort,FAQ,2300,2500,2400,09-Jan-25
3894,Balotra,Balotra,Onion,1st Sort,FAQ,2400,2500,2450,23-Jan-25
3895,Balrampur,Balrampur,Onion,Red,FAQ,2150,2360,2250,18-Jan-25
3896,Balrampur,Balrampur,Onion,Red,FAQ,2200,2400,2300,03-Jan-25
3897,Khurda,Balugaon,Onion,Other,FAQ,2800,3200,3000,19-Jan-25
3898,Khurda,Balugaon,Onion,Other,Non-FAQ,3000,3300,3200,23-Jan-25
3899,Banda,Banda,Onion,Red,FAQ,2500,2670,2600,02-Jan-25
3900,Banda,Banda,Onion,Red,FAQ,2520,2675,2600,04-Jan-25
3901,Banda,Banda,Onion,Red,FAQ,2570,2720,2650,06-Jan-25
3902,Bangalore,Bangalore,Onion,Bangalore-Samall,FAQ,800,1500,1200,29-Jan-25
3903,Bangalore,Bangalore,Onion,Local,FAQ,1800,2200,2000,09-Jan-25
3904,Bangalore,Bangalore,Onion,Local,FAQ,2000,3000,2500,01-Jan-25
3905,Bangalore,Bangalore,Onion,Local,FAQ,2500,3200,3000,23-Jan-25
3906,Bangalore,Bangalore,Onion,Onion,FAQ,2500,3000,2800,18-Jan-25
3907,Bangalore,Bangalore,Onion,Puna,FAQ,2000,3400,2800,17-Jan-25
3908,Unnao,Bangarmau,Onion,Red,FAQ,2150,2250,2200,29-Jan-25
3909,Unnao,Bangarmau,Onion,Red,FAQ,2240,2340,2290,27-Jan-25
3910,Unnao,Bangarmau,Onion,Red,FAQ,2280,2380,2330,20-Jan-25
3911,Bankura,Bankura Sadar,Onion,Nasik,FAQ,3000,3300,3200,15-Jan-25
3912,Kolkata,Bara Bazar (Posta Bazar),Onion,Nasik,FAQ,2750,3000,2875,22-Jan-25
3913,Kolkata,Bara Bazar (Posta Bazar),Onion,Other,FAQ,2750,3000,2850,30-Jan-25
3914,Barabanki,Barabanki,Onion,Red,FAQ,2300,2380,2340,13-Jan-25
3915,Barabanki,Barabanki,Onion,Red,FAQ,2305,2405,2355,11-Jan-25
3916,Barabanki,Barabanki,Onion,Red,FAQ,2310,2410,2365,22-Jan-25
3917,Banka,Barahat,Onion,Medium,FAQ,3500,4000,3800,04-Jan-25
3918,Banka,Barahat,Onion,Medium,FAQ,3500,4000,3800,06-Jan-25
3919,Banka,Barahat,Onion,Medium,FAQ,3500,4000,3800,25-Jan-25
3920,Pune,Baramati,Onion,Red,FAQ,1100,3200,2500,20-Jan-25
3921,Pune,Baramati,Onion,Red,Local,1000,2701,2300,29-Jan-25
3922,Baran,Baran,Onion,Other,FAQ,500,800,600,03-Jan-25
3923,Ambala,Barara,Onion,Other,FAQ,2000,2800,2800,24-Jan-25
3924,Ambala,Barara,Onion,Other,FAQ,2400,3200,3200,16-Jan-25
3925,Ambala,Barara,Onion,Other,FAQ,2500,2800,2800,02-Jan-25
3926,Ambala,Barara,Onion,Other,FAQ,2800,3200,3200,08-Jan-25
3927,North 24 Parganas,Barasat,Onion,Other,FAQ,2800,2800,2800,20-Jan-25
3928,North 24 Parganas,Barasat,Onion,Other,FAQ,3000,3000,3000,27-Jan-25
3929,Baghpat,Baraut,Onion,Red,FAQ,2050,2200,2130,31-Jan-25
3930,Baghpat,Baraut,Onion,Red,FAQ,2400,2550,2470,10-Jan-25
3931,Bareilly,Bareilly,Onion,Red,FAQ,2150,2250,2220,16-Jan-25
3932,Bargarh,Bargarh,Onion,Other,FAQ,2300,2500,2400,01-Feb-25
3933,Bargarh,Bargarh(Barapalli),Onion,Other,FAQ,2400,2600,2500,21-Jan-25
3934,Bargarh,Bargarh(Barapalli),Onion,Other,FAQ,2500,2700,2600,23-Jan-25
3935,Bargarh,Bargarh(Barapalli),Onion,Other,FAQ,2700,2900,2800,26-Jan-25
3936,Muktsar,Bariwala,Onion,Onion,FAQ,2000,2000,2000,14-Jan-25
3937,Barnala,Barnala,Onion,Other,FAQ,1600,2500,2050,16-Jan-25
3938,Sounth 24 Parganas,Baruipur(Canning),Onion,Other,FAQ,2800,3000,2900,22-Jan-25
3939,Sounth 24 Parganas,Baruipur(Canning),Onion,Other,FAQ,3200,3300,3250,10-Jan-25
3940,Panchkula,Barwala,Onion,Onion,FAQ,2000,2500,2250,28-Jan-25
3941,Panchkula,Barwala,Onion,Onion,FAQ,2000,3000,2500,15-Jan-25
3942,Hissar,Barwala(Hisar),Onion,Other,FAQ,1500,2000,1800,07-Jan-25
3943,Hissar,Barwala(Hisar),Onion,Other,FAQ,1500,2000,1800,09-Jan-25
3944,Hissar,Barwala(Hisar),Onion,Other,FAQ,1800,2000,1900,23-Jan-25
3945,Jaipur Rural,Bassi,Onion,Other,Non-FAQ,4000,4400,4200,31-Jan-25
3946,Sambhal,Chandausi,Onion,Red,FAQ,2150,2250,2200,20-Jan-25
3947,Chandauli,Chandoli,Onion,Red,FAQ,2370,2470,2420,15-Jan-25
3948,Chandrapur,Chandrapur(Ganjwad),Onion,Other,Local,2000,3000,2500,01-Feb-25
3949,Nashik,Chandvad,Onion,Red,FAQ,700,2535,1780,10-Jan-25
3950,Nashik,Chandvad,Onion,Red,FAQ,1000,2726,2200,07-Jan-25
3951,Nashik,Chandvad,Onion,Red,FAQ,1145,2700,2280,24-Jan-25
3952,Nashik,Chandvad,Onion,Red,FAQ,1201,2764,2280,04-Jan-25
3953,Aligarh,Charra,Onion,Red,FAQ,2300,2500,2400,02-Jan-25
3954,Aligarh,Charra,Onion,Red,FAQ,2300,2500,2400,20-Jan-25
3955,Kollam,Chathanoor,Onion,Other,FAQ,4300,4700,4500,08-Jan-25
3956,Kollam,Chathanoor,Onion,Other,FAQ,4300,4700,4500,13-Jan-25
3957,Kollam,Chathanoor,Onion,Other,FAQ,4800,5200,5000,30-Jan-25
3958,Chattrapati Sambhajinagar,Chattrapati Sambhajinagar,Onion,Other,FAQ,1200,2800,2000,21-Jan-25
3959,Thirssur,Chavakkad,Onion,Other,FAQ,3800,4800,4800,03-Jan-25
3960,Thirssur,Chavakkad,Onion,Other,FAQ,4000,4800,4800,28-Jan-25
3961,Thirssur,Chelakkara,Onion,Other,FAQ,4500,5000,4600,24-Jan-25
3962,Thirssur,Chelakkara,Onion,Other,FAQ,4500,5000,4600,25-Jan-25
3963,Thiruvannamalai,Chengam(Uzhavar Sandhai ),Onion,Bellary,Local,3300,4000,4000,18-Jan-25
3964,Thiruvannamalai,Chengam(Uzhavar Sandhai ),Onion,Bellary,Local,4000,4800,4800,01-Jan-25
3965,Thiruvannamalai,Chengam(Uzhavar Sandhai ),Onion,Bellary,Local,4000,4800,4800,07-Jan-25
3966,Alappuzha,Chengannur,Onion,Small,FAQ,8500,9000,8800,10-Jan-25
3967,Alappuzha,Chengannur,Onion,Small,FAQ,8900,9200,9000,11-Jan-25
3968,Alappuzha,Cherthala,Onion,Big,FAQ,4500,4700,4600,01-Feb-25
3969,Yamuna Nagar,Chhachrauli,Onion,Onion,FAQ,1700,3000,1700,21-Jan-25
3970,Yamuna Nagar,Chhachrauli,Onion,Onion,FAQ,1800,2500,1800,31-Jan-25
3971,Kannuj,Chhibramau,Onion,Red,FAQ,2250,2350,2300,18-Jan-25
3972,Kannuj,Chhibramau,Onion,Red,FAQ,2450,2600,2530,03-Jan-25
3973,Kannuj,Chhibramau,Onion,Red,FAQ,2500,2600,2550,02-Jan-25
3974,Kolar,Chickkaballapura,Onion,Beelary-Red,FAQ,3400,3600,3500,28-Jan-25
3975,Cuddalore,Chidambaram(Uzhavar Sandhai ),Onion,Bellary,Local,4000,4000,4000,17-Jan-25
3976,Cuddalore,Chidambaram(Uzhavar Sandhai ),Onion,Bellary,Local,4000,5000,5000,21-Jan-25
3977,Chikmagalur,Chikkamagalore,Onion,Other,FAQ,3553,3753,3653,15-Jan-25
3978,Dindigul,Chinnalapatti(Uzhavar Sandhai ),Onion,Bellary,Local,4000,4800,4800,17-Jan-25
3979,Dindigul,Chinnalapatti(Uzhavar Sandhai ),Onion,Bellary,Local,4200,5000,5000,24-Jan-25
3980,Dindigul,Chinnalapatti(Uzhavar Sandhai ),Onion,Bellary,Local,4500,4800,4800,20-Jan-25
3981,Dindigul,Chinnalapatti(Uzhavar Sandhai ),Onion,Bellary,Local,5200,5600,5600,15-Jan-25
3982,Jhansi,Chirgaon,Onion,Red,FAQ,2000,2150,2040,04-Jan-25
3983,Jhansi,Chirgaon,Onion,Red,FAQ,2000,2160,2100,24-Jan-25
3984,Jhansi,Chirgaon,Onion,Red,FAQ,2000,2200,2100,21-Jan-25
3985,Ballia,Chitwadagaon,Onion,Red,FAQ,2370,2460,2420,13-Jan-25
3986,Ballia,Chitwadagaon,Onion,Red,FAQ,2370,2460,2420,15-Jan-25
3987,Ballia,Chitwadagaon,Onion,Red,FAQ,2380,2460,2420,10-Jan-25
3988,Ballia,Chitwadagaon,Onion,Red,Non-FAQ,2140,2230,2190,27-Jan-25
3989,Madurai,Chokkikulam(Uzhavar Sandhai ),Onion,Bellary,Local,4500,5000,5000,26-Jan-25
3990,Madurai,Chokkikulam(Uzhavar Sandhai ),Onion,Bellary,Local,4800,5000,5000,27-Jan-25
3991,Madurai,Chokkikulam(Uzhavar Sandhai ),Onion,Bellary,Local,5000,5200,5200,09-Jan-25
3992,Madurai,Chokkikulam(Uzhavar Sandhai ),Onion,Bellary,Local,5200,5400,5400,08-Jan-25
3993,Jaipur Rural,Chomu (F&V),Onion,Other,Non-FAQ,1600,2400,2000,21-Jan-25
3994,Kanpur,Choubepur,Onion,Red,FAQ,2115,2315,2215,29-Jan-25
3995,Kanpur,Choubepur,Onion,Red,FAQ,2300,2400,2340,22-Jan-25
3996,Mayurbhanja,Chuliaposi,Onion,1st Sort,FAQ,3600,3800,3700,15-Jan-25
3997,Basti,Basti,Onion,Red,FAQ,2150,2250,2200,04-Jan-25
3998,Bhatinda,Bathinda,Onion,Other,FAQ,2000,2500,2000,18-Jan-25
3999,Jammu,Batote,Onion,Other,FAQ,2600,3000,2800,23-Jan-25
4000,Belgaum,Belgaum,Onion,Pusa-Red,FAQ,1500,3500,3000,21-Jan-25
4001,Belgaum,Belgaum,Onion,Pusa-Red,FAQ,1500,3500,3000,22-Jan-25
4002,Hassan,Belur,Onion,Bombay (U.P.),FAQ,2500,2500,2500,26-Jan-25
4003,Nadia,Bethuadahari,Onion,Dry F.A.Q.,FAQ,3100,3300,3200,03-Jan-25
4004,Nadia,Bethuadahari,Onion,Dry F.A.Q.,Non-FAQ,2500,2750,2600,29-Jan-25
4005,Bhatinda,Bhagta Bhai Ka,Onion,Other,FAQ,2500,2500,2500,28-Jan-25
4006,Bhatinda,Bhagta Bhai Ka,Onion,Other,FAQ,3400,3400,3400,09-Jan-25
4007,Bhatinda,Bhagta Bhai Ka,Onion,Other,FAQ,3400,3400,3400,11-Jan-25
4008,Bhatinda,Bhagta Bhai Ka,Onion,Other,FAQ,3400,3400,3400,12-Jan-25
4009,Etawah,Bharthna,Onion,Red,FAQ,2150,2350,2250,19-Jan-25
4010,Etawah,Bharthna,Onion,Red,FAQ,2240,2440,2340,12-Jan-25
4011,Etawah,Bharthna,Onion,Red,FAQ,2260,2460,2360,14-Jan-25
4012,Hamirpur,Bharuasumerpur,Onion,Red,FAQ,1900,2045,2000,31-Jan-25
4013,Hamirpur,Bharuasumerpur,Onion,Red,FAQ,2300,2425,2400,17-Jan-25
4014,Kaushambi,Bharwari,Onion,Red,FAQ,1850,2010,1920,23-Jan-25
4015,Kaushambi,Bharwari,Onion,Red,FAQ,2050,2200,2125,08-Jan-25
4016,Kaushambi,Bharwari,Onion,Red,FAQ,2100,2250,2170,14-Jan-25
4017,Bhavnagar,Bhavnagar,Onion,Red,FAQ,750,2360,1555,29-Jan-25
4018,Bhavnagar,Bhavnagar,Onion,Red,FAQ,900,2580,1740,22-Jan-25
4019,Kalahandi,Bhawanipatna,Onion,Local,FAQ,4920,4920,4920,20-Jan-25
4020,Bhilwara,Bhilwara,Onion,Other,FAQ,1600,2800,2200,07-Jan-25
4021,Bhilwara,Bhilwara,Onion,Other,FAQ,1600,2800,2200,09-Jan-25
4022,Bhilwara,Bhilwara,Onion,Other,FAQ,1600,2800,2200,12-Jan-25
4023,Shravasti,Bhinga,Onion,Red,FAQ,2150,2400,2250,20-Jan-25
4024,Shravasti,Bhinga,Onion,Red,FAQ,2460,2750,2600,11-Jan-25
4025,Bhatinda,Bhucho,Onion,Other,FAQ,1400,1700,1550,30-Jan-25
4026,Bhatinda,Bhucho,Onion,Other,FAQ,1500,2000,1550,15-Jan-25
4027,Bhatinda,Bhucho,Onion,Other,FAQ,1700,2000,1800,23-Jan-25
4028,Kachchh,Bhuj,Onion,Small,FAQ,1700,2500,2100,24-Jan-25
4029,Kachchh,Bhuj,Onion,Small,FAQ,2000,2800,2400,10-Jan-25
4030,Kullu,Bhuntar,Onion,Other,FAQ,3000,3400,3200,03-Jan-25
4031,Jalgaon,Bhusaval,Onion,Red,FAQ,800,1500,1000,09-Jan-25
4032,Jalgaon,Bhusaval,Onion,Red,FAQ,1800,2500,2200,03-Jan-25
4033,Bijnor,Bijnaur,Onion,Red,FAQ,2230,2300,2250,17-Jan-25
4034,Bijnor,Bijnaur,Onion,Red,FAQ,2275,2320,2290,11-Jan-25
4035,Bikaner,Bikaner (F&V),Onion,Other,FAQ,1400,1600,1500,18-Jan-25
4036,Bilaspur,Bilaspur,Onion,Other,FAQ,2500,3000,2800,17-Jan-25
4037,Jalandhar,Bilga,Onion,Other,FAQ,1800,2000,1900,23-Jan-25
4038,Navsari,Bilimora,Onion,Nasik,FAQ,2250,2750,2500,13-Jan-25
4039,Navsari,Bilimora,Onion,Nasik,FAQ,2250,3000,2600,07-Jan-25
4040,Navsari,Bilimora,Onion,Nasik,FAQ,2250,3000,2600,09-Jan-25
4041,Badaun,Bilsi,Onion,Red,FAQ,2200,2300,2250,09-Jan-25
4042,Badaun,Bilsi,Onion,Red,FAQ,2200,2300,2255,12-Jan-25
4043,Badaun,Bilsi,Onion,Red,FAQ,2250,2300,2280,20-Jan-25
4044,Fatehpur,Bindki,Onion,Red,FAQ,1750,1920,1820,24-Jan-25
4045,Fatehpur,Bindki,Onion,Red,FAQ,2100,2230,2170,03-Jan-25
4046,Birbhum,Birbhum,Onion,Other,FAQ,2400,2600,2500,02-Jan-25
4047,Birbhum,Birbhum,Onion,Other,FAQ,2600,2800,2700,26-Jan-25
4048,Birbhum,Birbhum,Onion,Other,FAQ,2600,2800,2700,31-Jan-25
4049,Sepahijala,Bishalgarh,Onion,Nasik,FAQ,3800,4000,3900,27-Jan-25
4050,Sepahijala,Bishalgarh,Onion,Nasik,FAQ,3800,4000,3900,31-Jan-25
4051,Bargarh,Bargarh,Onion,Other,FAQ,2500,2700,2600,25-Jan-25
4052,Bargarh,Bargarh,Onion,Other,FAQ,2600,2800,2700,19-Jan-25
4053,Bargarh,Bargarh,Onion,Other,FAQ,2800,3000,2900,22-Jan-25
4054,Bargarh,Bargarh,Onion,Other,FAQ,3800,4000,3900,08-Jan-25
4055,Bargarh,Bargarh(Barapalli),Onion,Other,FAQ,3100,3300,3200,07-Jan-25
4056,Muktsar,Bariwala,Onion,Onion,FAQ,2200,2200,2200,08-Jan-25
4057,Sounth 24 Parganas,Baruipur(Canning),Onion,Other,FAQ,2800,3000,2900,28-Jan-25
4058,Sounth 24 Parganas,Baruipur(Canning),Onion,Other,FAQ,3000,3200,3100,01-Feb-25
4059,Panchkula,Barwala,Onion,Onion,FAQ,2000,2500,2250,02-Jan-25
4060,Panchkula,Barwala,Onion,Onion,FAQ,2500,2500,2500,09-Jan-25
4061,Jaipur Rural,Bassi,Onion,Other,Non-FAQ,3800,4000,3900,28-Jan-25
4062,Fatehgarh,Bassi Pathana,Onion,Onion,FAQ,2000,3000,2500,10-Jan-25
4063,Basti,Basti,Onion,Red,FAQ,2225,2325,2275,16-Jan-25
4064,Basti,Basti,Onion,Red,FAQ,2250,2350,2300,15-Jan-25
4065,Gurdaspur,Batala,Onion,Other,FAQ,2800,3200,3000,28-Jan-25
4066,Bhatinda,Bathinda,Onion,Other,FAQ,2000,2500,2000,10-Jan-25
4067,Bhatinda,Bathinda,Onion,Other,FAQ,2000,2600,2000,23-Jan-25
4068,Bhatinda,Bathinda,Onion,Other,FAQ,2500,2800,2600,03-Jan-25
4069,Jammu,Batote,Onion,Other,FAQ,2800,3200,3000,22-Jan-25
4070,Bharatpur,Bayana,Onion,Onion,FAQ,2200,2200,2200,14-Jan-25
4071,Jalpaiguri,Belacoba,Onion,Nasik,FAQ,2900,3000,3000,04-Jan-25
4072,Jalpaiguri,Belacoba,Onion,Nasik,FAQ,2900,3100,3000,11-Jan-25
4073,Jalpaiguri,Belacoba,Onion,Nasik,FAQ,3000,3200,3100,09-Jan-25
4074,Belgaum,Belgaum,Onion,Pusa-Red,FAQ,1000,4000,3200,04-Jan-25
4075,Belgaum,Belgaum,Onion,Pusa-Red,FAQ,1500,3500,3000,18-Jan-25
4076,Nadia,Bethuadahari,Onion,Dry F.A.Q.,FAQ,2500,2800,2700,14-Jan-25
4077,Nadia,Bethuadahari,Onion,Dry F.A.Q.,FAQ,2900,3125,3000,12-Jan-25
4078,Nadia,Bethuadahari,Onion,Dry F.A.Q.,Non-FAQ,2475,2625,2550,18-Jan-25
4079,Nadia,Bethuadahari,Onion,Dry F.A.Q.,Non-FAQ,2625,2875,2750,31-Jan-25
4080,Hanumangarh,Bhadara,Onion,1st Sort,FAQ,2200,2200,2200,18-Jan-25
4081,Bhatinda,Bhagta Bhai Ka,Onion,Other,FAQ,2700,2700,2700,24-Jan-25
4082,Haridwar,Bhagwanpur(Naveen Mandi Sthal),Onion,Other,FAQ,800,1700,1200,17-Jan-25
4083,Etawah,Bharthna,Onion,Red,FAQ,2240,2440,2340,24-Jan-25
4084,Etawah,Bharthna,Onion,Red,FAQ,2410,2610,2510,04-Jan-25
4085,Etawah,Bharthna,Onion,Red,FAQ,2420,2620,2520,01-Jan-25
4086,Hamirpur,Bharuasumerpur,Onion,Red,FAQ,2350,2500,2400,01-Jan-25
4087,Bharuch,Bharuch,Onion,Other,FAQ,1000,2000,1400,10-Jan-25
4088,Bharuch,Bharuch,Onion,Other,FAQ,1500,2500,2000,19-Jan-25
4089,Kaushambi,Bharwari,Onion,Red,FAQ,1800,1945,1880,26-Jan-25
4090,Bhavnagar,Bhavnagar,Onion,Red,FAQ,750,2705,1780,06-Jan-25
4091,Bhavnagar,Bhavnagar,Onion,Red,FAQ,850,2425,1640,28-Jan-25
4092,Bhavnagar,Bhavnagar,Onion,Red,FAQ,900,2510,1705,17-Jan-25
4093,Bhavnagar,Bhavnagar,Onion,Red,FAQ,900,2860,1880,07-Jan-25
4094,Bhavnagar,Bhavnagar,Onion,White,FAQ,1650,1680,1665,22-Jan-25
4095,Sangrur,Bhawanigarh,Onion,Other,FAQ,1500,1700,1600,28-Jan-25
4096,Sangrur,Bhawanigarh,Onion,Other,FAQ,1500,1900,1700,07-Jan-25
4097,Sangrur,Bhawanigarh,Onion,Other,FAQ,1500,2300,1900,13-Jan-25
4098,Bhilwara,Bhilwara,Onion,Other,FAQ,1500,2500,2000,01-Jan-25
4099,Bhilwara,Bhilwara,Onion,Other,FAQ,1500,2500,2000,29-Jan-25
4100,Bhilwara,Bhilwara,Onion,Other,FAQ,1600,2800,2200,19-Jan-25
4101,Shravasti,Bhinga,Onion,Red,FAQ,1900,2280,2100,25-Jan-25
4102,Bhiwani,Bhiwani,Onion,Other,FAQ,2100,2540,2360,19-Jan-25
4103,Bhatinda,Bhucho,Onion,Other,FAQ,1600,2000,1800,25-Jan-25
4104,Mayurbhanja,Chuliaposi,Onion,1st Sort,FAQ,3700,3800,3700,04-Jan-25
4105,Churu,Churu,Onion,1st Sort,FAQ,1600,1800,1700,07-Jan-25
4106,Coochbehar,Coochbehar,Onion,Other,FAQ,2200,2350,2300,17-Jan-25
4107,Coochbehar,Coochbehar,Onion,Other,FAQ,2550,2900,2800,26-Jan-25
4108,Coochbehar,Coochbehar,Onion,Other,FAQ,2800,3000,2900,31-Jan-25
4109,Cuddalore,Cuddalore(Uzhavar Sandhai ),Onion,Bellary,Local,4000,4000,4000,04-Jan-25
4110,Sirsa,Dabwali,Onion,Other,FAQ,1800,2400,2000,17-Jan-25
4111,Dahod,Dahod(Veg. Market),Onion,Onion,FAQ,1000,2500,2000,18-Jan-25
4112,Hoshiarpur,Dasuya,Onion,Other,FAQ,2200,2600,2400,23-Jan-25
4113,Davangere,Davangere,Onion,Onion,FAQ,1000,3800,2500,24-Jan-25
4114,Davangere,Davangere,Onion,Onion,FAQ,1000,4000,2500,23-Jan-25
4115,Davangere,Davangere,Onion,Onion,FAQ,1000,5300,3200,08-Jan-25
4116,Davangere,Davangere,Onion,Onion,FAQ,1000,5600,3300,03-Jan-25
4117,Davangere,Davangere,Onion,Onion,Ref grade-1,1000,3700,2000,31-Jan-25
4118,Krishnagiri,Denkanikottai(Uzhavar Sandhai ),Onion,Bellary,Local,4000,4500,4500,04-Jan-25
4119,Sagar,Deori,Onion,Onion,FAQ,900,1100,1100,19-Jan-25
4120,Sagar,Deori,Onion,Onion,FAQ,950,950,950,15-Jan-25
4121,Mohali,Dera Bassi,Onion,Other,FAQ,2800,3000,3000,03-Jan-25
4122,Sivaganga,Devakottai (Uzhavar Sandhai ),Onion,Bellary,Local,4800,5400,5400,26-Jan-25
4123,Sivaganga,Devakottai (Uzhavar Sandhai ),Onion,Bellary,Local,5000,5400,5400,28-Jan-25
4124,Sivaganga,Devakottai (Uzhavar Sandhai ),Onion,Bellary,Local,5200,5600,5600,03-Jan-25
4125,Theni,Devaram(Uzhavar Sandhai ),Onion,Bellary,Local,4000,4200,4200,01-Jan-25
4126,Theni,Devaram(Uzhavar Sandhai ),Onion,Bellary,Local,4000,4400,4400,03-Jan-25
4127,Dhar,Dhamnod(F&V),Onion,Onion,FAQ,1500,2000,1800,26-Jan-25
4128,Amroha,Dhanaura,Onion,Medium,FAQ,1000,1500,1200,15-Jan-25
4129,Moga,Dharamkot,Onion,Other,FAQ,2600,2600,2600,05-Jan-25
4130,Moga,Dharamkot,Onion,Other,FAQ,3000,3000,3000,04-Jan-25
4131,Kangra,Dharamshala,Onion,Other,FAQ,3000,3800,3400,10-Jan-25
4132,Dharashiv(Usmanabad),Dharashiv,Onion,Red,FAQ,1500,2700,2100,11-Jan-25
4133,Gurdaspur,Dhariwal,Onion,Other,FAQ,1600,1900,1800,04-Jan-25
4134,Gurdaspur,Dhariwal,Onion,Other,FAQ,1700,2000,1900,28-Jan-25
4135,Gurdaspur,Dhariwal,Onion,Other,FAQ,1800,2000,1900,10-Jan-25
4136,Gurdaspur,Dhariwal,Onion,Other,FAQ,1800,2000,1900,16-Jan-25
4137,Dharmapuri,Dharmapuri(Uzhavar Sandhai ),Onion,Bellary,Local,4200,4400,4400,12-Jan-25
4138,Dharmapuri,Dharmapuri(Uzhavar Sandhai ),Onion,Bellary,Local,4400,4800,4800,27-Jan-25
4139,Rajkot,Dhoraji,Onion,Nasik,FAQ,350,2055,1680,16-Jan-25
4140,Rajkot,Dhoraji,Onion,Nasik,Non-FAQ,400,2305,2005,18-Jan-25
4141,Dhule,Dhule,Onion,Red,FAQ,200,2200,2000,23-Jan-25
4142,Jalpaiguri,Dhupguri,Onion,Nasik,FAQ,2700,2900,2800,19-Jan-25
4143,Jalpaiguri,Dhupguri,Onion,Nasik,FAQ,2800,2900,2900,27-Jan-25
4144,Jalpaiguri,Dhupguri,Onion,Nasik,FAQ,2900,3100,3000,13-Jan-25
4145,Jalpaiguri,Dhupguri,Onion,Nasik,FAQ,3000,3100,3100,08-Jan-25
4146,Sangrur,Dhuri,Onion,Onion,FAQ,2000,2300,2100,29-Jan-25
4147,Sounth 24 Parganas,Diamond Harbour(South 24-pgs),Onion,Red,FAQ,2800,3000,2900,13-Jan-25
4148,Sounth 24 Parganas,Diamond Harbour(South 24-pgs),Onion,Red,FAQ,2800,3000,2900,19-Jan-25
4149,Sounth 24 Parganas,Diamond Harbour(South 24-pgs),Onion,Red,FAQ,2800,3000,2900,22-Jan-25
4150,Gurdaspur,Dinanagar,Onion,Other,FAQ,2000,2500,2500,10-Jan-25
4151,Gurdaspur,Dinanagar,Onion,Other,FAQ,2000,2500,2500,16-Jan-25
4152,Dindigul,Dindigul(Uzhavar Sandhai ),Onion,Bellary,Local,4000,4800,4800,01-Feb-25
4153,Nashik,Dindori(Vani),Onion,Red,FAQ,1500,3109,2401,02-Jan-25
4154,Nashik,Dindori(Vani),Onion,Red,Local,1751,2950,2350,01-Feb-25
4155,Anand,"Anand(Veg,Yard,Anand)",Onion,Onion,FAQ,1500,2500,2000,22-Jan-25
4156,Kollam,Anchal,Onion,Other,FAQ,4300,4500,4400,14-Jan-25
4157,Theni,Andipatti(Uzhavar Sandhai ),Onion,Bellary,Local,3500,4000,4000,13-Jan-25
4158,Ernakulam,Angamaly,Onion,Big,FAQ,4000,5000,4500,17-Jan-25
4159,Madurai,Anna nagar(Uzhavar Sandhai ),Onion,Bellary,Local,5600,5600,5600,18-Jan-25
4160,Madurai,Anna nagar(Uzhavar Sandhai ),Onion,Bellary,Local,6000,6000,6000,03-Jan-25
4161,Madurai,Anna nagar(Uzhavar Sandhai ),Onion,Bellary,Local,6000,6000,6000,04-Jan-25
4162,Bulandshahar,Anoop Shahar,Onion,Red,FAQ,1600,2000,1800,22-Jan-25
4163,Bulandshahar,Anoop Shahar,Onion,Red,FAQ,1800,2200,2000,16-Jan-25
4164,Bulandshahar,Anoop Shahar,Onion,Red,FAQ,1800,2200,2000,26-Jan-25
4165,Bulandshahar,Anoop Shahar,Onion,Red,FAQ,1800,2200,2000,29-Jan-25
4166,Bareilly,Anwala,Onion,Red,FAQ,1700,2000,1800,18-Jan-25
4167,Thiruvananthapuram,Aralamoodu,Onion,Onion,FAQ,4000,4500,4500,13-Jan-25
4168,Thiruvananthapuram,Aralamoodu,Onion,Onion,FAQ,4000,5000,5000,29-Jan-25
4169,Thiruvananthapuram,Aralamoodu,Onion,Onion,FAQ,4500,5000,5000,12-Jan-25
4170,Thiruvananthapuram,Aralamoodu,Onion,Onion,FAQ,4500,5000,5000,26-Jan-25
4171,Thiruvananthapuram,Aralamoodu,Onion,Onion,FAQ,5000,5000,5000,23-Jan-25
4172,Thiruvananthapuram,Aralamoodu,Onion,Onion,FAQ,5500,5500,5500,18-Jan-25
4173,Thiruvananthapuram,Aralamoodu,Onion,Onion,Non-FAQ,4500,5000,5000,18-Jan-25
4174,Thiruvannamalai,Arani(Uzhavar Sandhai ),Onion,Bellary,Local,3600,4200,4200,03-Jan-25
4175,Thiruvannamalai,Arani(Uzhavar Sandhai ),Onion,Bellary,Local,4000,5000,5000,05-Jan-25
4176,Thiruvannamalai,Arani(Uzhavar Sandhai ),Onion,Bellary,Local,4500,5500,5500,11-Jan-25
4177,Pudukkottai,Aranthangi(Uzhavar Sandhai ),Onion,Bellary,Local,4000,4500,4500,23-Jan-25
4178,Pudukkottai,Aranthangi(Uzhavar Sandhai ),Onion,Bellary,Local,4500,5000,5000,08-Jan-25
4179,Pudukkottai,Aranthangi(Uzhavar Sandhai ),Onion,Bellary,Local,4500,5000,5000,21-Jan-25
4180,Alappuzha,Aroor,Onion,Big,FAQ,4200,4400,4300,01-Jan-25
4181,Alappuzha,Aroor,Onion,Big,FAQ,4200,4400,4300,29-Jan-25
4182,Alappuzha,Aroor,Onion,Big,FAQ,4300,4500,4400,06-Jan-25
4183,Alappuzha,Aroor,Onion,Small,FAQ,9000,9200,9100,20-Jan-25
4184,Alappuzha,Aroor,Onion,Small,FAQ,9800,10000,9900,05-Jan-25
4185,Virudhunagar,Aruppukottai(Uzhavar Sandhai ),Onion,Bellary,Local,3500,4000,4000,15-Jan-25
4186,Paschim Bardhaman,Asansol,Onion,Nasik,FAQ,2550,2850,2600,17-Jan-25
4187,Paschim Bardhaman,Asansol,Onion,Nasik,FAQ,2750,2900,2800,24-Jan-25
4188,Paschim Bardhaman,Asansol,Onion,Nasik,FAQ,2800,3000,2900,31-Jan-25
4189,Anantnag,Ashahipora (Anantnagh),Onion,Other,FAQ,3000,3200,3100,08-Jan-25
4190,Kottayam,Athirampuzha,Onion,Big,FAQ,3800,4000,3900,07-Jan-25
4191,Kottayam,Athirampuzha,Onion,Onion,FAQ,7000,7400,7200,28-Jan-25
4192,Kottayam,Athirampuzha,Onion,Onion,FAQ,8000,9000,8500,26-Jan-25
4193,Kottayam,Athirampuzha,Onion,Onion,FAQ,8400,8600,8500,16-Jan-25
4194,Salem,Athur(Uzhavar Sandhai ),Onion,Bellary,Local,3500,5500,5500,25-Jan-25
4195,Salem,Athur(Uzhavar Sandhai ),Onion,Bellary,Local,4000,5500,5500,11-Jan-25
4196,Salem,Athur(Uzhavar Sandhai ),Onion,Bellary,Local,4000,5500,5500,12-Jan-25
4197,Aligarh,Atrauli,Onion,Red,FAQ,1400,1500,1450,31-Jan-25
4198,Salem,Attayampatti(Uzhavar Sandhai ),Onion,Bellary,Local,5000,5600,5600,13-Jan-25
4199,Salem,Attayampatti(Uzhavar Sandhai ),Onion,Bellary,Local,5000,6000,6000,06-Jan-25
4200,Auraiya,Auraiya,Onion,Red,FAQ,1950,2180,2080,28-Jan-25
4201,Auraiya,Auraiya,Onion,Red,FAQ,2250,2500,2400,13-Jan-25
4202,Auraiya,Auraiya,Onion,Red,FAQ,2300,2500,2400,06-Jan-25
4203,Krishnagiri,Avallapalli(Uzhavar Sandhai ),Onion,Bellary,Local,3500,4000,4000,20-Jan-25
4204,Nadia,Karimpur,Onion,Nasik,FAQ,2700,2900,2800,26-Jan-25
4205,Nadia,Karimpur,Onion,Nasik,FAQ,2900,3100,3000,20-Jan-25
4206,Nadia,Karimpur,Onion,Nasik,Non-FAQ,2600,2800,2700,30-Jan-25
4207,Virudhunagar,Kariyapatti(Uzhavar Sandhai ),Onion,Bellary,Local,3500,4000,4000,01-Feb-25
4208,Virudhunagar,Kariyapatti(Uzhavar Sandhai ),Onion,Bellary,Local,4500,5000,5000,14-Jan-25
4209,Virudhunagar,Kariyapatti(Uzhavar Sandhai ),Onion,Bellary,Local,4500,5000,5000,17-Jan-25
4210,Ahmednagar,Karjat,Onion,Local,FAQ,500,2700,1600,18-Jan-25
4211,Karur,Karur(Uzhavar Sandhai ),Onion,Bellary,Local,7000,8000,8000,22-Jan-25
4212,Chitrakut,Karvi,Onion,Red,FAQ,2225,2445,2330,22-Jan-25
4213,Kasganj,Kasganj,Onion,Red,FAQ,2100,2460,2260,07-Jan-25
4214,Kasganj,Kasganj,Onion,Red,FAQ,2100,2500,2330,25-Jan-25
4215,UdhamSinghNagar,Kashipur,Onion,Other,FAQ,1400,1700,1550,30-Jan-25
4216,Vellore,Katpadi (Uzhavar Sandhai ),Onion,Bellary,Local,4000,4400,4400,27-Jan-25
4217,Vellore,Katpadi (Uzhavar Sandhai ),Onion,Bellary,Local,4600,4600,4600,15-Jan-25
4218,Vellore,Katpadi (Uzhavar Sandhai ),Onion,Bellary,Local,4800,4800,4800,11-Jan-25
4219,Vellore,Katpadi (Uzhavar Sandhai ),Onion,Bellary,Local,5000,5000,5000,08-Jan-25
4220,Idukki,Kattappana,Onion,Big,FAQ,3500,4500,4000,11-Jan-25
4221,Idukki,Kattappana,Onion,Big,FAQ,4000,4400,4300,29-Jan-25
4222,Idukki,Kattappana,Onion,Big,Non-FAQ,4000,4400,4200,25-Jan-25
4223,Idukki,Kattappana,Onion,Small,FAQ,8000,8800,8600,16-Jan-25
4224,Idukki,Kattappana,Onion,Small,FAQ,8000,10000,9800,10-Jan-25
4225,Idukki,Kattappana,Onion,Small,FAQ,9000,10000,9800,11-Jan-25
4226,Purba Bardhaman,Katwa,Onion,Other,FAQ,2400,2600,2500,21-Jan-25
4227,Krishnagiri,Kaveripattinam(Uzhavar Sandhai ),Onion,Bellary,Local,4000,4500,4500,12-Jan-25
4228,Krishnagiri,Kaveripattinam(Uzhavar Sandhai ),Onion,Bellary,Local,4000,4500,4500,19-Jan-25
4229,Krishnagiri,Kaveripattinam(Uzhavar Sandhai ),Onion,Bellary,Local,4000,4500,4500,23-Jan-25
4230,Farukhabad,Kayamganj,Onion,Red,FAQ,2270,2420,2330,07-Jan-25
4231,Alappuzha,Kayamkulam,Onion,Big,FAQ,3100,3300,3200,17-Jan-25
4232,Alappuzha,Kayamkulam,Onion,Big,FAQ,3700,3900,3800,28-Jan-25
4233,Alappuzha,Kayamkulam,Onion,Small,FAQ,6800,7000,6900,10-Jan-25
4234,Alappuzha,Kayamkulam,Onion,Small,FAQ,6900,7100,7000,08-Jan-25
4235,Alappuzha,Kayamkulam,Onion,Small,FAQ,7400,7600,7500,12-Jan-25
4236,Alappuzha,Kayamkulam,Onion,Small,FAQ,7500,7700,7600,13-Jan-25
4237,Thiruvannamalai,Keelpennathur(Uzhavar Sandhai ),Onion,Bellary,Local,2500,3000,3000,01-Feb-25
4238,Thiruvannamalai,Keelpennathur(Uzhavar Sandhai ),Onion,Bellary,Local,3500,4500,4500,15-Jan-25
4239,Thiruvannamalai,Keelpennathur(Uzhavar Sandhai ),Onion,Bellary,Local,4000,5000,5000,06-Jan-25
4240,Thiruvannamalai,Keelpennathur(Uzhavar Sandhai ),Onion,Bellary,Local,4000,5000,5000,28-Jan-25
4241,Kalahandi,Kesinga,Onion,Other,FAQ,6000,6000,6000,02-Jan-25
4242,Fatehpur,Khaga,Onion,Red,FAQ,1500,1650,1600,22-Jan-25
4243,Fatehpur,Khaga,Onion,Red,FAQ,1700,1880,1825,24-Jan-25
4244,Sant Kabir Nagar,Khalilabad,Onion,Red,FAQ,2500,2600,2550,23-Jan-25
4245,Fatehgarh,Khamano,Onion,Onion,FAQ,4000,4000,4000,18-Jan-25
4246,Khandwa,Khandwa,Onion,Local,FAQ,600,1200,1200,13-Jan-25
4247,Khandwa,Khandwa,Onion,Local,FAQ,700,1000,1000,18-Jan-25
4248,Khandwa,Khandwa,Onion,Local,FAQ,938,1500,1500,05-Jan-25
4249,Ludhiana,Khanna,Onion,Other,FAQ,1000,2500,1500,25-Jan-25
4250,Mohali,Kharar,Onion,Other,FAQ,2500,3000,2700,29-Jan-25
4251,Mohali,Kharar,Onion,Other,FAQ,3000,3500,3200,01-Jan-25
4252,Nuapada,Khariar,Onion,Dry F.A.Q.,FAQ,3000,3500,3000,10-Jan-25
4253,Nuapada,Khariar,Onion,Dry F.A.Q.,Non-FAQ,3000,3100,3000,17-Jan-25
4254,North 24 Parganas,Habra,Onion,Other,FAQ,3000,3200,3200,02-Jan-25
4255,North 24 Parganas,Habra,Onion,Other,FAQ,3000,3200,3200,26-Jan-25
4256,Nanital,Haldwani,Onion,Other,FAQ,1800,2100,2000,13-Jan-25
4257,Hamirpur,Hamirpur,Onion,Other,FAQ,2500,3200,2900,09-Jan-25
4258,Hamirpur,Hamirpur,Onion,Other,FAQ,2600,2800,2700,17-Jan-25
4259,Hamirpur,Hamirpur(Nadaun),Onion,Other,FAQ,2700,2800,2750,15-Jan-25
4260,Hanumangarh,Hanumangarh(Urlivas),Onion,1st Sort,FAQ,1800,2300,2050,30-Jan-25
4261,Hanumangarh,Hanumangarh(Urlivas),Onion,1st Sort,FAQ,2000,2200,2100,01-Feb-25
4262,Hanumangarh,Hanumangarh(Urlivas),Onion,1st Sort,FAQ,2000,2300,2150,25-Jan-25
4263,Ghaziabad,Hapur,Onion,Red,FAQ,2050,2160,2100,29-Jan-25
4264,Ghaziabad,Hapur,Onion,Red,FAQ,2100,2200,2180,24-Jan-25
4265,Ghaziabad,Hapur,Onion,Red,FAQ,2200,2400,2300,17-Jan-25
4266,Ghaziabad,Hapur,Onion,Red,FAQ,2450,2560,2500,05-Jan-25
4267,Hardoi,Hardoi,Onion,Pusa-Red,FAQ,2200,2250,2225,30-Jan-25
4268,Hardoi,Hardoi,Onion,Pusa-Red,FAQ,2250,2390,2340,17-Jan-25
4269,Hardoi,Hardoi,Onion,Pusa-Red,FAQ,2300,2390,2345,20-Jan-25
4270,Hardoi,Hardoi,Onion,Pusa-Red,FAQ,2300,2400,2350,19-Jan-25
4271,Sitapur,Hargaon (Laharpur),Onion,Nasik,FAQ,2600,2800,2700,23-Jan-25
4272,Sitapur,Hargaon (Laharpur),Onion,Nasik,FAQ,3000,3100,3050,07-Jan-25
4273,Dharmapuri,Harur(Uzhavar Sandhai ),Onion,Bellary,Local,4000,4500,4500,24-Jan-25
4274,Dharmapuri,Harur(Uzhavar Sandhai ),Onion,Bellary,Local,4300,4500,4500,14-Jan-25
4275,Dharmapuri,Harur(Uzhavar Sandhai ),Onion,Bellary,Local,4300,4500,4500,15-Jan-25
4276,Dharmapuri,Harur(Uzhavar Sandhai ),Onion,Bellary,Local,4300,4500,4500,22-Jan-25
4277,Dharmapuri,Harur(Uzhavar Sandhai ),Onion,Bellary,Local,4300,4500,4500,27-Jan-25
4278,Salem,Hasthampatti(Uzhavar Sandhai ),Onion,Bellary,Local,5000,5500,5500,16-Jan-25
4279,Salem,Hasthampatti(Uzhavar Sandhai ),Onion,Bellary,Local,5000,5500,5500,22-Jan-25
4280,Dhenkanal,Hindol,Onion,Other,FAQ,3000,3500,3200,03-Jan-25
4281,Nagpur,Hingna,Onion,Red,FAQ,2500,3200,2900,02-Jan-25
4282,Nagpur,Hingna,Onion,Red,FAQ,3000,3000,3000,06-Jan-25
4283,Ganjam,Hinjilicut,Onion,Other,FAQ,2400,3500,3000,30-Jan-25
4284,Ganjam,Hinjilicut,Onion,Other,FAQ,2500,4000,3000,19-Jan-25
4285,Ganjam,Hinjilicut,Onion,Other,FAQ,2700,4000,3000,27-Jan-25
4286,Ganjam,Hinjilicut,Onion,Other,FAQ,3000,4000,4000,12-Jan-25
4287,Ganjam,Hinjilicut,Onion,Other,FAQ,3500,5000,5000,07-Jan-25
4288,Hissar,Hissar,Onion,Other,FAQ,1200,2000,1800,28-Jan-25
4289,Hissar,Hissar,Onion,Other,FAQ,1400,2200,2000,29-Jan-25
4290,Hissar,Hissar,Onion,Other,FAQ,1500,2500,2000,08-Jan-25
4291,Hoshangabad,Hoshangabad(F&V),Onion,Onion,FAQ,800,1410,1180,02-Jan-25
4292,Hoshangabad,Hoshangabad(F&V),Onion,Onion,FAQ,950,1670,1340,07-Jan-25
4293,Hoshangabad,Hoshangabad(F&V),Onion,Onion,FAQ,1050,1810,1420,09-Jan-25
4294,Hoshangabad,Hoshangabad(F&V),Onion,Onion,FAQ,1130,1900,1490,11-Jan-25
4295,Hoshangabad,Hoshangabad(F&V),Onion,Onion,FAQ,1480,2550,1860,27-Jan-25
4296,Hoshiarpur,Hoshiarpur,Onion,Other,FAQ,2200,2400,2300,25-Jan-25
4297,Krishnagiri,Hosur(Uzhavar Sandhai ),Onion,Bellary,Local,4000,4500,4500,11-Jan-25
4298,Krishnagiri,Hosur(Uzhavar Sandhai ),Onion,Bellary,Local,4000,4500,4500,22-Jan-25
4299,Krishnagiri,Hosur(Uzhavar Sandhai ),Onion,Bellary,Local,4500,5000,5000,09-Jan-25
4300,Dharwad,Hubli (Amaragol),Onion,Puna,FAQ,500,3300,1800,24-Jan-25
4301,Dharwad,Hubli (Amaragol),Onion,Puna,FAQ,700,3100,1800,17-Jan-25
4302,Dharwad,Hubli (Amaragol),Onion,Puna,Ref grade-1,500,3000,1500,01-Feb-25
4303,Indore,Indore,Onion,Onion,FAQ,464,2224,2224,29-Jan-25
4304,Indore,Indore,Onion,Onion,FAQ,1100,2701,2250,27-Jan-25
4305,Nuapada,Khariar,Onion,Dry F.A.Q.,Non-FAQ,3000,3500,3000,22-Jan-25
4306,Nuapada,Khariar Road,Onion,Other,FAQ,2500,3000,3000,06-Jan-25
4307,Nuapada,Khariar Road,Onion,Other,Non-FAQ,3000,3100,3000,19-Jan-25
4308,Nuapada,Khariar Road,Onion,Other,Non-FAQ,3000,3100,3000,22-Jan-25
4309,Nuapada,Khariar Road,Onion,Other,Non-FAQ,3000,3100,3000,29-Jan-25
4310,UdhamSinghNagar,Khateema,Onion,Other,FAQ,1600,1800,1700,24-Jan-25
4311,UdhamSinghNagar,Khateema,Onion,Other,FAQ,1800,2000,1900,14-Jan-25
4312,UdhamSinghNagar,Khateema,Onion,Other,FAQ,2000,2500,2200,16-Jan-25
4313,Pune,Khed(Chakan),Onion,Other,FAQ,1500,3500,3000,02-Jan-25
4314,Pune,Khed(Chakan),Onion,Other,Local,2000,2800,2400,31-Jan-25
4315,Bulandshahar,Khurja,Onion,Red,FAQ,2270,2470,2370,16-Jan-25
4316,Rohtas,Kochas (Balthari),Onion,Medium,FAQ,2100,2300,2200,04-Jan-25
4317,Rohtas,Kochas (Balthari),Onion,Medium,FAQ,2100,2300,2200,06-Jan-25
4318,Palakad,Koduvayoor,Onion,Other,FAQ,3500,3900,3700,24-Jan-25
4319,Palakad,Koduvayoor,Onion,Small,FAQ,10000,10400,10200,25-Jan-25
4320,Shivpuri,Kolaras(F&V),Onion,Onion,Non-FAQ,1300,1700,1600,23-Jan-25
4321,Palakad,Kollengode,Onion,Small,FAQ,9000,9400,9200,19-Jan-25
4322,Malappuram,Kondotty,Onion,Other,FAQ,3000,3200,3100,18-Jan-25
4323,Malappuram,Kondotty,Onion,Other,FAQ,3500,3700,3600,25-Jan-25
4324,Malappuram,Kondotty,Onion,Other,FAQ,3700,3900,3800,31-Jan-25
4325,Mau(Maunathbhanjan),Kopaganj,Onion,Red,FAQ,2000,2100,2050,30-Jan-25
4326,Mau(Maunathbhanjan),Kopaganj,Onion,Red,FAQ,2000,2300,2100,25-Jan-25
4327,Mau(Maunathbhanjan),Kopaganj,Onion,Red,FAQ,2100,2500,2200,15-Jan-25
4328,Mau(Maunathbhanjan),Kopaganj,Onion,Red,FAQ,2200,2300,2250,24-Jan-25
4329,Ahmednagar,Kopargaon,Onion,Red,FAQ,700,2384,2000,09-Jan-25
4330,Ahmednagar,Kopargaon,Onion,Red,FAQ,700,2475,2250,08-Jan-25
4331,Ahmednagar,Kopargaon,Onion,Red,FAQ,700,3000,2500,01-Jan-25
4332,Mathura,Kosikalan,Onion,Red,FAQ,2050,2145,2100,01-Feb-25
4333,Mathura,Kosikalan,Onion,Red,FAQ,2060,2140,2100,29-Jan-25
4334,Mathura,Kosikalan,Onion,Red,FAQ,2220,2280,2245,10-Jan-25
4335,Mathura,Kosikalan,Onion,Red,FAQ,2240,2300,2280,23-Jan-25
4336,Kota,Kota (F&V),Onion,Other,FAQ,200,2000,1100,25-Jan-25
4337,Kota,Kota (F&V),Onion,Other,FAQ,500,2000,1250,22-Jan-25
4338,Ernakulam,Kothamangalam,Onion,Big,FAQ,3000,4000,3500,10-Jan-25
4339,Ernakulam,Kothamangalam,Onion,Other,FAQ,4000,5000,4500,06-Jan-25
4340,Kotputli- Behror,Kotputli,Onion,Onion,FAQ,1400,1600,1500,15-Jan-25
4341,Malappuram,Kottakkal,Onion,Other,FAQ,3600,3800,3700,27-Jan-25
4342,Malappuram,Kottakkal,Onion,Other,FAQ,4400,4600,4500,05-Jan-25
4343,Kollam,Kottarakkara,Onion,Other,FAQ,4000,5000,4500,27-Jan-25
4344,Kollam,Kottarakkara,Onion,Other,FAQ,5500,6000,6000,04-Jan-25
4345,Kollam,Kottarakkara,Onion,Other,FAQ,5500,6000,6000,06-Jan-25
4346,Kottayam,Kottayam,Onion,Onion,FAQ,8500,8900,8700,17-Jan-25
4347,Tuticorin,Kovilpatti(Uzhavar Sandhai ),Onion,Bellary,Local,4000,4500,4500,18-Jan-25
4348,Krishnagiri,Krishnagiri(Uzhavar Sandhai ),Onion,Bellary,Local,4000,4500,4500,08-Jan-25
4349,Krishnagiri,Krishnagiri(Uzhavar Sandhai ),Onion,Bellary,Local,4000,4500,4500,12-Jan-25
4350,Krishnagiri,Krishnagiri(Uzhavar Sandhai ),Onion,Bellary,Local,4000,4500,4500,13-Jan-25
4351,Krishnagiri,Krishnagiri(Uzhavar Sandhai ),Onion,Bellary,Local,4000,4500,4500,30-Jan-25
4352,Karur,Kulithalai(Uzhavar Sandhai ),Onion,Bellary,Local,4000,5000,5000,07-Jan-25
4353,Karur,Kulithalai(Uzhavar Sandhai ),Onion,Bellary,Local,4000,5000,5000,19-Jan-25
4354,Karur,Kulithalai(Uzhavar Sandhai ),Onion,Bellary,Local,4000,5000,5000,27-Jan-25
4355,Karur,Kulithalai(Uzhavar Sandhai ),Onion,Bellary,Local,4000,5000,5000,31-Jan-25
4356,Kullu,Kullu,Onion,Other,FAQ,2900,3000,3000,22-Jan-25
4357,Kullu,Kullu,Onion,Other,FAQ,3000,3500,3500,04-Jan-25
4358,Namakkal,Kumarapalayam(Uzhavar Sandhai ),Onion,Bellary,Local,4500,5000,5000,24-Jan-25
4359,Kancheepuram,Kundrathur(Uzhavar Sandhai ),Onion,Bellary,Local,4000,4500,4500,20-Jan-25
4360,Mohali,Kurali,Onion,Other,FAQ,2400,2530,2480,28-Jan-25
4361,Coimbatore,Kurichi(Uzhavar Sandhai ),Onion,Bellary,Local,3500,3800,3800,20-Jan-25
4362,Coimbatore,Kurichi(Uzhavar Sandhai ),Onion,Bellary,Local,4000,4200,4200,11-Jan-25
4363,Coimbatore,Kurichi(Uzhavar Sandhai ),Onion,Bellary,Local,4000,4500,4500,25-Jan-25
4364,Coimbatore,Kurichi(Uzhavar Sandhai ),Onion,Bellary,Local,4200,4700,4700,22-Jan-25
4365,Kottayam,Kuruppanthura,Onion,Big,FAQ,4600,5000,4800,09-Jan-25
4366,Kottayam,Kuruppanthura,Onion,Onion,Non-FAQ,8000,9000,8800,30-Jan-25
4367,Hyderabad,L B Nagar,Onion,1st Sort,FAQ,2000,3000,2500,13-Jan-25
4368,Lakhimpur,Lakhimpur,Onion,Red,FAQ,2920,3010,2975,08-Jan-25
4369,Raebarelli,Lalganj,Onion,Red,FAQ,2200,2300,2250,21-Jan-25
4370,Raebarelli,Lalganj,Onion,Red,FAQ,2200,2300,2250,24-Jan-25
4371,Raebarelli,Lalganj,Onion,Red,FAQ,2200,2300,2250,27-Jan-25
4372,Raebarelli,Lalganj,Onion,Red,FAQ,2300,2400,2350,14-Jan-25
4373,Lalitpur,Lalitpur,Onion,Red,FAQ,1860,1950,1880,04-Jan-25
4374,Lalitpur,Lalitpur,Onion,Red,FAQ,1900,1980,1960,11-Jan-25
4375,Lalitpur,Lalitpur,Onion,Red,FAQ,1970,2000,1980,23-Jan-25
4376,Lalitpur,Lalitpur,Onion,Red,FAQ,2300,2380,2350,01-Jan-25
4377,Mohali,Lalru,Onion,Other,FAQ,3000,3200,3200,15-Jan-25
4378,Mohali,Lalru,Onion,Other,FAQ,3000,3500,3500,03-Jan-25
4379,Imphal East,Lamlong Bazaar,Onion,Other,FAQ,4000,5000,4500,16-Jan-25
4380,Imphal East,Lamlong Bazaar,Onion,Other,Non-FAQ,4000,5000,4500,17-Jan-25
4381,Nashik,Lasalgaon(Niphad),Onion,Red,FAQ,1000,2601,2351,21-Jan-25
4382,Nashik,Lasalgaon(Niphad),Onion,Red,FAQ,1100,2700,2450,07-Jan-25
4383,Nashik,Lasalgaon(Niphad),Onion,Red,Local,1100,2700,2400,28-Jan-25
4384,Nashik,Lasalgaon(Vinchur),Onion,Red,FAQ,900,2352,1950,10-Jan-25
4385,Nashik,Lasalgaon(Vinchur),Onion,Red,FAQ,1000,2952,2350,08-Jan-25
4386,Chattrapati Sambhajinagar,Lasur Station,Onion,Other,FAQ,520,2735,2125,03-Jan-25
4387,Chattrapati Sambhajinagar,Lasur Station,Onion,Other,FAQ,550,2595,1950,08-Jan-25
4388,Sholapur,Laxmi Sopan Agriculture Produce Marketing Co Ltd,Onion,Other,FAQ,400,3100,2400,27-Jan-25
4389,Sholapur,Laxmi Sopan Agriculture Produce Marketing Co Ltd,Onion,Other,FAQ,500,2900,2000,31-Jan-25
4390,Sholapur,Laxmi Sopan Agriculture Produce Marketing Co Ltd,Onion,Other,FAQ,500,3100,2300,28-Jan-25
4391,Bhiwani,Loharu,Onion,Other,FAQ,3000,3000,3000,04-Jan-25
4392,Lucknow,Lucknow,Onion,Red,FAQ,2250,2350,2300,24-Jan-25
4393,Lucknow,Lucknow,Onion,Red,FAQ,2300,2400,2350,20-Jan-25
4394,Lucknow,Lucknow,Onion,Red,FAQ,2330,2430,2380,16-Jan-25
4395,Ludhiana,Ludhiana,Onion,Other,FAQ,650,2500,1800,17-Jan-25
4396,Ajmer,Madanganj Kishangarh,Onion,1st Sort,FAQ,2500,3000,2800,24-Jan-25
4397,Ajmer,Madanganj Kishangarh,Onion,1st Sort,FAQ,2800,3200,3000,25-Jan-25
4398,Alappuzha,Madhavapuram,Onion,Other,FAQ,8000,9000,8600,19-Jan-25
4399,Chengalpattu,Madhuranthagam(Uzhavar Sandhai ),Onion,Bellary,Local,4000,4500,4500,02-Jan-25
4400,Chengalpattu,Madhuranthagam(Uzhavar Sandhai ),Onion,Bellary,Local,4000,5000,5000,04-Jan-25
4401,Chengalpattu,Madhuranthagam(Uzhavar Sandhai ),Onion,Bellary,Local,4500,5000,5000,01-Jan-25
4402,Panipat,Madlauda,Onion,Other,FAQ,2500,2500,2500,10-Jan-25
4403,Hyderabad,Mahboob Manison,Onion,1st Sort,FAQ,2300,3000,2600,01-Feb-25
4404,Hyderabad,Mahboob Manison,Onion,1st Sort,FAQ,2500,3700,2800,27-Jan-25
4405,Hyderabad,Mahboob Manison,Onion,2nd Sort,FAQ,2200,2700,2600,28-Jan-25
4406,Coochbehar,Dinhata,Onion,Onion,FAQ,2700,2900,2800,10-Jan-25
4407,Coochbehar,Dinhata,Onion,Onion,FAQ,2700,2900,2800,21-Jan-25
4408,Coochbehar,Dinhata,Onion,Onion,FAQ,2800,3000,3000,06-Jan-25
4409,Coochbehar,Dinhata,Onion,Onion,FAQ,3000,3400,3200,30-Jan-25
4410,Patiala,Dudhansadhan,Onion,Other,FAQ,2700,3000,2800,17-Jan-25
4411,Patiala,Dudhansadhan,Onion,Other,FAQ,3300,3500,3400,05-Jan-25
4412,Sonbhadra,Dudhi,Onion,Onion,FAQ,2200,2400,2300,30-Jan-25
4413,Sonepur,Dungurapalli,Onion,Other,FAQ,3000,3200,3200,02-Jan-25
4414,Sonepur,Dungurapalli,Onion,Other,FAQ,3000,3200,3200,06-Jan-25
4415,Durg,Durg,Onion,Onion,Local,2000,2500,2500,18-Jan-25
4416,Durg,Durg,Onion,Onion,Local,2800,3000,2800,05-Jan-25
4417,Paschim Bardhaman,Durgapur,Onion,Other,FAQ,2600,2800,2750,02-Jan-25
4418,Salem,Elampillai(Uzhavar Sandhai ),Onion,Bellary,Local,4500,5500,5500,21-Jan-25
4419,Malda,English Bazar,Onion,Other,FAQ,2000,2700,2500,22-Jan-25
4420,Etawah,Etawah,Onion,Red,FAQ,1950,2250,2150,30-Jan-25
4421,Etawah,Etawah,Onion,Red,FAQ,2150,2450,2350,11-Jan-25
4422,Etawah,Etawah,Onion,Red,FAQ,2150,2450,2350,14-Jan-25
4423,Etawah,Etawah,Onion,Red,FAQ,2200,2600,2500,01-Jan-25
4424,Kottayam,Ettumanoor,Onion,Big,FAQ,4000,4400,4200,31-Jan-25
4425,Kottayam,Ettumanoor,Onion,Onion,FAQ,8600,9000,8800,04-Jan-25
4426,Kottayam,Ettumanoor,Onion,Onion,FAQ,10000,11000,10500,22-Jan-25
4427,Kottayam,Ettumanoor,Onion,Onion,FAQ,10600,10800,10700,21-Jan-25
4428,Gurdaspur,F.G.Churian,Onion,Onion,FAQ,3000,3200,3100,17-Jan-25
4429,Ayodhya,Faizabad,Onion,Red,FAQ,2220,2370,2300,15-Jan-25
4430,Ayodhya,Faizabad,Onion,Red,FAQ,2300,2460,2400,07-Jan-25
4431,Alipurduar,Falakata,Onion,Other,Non-FAQ,2800,3000,2900,20-Jan-25
4432,Alipurduar,Falakata,Onion,Other,Non-FAQ,2800,3000,2900,25-Jan-25
4433,Faridabad,Faridabad,Onion,Other,FAQ,1500,3500,2500,04-Jan-25
4434,Faridkot,Faridkot,Onion,Onion,FAQ,2000,2500,2500,06-Jan-25
4435,Farukhabad,Farukhabad,Onion,Red,FAQ,2350,2550,2475,11-Jan-25
4436,Fatehabad,Fatehabad,Onion,Other,FAQ,2500,3800,3500,29-Jan-25
4437,Agra,Fatehabad,Onion,Red,FAQ,1600,1700,1650,01-Feb-25
4438,Agra,Fatehabad,Onion,Red,FAQ,1800,2000,1850,16-Jan-25
4439,Fatehpur,Fatehpur,Onion,Red,FAQ,2000,2200,2100,12-Jan-25
4440,Agra,Fatehpur Sikri,Onion,Red,FAQ,2240,2380,2300,21-Jan-25
4441,Fazilka,Fazilka,Onion,Other,FAQ,2000,2500,2200,23-Jan-25
4442,Mewat,FerozpurZirkha(Nagina),Onion,Other,FAQ,1600,2000,1800,10-Jan-25
4443,Firozabad,Firozabad,Onion,Red,FAQ,2165,2340,2250,04-Jan-25
4444,Ferozpur,Firozepur City,Onion,Other,FAQ,3000,3800,3400,09-Jan-25
4445,Maharajganj,Gadaura,Onion,Red,FAQ,2200,2400,2300,24-Jan-25
4446,Malda,Gajol,Onion,Other,FAQ,2000,2800,2400,24-Jan-25
4447,Malda,Gajol,Onion,Other,FAQ,2500,3000,2700,13-Jan-25
4448,Malda,Gajol,Onion,Other,FAQ,2500,3000,2700,18-Jan-25
4449,Sonipat,Ganaur,Onion,Onion,FAQ,2500,3000,2800,15-Jan-25
4450,Sonipat,Ganaur,Onion,Onion,Non-FAQ,2500,3000,2800,17-Jan-25
4451,Sonipat,Ganaur,Onion,Onion,Non-FAQ,2500,3000,2800,20-Jan-25
4452,Sonipat,Ganaur,Onion,Onion,Non-FAQ,2800,3000,2800,28-Jan-25
4453,Sonipat,Ganaur,Onion,Onion,Non-FAQ,2800,3000,2800,29-Jan-25
4454,Pudukkottai,Gandarvakottai(Uzhavar Sandhai ),Onion,Bellary,Local,4000,5000,5000,24-Jan-25
4455,Pudukkottai,Gandarvakottai(Uzhavar Sandhai ),Onion,Bellary,Local,4000,5000,5000,25-Jan-25
4456,Saharanpur,Gangoh,Onion,Red,FAQ,2000,2200,2100,22-Jan-25
4457,Saharanpur,Gangoh,Onion,Red,FAQ,2200,2300,2250,19-Jan-25
4458,Medinipur(W),Garbeta(Medinipur),Onion,Onion,FAQ,2400,2800,2600,20-Jan-25
4459,Hissar,Hansi,Onion,Other,FAQ,1500,2500,2000,12-Jan-25
4460,Hissar,Hansi,Onion,Other,FAQ,1500,2500,2000,21-Jan-25
4461,Hanumangarh,Hanumangarh(Urlivas),Onion,1st Sort,FAQ,2500,2500,2500,08-Jan-25
4462,Ghaziabad,Hapur,Onion,Red,FAQ,2100,2200,2120,31-Jan-25
4463,Ghaziabad,Hapur,Onion,Red,FAQ,2100,2200,2150,30-Jan-25
4464,Ghaziabad,Hapur,Onion,Red,FAQ,2200,2355,2300,16-Jan-25
4465,Ghaziabad,Hapur,Onion,Red,FAQ,2300,2400,2320,19-Jan-25
4466,Ghaziabad,Hapur,Onion,Red,FAQ,2300,2455,2350,14-Jan-25
4467,Ghaziabad,Hapur,Onion,Red,FAQ,2300,2500,2400,13-Jan-25
4468,Ghaziabad,Hapur,Onion,Red,FAQ,2450,2560,2500,08-Jan-25
4469,Hardoi,Hardoi,Onion,Pusa-Red,FAQ,2120,2185,2150,01-Feb-25
4470,Hardoi,Hardoi,Onion,Pusa-Red,FAQ,2150,2200,2185,31-Jan-25
4471,Haridwar,Haridwar Union,Onion,Onion,FAQ,1500,2500,1800,02-Jan-25
4472,Haridwar,Haridwar Union,Onion,Onion,FAQ,1600,2000,1800,04-Jan-25
4473,Haridwar,Haridwar Union,Onion,Onion,FAQ,2000,2700,2400,25-Jan-25
4474,Haridwar,Haridwar Union,Onion,Onion,FAQ,2000,3000,2500,27-Jan-25
4475,Haridwar,Haridwar Union,Onion,Other,FAQ,1800,2400,2000,11-Jan-25
4476,Amroha,Hasanpur,Onion,Nasik,FAQ,1410,1500,1450,10-Jan-25
4477,Amroha,Hasanpur,Onion,Nasik,FAQ,1420,1501,1450,05-Jan-25
4478,Palwal,Hassanpur,Onion,Other,FAQ,1200,1200,1200,18-Jan-25
4479,Nagpur,Hingna,Onion,Red,FAQ,3000,3000,3000,09-Jan-25
4480,Ganjam,Hinjilicut,Onion,Other,FAQ,3500,5000,4000,03-Jan-25
4481,Hissar,Hissar,Onion,Other,FAQ,1500,2500,2200,18-Jan-25
4482,Hissar,Hissar,Onion,Other,FAQ,1500,2900,2500,07-Jan-25
4483,Hissar,Hissar,Onion,Other,FAQ,1800,2400,2200,15-Jan-25
4484,Palwal,Hodal,Onion,Onion,FAQ,2000,2200,2100,14-Jan-25
4485,Hoshangabad,Hoshangabad(F&V),Onion,Onion,FAQ,810,1390,1160,04-Jan-25
4486,Hoshangabad,Hoshangabad(F&V),Onion,Onion,FAQ,1180,2010,1540,14-Jan-25
4487,Hoshiarpur,Hoshiarpur,Onion,Other,FAQ,2000,2500,2200,19-Jan-25
4488,Hoshiarpur,Hoshiarpur,Onion,Other,FAQ,2800,3000,2900,11-Jan-25
4489,Hoshiarpur,Hoshiarpur,Onion,Other,FAQ,3100,3500,3200,13-Jan-25
4490,Krishnagiri,Hosur(Uzhavar Sandhai ),Onion,Bellary,Local,4000,4500,4500,28-Jan-25
4491,Krishnagiri,Hosur(Uzhavar Sandhai ),Onion,Bellary,Local,4000,5000,5000,04-Jan-25
4492,Dharwad,Hubli (Amaragol),Onion,Puna,FAQ,1500,4000,2800,10-Jan-25
4493,Indore,Indore,Onion,Other,FAQ,984,1907,1770,11-Jan-25
4494,Indore,Indore,Onion,Other,FAQ,1201,1765,1765,10-Jan-25
4495,Indore,Indore,Onion,Other,FAQ,1325,2300,2300,18-Jan-25
4496,Indore,Indore,Onion,White,FAQ,2538,2538,2538,07-Jan-25
4497,Karnal,Indri,Onion,Other,Non-FAQ,2000,2500,2500,22-Jan-25
4498,Thirssur,Irinjalakkuda,Onion,Other,FAQ,4000,4000,4000,28-Jan-25
4499,Thirssur,Irinjalakkuda,Onion,Other,FAQ,5500,5500,5500,17-Jan-25
4500,Sangli,Islampur,Onion,Local,FAQ,2000,2700,2350,07-Jan-25
4501,Yamuna Nagar,Jagadhri,Onion,Other,FAQ,2100,2380,2250,30-Jan-25
4502,Yamuna Nagar,Jagadhri,Onion,Other,FAQ,2200,2800,2500,03-Jan-25
4503,Ludhiana,Jagraon,Onion,Other,FAQ,1800,2300,2000,24-Jan-25
4504,Bulandshahar,Jahangirabad,Onion,Red,FAQ,2348,2555,2450,06-Jan-25
4505,Bulandshahar,Jahangirabad,Onion,Red,FAQ,2445,2655,2550,02-Jan-25
4506,Madhubani,Jainagar,Onion,Medium,FAQ,3800,4000,3900,10-Jan-25
4507,Fatehabad,Jakhal,Onion,Other,FAQ,2000,2000,2000,09-Jan-25
4508,Salem,Jalagandapuram(Uzhavar Sandhai ),Onion,Bellary,Local,5000,5500,5500,11-Jan-25
4509,Salem,Jalagandapuram(Uzhavar Sandhai ),Onion,Bellary,Local,5000,5500,5500,12-Jan-25
4510,Salem,Jalagandapuram(Uzhavar Sandhai ),Onion,Bellary,Local,5000,5500,5500,14-Jan-25
4511,Medinipur(W),Garbeta(Medinipur),Onion,Onion,FAQ,2800,3300,3000,16-Jan-25
4512,Hoshiarpur,Garh Shankar,Onion,Other,FAQ,1800,2200,2000,13-Jan-25
4513,Hoshiarpur,Garh Shankar,Onion,Other,FAQ,2100,2500,2200,29-Jan-25
4514,Hoshiarpur,Garh Shankar(Mahalpur),Onion,Onion,FAQ,2000,2500,2300,27-Jan-25
4515,Sagar,Garhakota,Onion,Onion,FAQ,1100,1150,1150,10-Jan-25
4516,Sagar,Garhakota,Onion,Onion,Non-FAQ,1050,1100,1100,27-Jan-25
4517,Ghazipur,Gazipur,Onion,Red,FAQ,2100,2180,2140,29-Jan-25
4518,Ghazipur,Gazipur,Onion,Red,FAQ,2440,2480,2460,11-Jan-25
4519,Medinipur(W),Ghatal,Onion,Onion,FAQ,2500,2700,2600,31-Jan-25
4520,Medinipur(W),Ghatal,Onion,Onion,FAQ,2700,3000,2800,15-Jan-25
4521,Ghaziabad,Ghaziabad,Onion,Red,FAQ,2450,2550,2500,10-Jan-25
4522,Ghaziabad,Ghaziabad,Onion,Red,Non-FAQ,1900,2000,1950,31-Jan-25
4523,Mainpuri,Ghiraur,Onion,Red,FAQ,2130,2330,2230,03-Jan-25
4524,Mainpuri,Ghiraur,Onion,Red,Non-FAQ,2075,2275,2175,26-Jan-25
4525,Muktsar,Giddarbaha,Onion,Onion,FAQ,2300,2500,2400,16-Jan-25
4526,Erode,Gobichettipalayam(Uzhavar Sandhai ),Onion,Bellary,Local,5000,5500,5500,11-Jan-25
4527,Erode,Gobichettipalayam(Uzhavar Sandhai ),Onion,Bellary,Local,5000,5500,5500,13-Jan-25
4528,Sonipat,Gohana,Onion,Other,FAQ,2000,2500,2200,09-Jan-25
4529,Lakhimpur,Golagokarnath,Onion,Red,FAQ,2400,2550,2480,02-Jan-25
4530,Lakhimpur,Golagokarnath,Onion,Red,FAQ,2900,3050,2980,09-Jan-25
4531,Hanumangarh,Goluwala,Onion,1st Sort,FAQ,2300,2500,2500,02-Jan-25
4532,Gonda,Gonda,Onion,Red,FAQ,2100,2300,2150,28-Jan-25
4533,Gonda,Gonda,Onion,Red,FAQ,2250,2500,2300,15-Jan-25
4534,Rajkot,Gondal,Onion,Red,FAQ,655,2305,1855,27-Jan-25
4535,Rajkot,Gondal,Onion,White,FAQ,1055,1755,1380,20-Jan-25
4536,Rajkot,Gondal,Onion,White,FAQ,1130,1805,1655,18-Jan-25
4537,Bhadohi(Sant Ravi Nagar),Gopiganj,Onion,Red,FAQ,2100,2225,2160,29-Jan-25
4538,Bhadohi(Sant Ravi Nagar),Gopiganj,Onion,Red,FAQ,2300,2400,2340,20-Jan-25
4539,Gorakhpur,Gorakhpur,Onion,Red,FAQ,2100,2325,2200,13-Jan-25
4540,Gorakhpur,Gorakhpur,Onion,Red,FAQ,2150,2370,2250,10-Jan-25
4541,Chengalpattu,Guduvancheri(Uzhavar Sandhai ),Onion,Bellary,Local,4000,5000,5000,01-Feb-25
4542,Bulandshahar,Gulavati,Onion,Red,FAQ,2900,3100,3000,04-Jan-25
4543,Bulandshahar,Gulavati,Onion,Red,FAQ,3000,3200,3100,11-Jan-25
4544,Gurgaon,Gurgaon,Onion,Other,FAQ,2000,2500,2250,16-Jan-25
4545,Gurgaon,Gurgaon,Onion,Other,FAQ,2000,2500,2250,21-Jan-25
4546,Jhansi,Gurusarai,Onion,Red,FAQ,2010,2080,2065,01-Feb-25
4547,Jhansi,Gurusarai,Onion,Red,FAQ,2040,2100,2080,31-Jan-25
4548,Jhansi,Gurusarai,Onion,Red,FAQ,2100,2165,2120,28-Jan-25
4549,North 24 Parganas,Habra,Onion,Other,FAQ,2500,2600,2600,05-Jan-25
4550,North 24 Parganas,Habra,Onion,Other,FAQ,3000,3200,3200,30-Jan-25
4551,North 24 Parganas,Habra,Onion,Other,FAQ,3000,3400,3400,11-Jan-25
4552,Nanital,Haldwani,Onion,Other,FAQ,1500,2000,1800,19-Jan-25
4553,Nanital,Haldwani,Onion,Other,FAQ,2000,2600,2400,03-Jan-25
4554,Hamirpur,Hamirpur,Onion,Other,FAQ,2600,2800,2700,14-Jan-25
4555,Hamirpur,Hamirpur,Onion,Other,FAQ,2800,3000,2900,22-Jan-25
4556,Hamirpur,Hamirpur,Onion,Other,FAQ,2800,3200,3000,01-Feb-25
4557,Hamirpur,Hamirpur(Nadaun),Onion,Other,FAQ,3000,3200,3100,03-Jan-25
4558,Hanumangarh,Hanumangarh(Urlivas),Onion,1st Sort,FAQ,2000,2600,2300,16-Jan-25
4559,Hanumangarh,Hanumangarh(Urlivas),Onion,1st Sort,FAQ,2500,2800,2650,04-Jan-25
4560,Hanumangarh,Hanumangarh(Urlivas),Onion,1st Sort,FAQ,2600,2800,2700,03-Jan-25
4561,Sitapur,Hargaon (Laharpur),Onion,Nasik,FAQ,2200,2400,2300,31-Jan-25
4562,Hyderabad,Mahboob Manison,Onion,2nd Sort,Non-FAQ,300,2600,1800,01-Feb-25
4563,Hyderabad,Mahboob Manison,Onion,2nd Sort,Non-FAQ,400,2400,1800,22-Jan-25
4564,Mahoba,Mahoba,Onion,Red,FAQ,2200,2320,2260,25-Jan-25
4565,Mahoba,Mahoba,Onion,Red,FAQ,2300,2400,2350,22-Jan-25
4566,Bhavnagar,Mahuva(Station Road),Onion,Red,FAQ,750,2360,1555,31-Jan-25
4567,Bhavnagar,Mahuva(Station Road),Onion,Red,FAQ,750,2595,1675,29-Jan-25
4568,Bhavnagar,Mahuva(Station Road),Onion,White,FAQ,1010,2200,1605,30-Jan-25
4569,Bhavnagar,Mahuva(Station Road),Onion,White,FAQ,1085,2370,1730,08-Jan-25
4570,Khiri (Lakhimpur),Maigalganj,Onion,Red,FAQ,2940,2980,2960,02-Jan-25
4571,Khiri (Lakhimpur),Maigalganj,Onion,Red,FAQ,3000,3070,3040,08-Jan-25
4572,Sangrur,Malerkotla,Onion,Other,FAQ,1800,2200,2000,06-Jan-25
4573,Muktsar,Malout,Onion,Onion,FAQ,1600,2000,1800,17-Jan-25
4574,Ferozpur,Mamdot,Onion,Other,FAQ,2900,3100,3000,17-Jan-25
4575,Thiruchirappalli,Manachanallur(Uzhavar Sandhai ),Onion,Bellary,Local,4400,5400,5400,17-Jan-25
4576,Thiruchirappalli,Manachanallur(Uzhavar Sandhai ),Onion,Bellary,Local,5400,5400,5400,13-Jan-25
4577,Thiruchirappalli,Manachanallur(Uzhavar Sandhai ),Onion,Bellary,Local,5800,5800,5800,07-Jan-25
4578,Thiruchirappalli,Manapparai(Uzhavar Sandhai ),Onion,Bellary,Local,4000,5400,5400,21-Jan-25
4579,Thiruchirappalli,Manapparai(Uzhavar Sandhai ),Onion,Bellary,Local,5000,6000,6000,05-Jan-25
4580,Thiruchirappalli,Manapparai(Uzhavar Sandhai ),Onion,Bellary,Local,5600,6000,6000,08-Jan-25
4581,Neemuch,Manasa,Onion,Onion,FAQ,818,2090,1700,21-Jan-25
4582,Neemuch,Manasa,Onion,Onion,FAQ,1071,2281,1800,29-Jan-25
4583,Dhar,Manawar(F&V),Onion,Onion,FAQ,1800,2000,1900,15-Jan-25
4584,Dhar,Manawar(F&V),Onion,Onion,Non-FAQ,1690,1890,1790,23-Jan-25
4585,Dhar,Manawar(F&V),Onion,Onion,Non-FAQ,1800,2000,1900,31-Jan-25
4586,Pune,Manchar,Onion,Other,FAQ,1700,2510,2105,12-Jan-25
4587,Mandi,Mandi(Mandi),Onion,Onion,FAQ,2400,3000,2700,20-Jan-25
4588,Mandi,Mandi(Mandi),Onion,Onion,FAQ,2500,3200,2800,10-Jan-25
4589,Mandi,Mandi(Takoli),Onion,Other,FAQ,2000,2600,2300,29-Jan-25
4590,Mandi,Mandi(Takoli),Onion,Other,FAQ,3000,3500,3500,08-Jan-25
4591,Mandi,Mandi(Takoli),Onion,Other,FAQ,3000,3500,3500,14-Jan-25
4592,Mandsaur,Mandsaur,Onion,Local,FAQ,810,1311,1311,15-Jan-25
4593,Mandsaur,Mandsaur,Onion,Onion,Non-FAQ,361,2229,1300,28-Jan-25
4594,Mandsaur,Mandsaur,Onion,Red,FAQ,1753,1890,1753,08-Jan-25
4595,Sholapur,Mangal Wedha,Onion,Local,FAQ,700,3120,2500,25-Jan-25
4596,Sholapur,Mangal Wedha,Onion,Local,FAQ,810,2600,2370,26-Jan-25
4597,Sholapur,Mangal Wedha,Onion,Local,Local,810,2600,2370,26-Jan-25
4598,Kaushambi,Manjhanpur,Onion,Red,FAQ,1850,2020,1930,23-Jan-25
4599,Nashik,Manmad,Onion,White,FAQ,785,2461,2100,02-Jan-25
4600,Nashik,Manmad,Onion,White,FAQ,1000,1750,1550,18-Jan-25
4601,Nashik,Manmad,Onion,White,FAQ,1180,1811,1600,20-Jan-25
4602,Alappuzha,Mannar,Onion,Other,Non-FAQ,9000,9200,9100,23-Jan-25
4603,Thiruvarur,Mannargudi II(Uzhavar Sandhai ),Onion,Bellary,Local,4400,6000,6000,02-Jan-25
4604,Thiruvarur,Mannargudi II(Uzhavar Sandhai ),Onion,Bellary,Local,4400,6000,6000,11-Jan-25
4605,Mathura,Mathura,Onion,Red,FAQ,2200,2500,2380,17-Jan-25
4606,Bhatinda,Maur,Onion,Other,FAQ,2400,3000,2600,18-Jan-25
4607,Bhatinda,Maur,Onion,Other,FAQ,2600,3200,2800,14-Jan-25
4608,Jhansi,Mauranipur,Onion,Red,FAQ,2000,2100,2065,10-Jan-25
4609,Jhansi,Mauranipur,Onion,Red,FAQ,2020,2120,2085,19-Jan-25
4610,Jhansi,Mauranipur,Onion,Red,FAQ,2025,2080,2050,01-Feb-25
4611,Nagapattinam,Mayiladuthurai(Uzhavar Sandhai ),Onion,Bellary,Local,2500,3000,3000,08-Jan-25
4612,Indore,Indore,Onion,Onion,Non-FAQ,1983,2276,2276,28-Jan-25
4613,Indore,Indore,Onion,Other,FAQ,496,2381,2381,28-Jan-25
4614,Indore,Indore,Onion,Other,FAQ,1485,2255,2255,25-Jan-25
4615,Indore,Indore,Onion,White,FAQ,1791,1791,1791,11-Jan-25
4616,Karnal,Indri,Onion,Other,Non-FAQ,2000,2500,2500,27-Jan-25
4617,Thirssur,Irinjalakkuda,Onion,Other,FAQ,4000,4000,4000,11-Jan-25
4618,Thirssur,Irinjalakkuda,Onion,Other,FAQ,5500,5500,5500,13-Jan-25
4619,Amethi,Jafarganj,Onion,Red,FAQ,2300,2370,2330,20-Jan-25
4620,Amethi,Jafarganj,Onion,Red,FAQ,2380,2480,2430,06-Jan-25
4621,Yamuna Nagar,Jagadhri,Onion,Other,FAQ,2120,2480,2250,01-Feb-25
4622,Yamuna Nagar,Jagadhri,Onion,Other,FAQ,2300,2700,2500,07-Jan-25
4623,Ludhiana,Jagraon,Onion,Other,FAQ,1700,2500,2000,31-Jan-25
4624,Ludhiana,Jagraon,Onion,Other,FAQ,2200,2800,2600,14-Jan-25
4625,Ludhiana,Jagraon,Onion,Other,Non-FAQ,1800,2500,2300,22-Jan-25
4626,Bulandshahar,Jahangirabad,Onion,Red,FAQ,2020,2200,2110,29-Jan-25
4627,Bulandshahar,Jahangirabad,Onion,Red,FAQ,2035,2242,2140,25-Jan-25
4628,Madhubani,Jainagar,Onion,Medium,FAQ,3000,3200,3100,19-Jan-25
4629,Madhubani,Jainagar,Onion,Medium,FAQ,3000,3200,3100,21-Jan-25
4630,Madhubani,Jainagar,Onion,Medium,FAQ,3000,3200,3100,28-Jan-25
4631,Madhubani,Jainagar,Onion,Medium,FAQ,3000,3400,3200,31-Jan-25
4632,Fatehabad,Jakhal,Onion,Other,FAQ,2400,2400,2400,04-Jan-25
4633,Salem,Jalagandapuram(Uzhavar Sandhai ),Onion,Bellary,Local,5000,5500,5500,28-Jan-25
4634,Salem,Jalagandapuram(Uzhavar Sandhai ),Onion,Bellary,Local,5500,6000,6000,01-Jan-25
4635,Fazilka,Jalalabad,Onion,Other,FAQ,2000,2400,2200,13-Jan-25
4636,Fazilka,Jalalabad,Onion,Other,FAQ,2700,2900,2800,11-Jan-25
4637,Fazilka,Jalalabad,Onion,Other,FAQ,2700,2900,2800,30-Jan-25
4638,Jalana,Jalana,Onion,Local,FAQ,900,6500,2100,15-Jan-25
4639,Jalaun (Orai),Jalaun,Onion,Red,FAQ,1800,2300,2100,24-Jan-25
4640,Jalaun (Orai),Jalaun,Onion,Red,FAQ,2200,2500,2500,30-Jan-25
4641,Jalgaon,Jalgaon,Onion,Red,FAQ,627,2671,1705,01-Jan-25
4642,Jalpaiguri,Jalpaiguri Sadar,Onion,Nasik,FAQ,2800,2900,2900,26-Jan-25
4643,Jalpaiguri,Jalpaiguri Sadar,Onion,Nasik,FAQ,2800,2900,2900,27-Jan-25
4644,Jalpaiguri,Jalpaiguri Sadar,Onion,Nasik,FAQ,2900,3100,3000,19-Jan-25
4645,Chengalpattu,Jameenrayapettai(Uzhavar Sandhai ),Onion,Bellary,Local,3500,5000,5000,25-Jan-25
4646,Jamnagar,Jamnagar,Onion,Other,FAQ,600,2600,1680,23-Jan-25
4647,Jamnagar,Jamnagar,Onion,Other,FAQ,600,2700,1725,20-Jan-25
4648,Murshidabad,Jangipur,Onion,Red,FAQ,2700,2760,2735,28-Jan-25
4649,Murshidabad,Jangipur,Onion,Red,FAQ,2745,2800,2775,20-Jan-25
4650,Ratlam,Jaora,Onion,Onion,FAQ,500,2166,1800,02-Jan-25
4651,Ratlam,Jaora,Onion,Onion,FAQ,731,1791,1661,29-Jan-25
4652,UdhamSinghNagar,Jaspur(UC),Onion,Other,FAQ,1900,2100,2000,04-Jan-25
4653,Etawah,Jasvantnagar,Onion,Red,FAQ,2370,2470,2420,13-Jan-25
4654,Etawah,Jasvantnagar,Onion,Red,Non-FAQ,2270,2370,2320,22-Jan-25
4655,Etawah,Jasvantnagar,Onion,Red,Non-FAQ,2270,2370,2320,23-Jan-25
4656,Jaunpur,Jaunpur,Onion,Red,FAQ,2300,2400,2350,20-Jan-25
4657,Raebarelli,Jayas,Onion,Red,FAQ,2300,2400,2340,24-Jan-25
4658,Raebarelli,Jayas,Onion,Red,FAQ,2880,3000,2900,01-Jan-25
4659,Rajkot,Jetpur(Dist.Rajkot),Onion,Onion,FAQ,605,1980,1705,30-Jan-25
4660,Rajkot,Jetpur(Dist.Rajkot),Onion,Onion,FAQ,605,2005,1605,31-Jan-25
4661,Rajkot,Jetpur(Dist.Rajkot),Onion,Onion,FAQ,605,2155,1705,21-Jan-25
4662,Ariyalur,Jeyankondam (Uzhavar Sandhai ),Onion,Bellary,Local,4000,4600,4600,01-Feb-25
4663,Ariyalur,Jeyankondam (Uzhavar Sandhai ),Onion,Bellary,Local,4000,4600,4600,09-Jan-25
4664,Sitapur,Hargaon (Laharpur),Onion,Nasik,FAQ,2400,2600,2500,18-Jan-25
4665,Sitapur,Hargaon (Laharpur),Onion,Nasik,FAQ,2600,2800,2700,24-Jan-25
4666,Sitapur,Hargaon (Laharpur),Onion,Nasik,FAQ,3100,3200,3150,06-Jan-25
4667,Haridwar,Haridwar Union,Onion,Onion,Non-FAQ,2000,2600,2400,22-Jan-25
4668,Haridwar,Haridwar Union,Onion,Other,FAQ,1500,2000,1800,05-Jan-25
4669,Dharmapuri,Harur(Uzhavar Sandhai ),Onion,Bellary,Local,4000,4500,4500,09-Jan-25
4670,Dharmapuri,Harur(Uzhavar Sandhai ),Onion,Bellary,Local,4300,4500,4500,06-Jan-25
4671,Dharmapuri,Harur(Uzhavar Sandhai ),Onion,Bellary,Local,4300,4500,4500,20-Jan-25
4672,Amroha,Hasanpur,Onion,Nasik,FAQ,1410,1500,1450,03-Jan-25
4673,Salem,Hasthampatti(Uzhavar Sandhai ),Onion,Bellary,Local,4500,5000,5000,19-Jan-25
4674,Salem,Hasthampatti(Uzhavar Sandhai ),Onion,Bellary,Local,5000,6000,6000,03-Jan-25
4675,Dhenkanal,Hindol,Onion,Other,FAQ,3000,3500,3200,05-Jan-25
4676,Dhenkanal,Hindol,Onion,Other,FAQ,3500,4000,3800,12-Jan-25
4677,Dhenkanal,Hindol,Onion,Other,Non-FAQ,3000,3500,3200,25-Jan-25
4678,Nagpur,Hingna,Onion,Red,FAQ,3000,4000,3000,23-Jan-25
4679,Nagpur,Hingna,Onion,Red,Local,2600,3000,2866,29-Jan-25
4680,Nagpur,Hingna,Onion,Red,Local,3000,3500,3250,28-Jan-25
4681,Ganjam,Hinjilicut,Onion,Other,FAQ,2400,4000,3000,24-Jan-25
4682,Hissar,Hissar,Onion,Other,FAQ,1600,2200,2000,01-Feb-25
4683,Hissar,Hissar,Onion,Other,FAQ,1800,2500,2200,16-Jan-25
4684,Palwal,Hodal,Onion,Onion,FAQ,3000,3500,3200,07-Jan-25
4685,Hoshangabad,Hoshangabad(F&V),Onion,Onion,FAQ,1010,1730,1380,08-Jan-25
4686,Hoshangabad,Hoshangabad(F&V),Onion,Onion,FAQ,1280,2210,1700,17-Jan-25
4687,Hoshangabad,Hoshangabad(F&V),Onion,Onion,FAQ,1530,2640,1910,30-Jan-25
4688,Hoshiarpur,Hoshiarpur,Onion,Other,FAQ,2300,2500,2400,29-Jan-25
4689,Krishnagiri,Hosur(Uzhavar Sandhai ),Onion,Bellary,Local,4500,5000,5000,03-Jan-25
4690,Dharwad,Hubli (Amaragol),Onion,Puna,FAQ,500,4000,1800,01-Jan-25
4691,Dharwad,Hubli (Amaragol),Onion,Puna,Ref grade-1,500,3000,1400,31-Jan-25
4692,Kurukshetra,Iamailabad,Onion,Other,FAQ,2500,2600,2550,31-Jan-25
4693,Imphal West,Imphal,Onion,Other,FAQ,5200,6000,5600,03-Jan-25
4694,Indore,Indore,Onion,Onion,FAQ,645,2718,2386,07-Jan-25
4695,Indore,Indore,Onion,Onion,FAQ,883,2382,2100,25-Jan-25
4696,Thirssur,Irinjalakkuda,Onion,Other,FAQ,4800,4800,4800,10-Jan-25
4697,Amethi,Jafarganj,Onion,Red,FAQ,2280,2360,2320,24-Jan-25
4698,Amethi,Jafarganj,Onion,Red,FAQ,2300,2400,2350,18-Jan-25
4699,Amethi,Jafarganj,Onion,Red,FAQ,2400,2500,2450,01-Jan-25
4700,Madhubani,Jahajharpur,Onion,Medium,FAQ,3100,3300,3200,18-Jan-25
4701,Madhubani,Jahajharpur,Onion,Medium,FAQ,3200,3400,3300,01-Feb-25
4702,Madhubani,Jahajharpur,Onion,Medium,FAQ,3200,3400,3300,09-Jan-25
4703,Bulandshahar,Jahangirabad,Onion,Red,FAQ,2018,2222,2120,27-Jan-25
4704,Bulandshahar,Jahangirabad,Onion,Red,FAQ,2035,2233,2130,26-Jan-25
4705,Jaipur,Jaipur (F&V),Onion,Other,FAQ,1500,2500,2000,03-Jan-25
4706,Fatehabad,Jakhal,Onion,Other,FAQ,2000,2000,2000,18-Jan-25
4707,Salem,Jalagandapuram(Uzhavar Sandhai ),Onion,Bellary,Local,5000,5500,5500,07-Jan-25
4708,Salem,Jalagandapuram(Uzhavar Sandhai ),Onion,Bellary,Local,5000,5500,5500,16-Jan-25
4709,Fazilka,Jalalabad,Onion,Other,FAQ,2600,2800,2700,24-Jan-25
4710,Fazilka,Jalalabad,Onion,Other,FAQ,2600,2900,2800,31-Jan-25
4711,Fazilka,Jalalabad,Onion,Other,FAQ,2600,3000,2800,15-Jan-25
4712,Jalandhar,Jalandhar City(Jalandhar),Onion,Other,FAQ,500,1500,1000,09-Jan-25
4713,Jalaun (Orai),Jalaun,Onion,Red,FAQ,2000,2200,2100,29-Jan-25
4714,Balasore,Jaleswar,Onion,Other,FAQ,2100,2500,2300,12-Jan-25
4715,Balasore,Jaleswar,Onion,Other,FAQ,2400,2800,2600,15-Jan-25
4716,Fazilka,Jalalabad,Onion,Other,FAQ,2200,2500,2300,03-Jan-25
4717,Fazilka,Jalalabad,Onion,Other,FAQ,2500,2800,2600,20-Jan-25
4718,Jalana,Jalana,Onion,Local,FAQ,900,6500,2100,20-Jan-25
4719,Jalandhar,Jalandhar City(Jalandhar),Onion,Other,FAQ,600,1500,1100,03-Jan-25
4720,Jalaun (Orai),Jalaun,Onion,Red,FAQ,1800,2300,2000,01-Feb-25
4721,Jalaun (Orai),Jalaun,Onion,Red,FAQ,1900,2100,2000,09-Jan-25
4722,Jalaun (Orai),Jalaun,Onion,Red,FAQ,2000,2300,2200,12-Jan-25
4723,Jalgaon,Jalgaon,Onion,Red,FAQ,750,2700,1750,02-Jan-25
4724,Jalgaon,Jalgaon,Onion,Red,Local,675,2250,1475,31-Jan-25
4725,Jalpaiguri,Jalpaiguri Sadar,Onion,Nasik,FAQ,2800,3000,2900,24-Jan-25
4726,Chengalpattu,Jameenrayapettai(Uzhavar Sandhai ),Onion,Bellary,Local,3500,5000,5000,07-Jan-25
4727,Jamnagar,Jamnagar,Onion,Other,FAQ,550,2125,1425,01-Feb-25
4728,Murshidabad,Jangipur,Onion,Red,FAQ,2745,2800,2775,19-Jan-25
4729,Murshidabad,Jangipur,Onion,Red,FAQ,3350,3400,3370,03-Jan-25
4730,Ratlam,Jaora,Onion,Onion,FAQ,210,1501,210,16-Jan-25
4731,Etawah,Jasvantnagar,Onion,Red,FAQ,2270,2370,2320,09-Jan-25
4732,Etawah,Jasvantnagar,Onion,Red,Non-FAQ,2110,2210,2160,30-Jan-25
4733,Etawah,Jasvantnagar,Onion,Red,Non-FAQ,2170,2270,2220,29-Jan-25
4734,Jaunpur,Jaunpur,Onion,Red,FAQ,2150,2250,2200,24-Jan-25
4735,Raebarelli,Jayas,Onion,Red,FAQ,2450,2500,2480,04-Jan-25
4736,Rajkot,Jetpur(Dist.Rajkot),Onion,Onion,FAQ,505,2255,1655,18-Jan-25
4737,Rajkot,Jetpur(Dist.Rajkot),Onion,Onion,FAQ,605,2030,1655,25-Jan-25
4738,Ariyalur,Jeyankondam (Uzhavar Sandhai ),Onion,Bellary,Local,4000,4500,4500,23-Jan-25
4739,Ariyalur,Jeyankondam (Uzhavar Sandhai ),Onion,Bellary,Local,4000,4500,4500,30-Jan-25
4740,Ariyalur,Jeyankondam (Uzhavar Sandhai ),Onion,Bellary,Local,4000,4600,4600,20-Jan-25
4741,Ariyalur,Jeyankondam (Uzhavar Sandhai ),Onion,Bellary,Local,4000,4600,4600,28-Jan-25
4742,Ariyalur,Jeyankondam (Uzhavar Sandhai ),Onion,Bellary,Local,4000,5200,5200,02-Jan-25
4743,Jhajar,Jhajjar,Onion,Other,FAQ,1900,2100,2000,18-Jan-25
4744,Jhansi,Jhansi,Onion,Red,FAQ,2000,2140,2060,05-Jan-25
4745,Jhansi,Jhansi,Onion,Red,FAQ,2000,2200,2035,07-Jan-25
4746,Jhansi,Jhansi,Onion,Red,FAQ,2000,2200,2080,04-Jan-25
4747,Jharsuguda,Jharsuguda,Onion,Other,FAQ,3500,4000,3500,11-Jan-25
4748,Jharsuguda,Jharsuguda,Onion,Other,Non-FAQ,3500,3500,3500,25-Jan-25
4749,Jind,Jind,Onion,Other,FAQ,1500,2500,2100,06-Jan-25
4750,Jind,Jind,Onion,Other,FAQ,2000,2300,2250,07-Jan-25
4751,Jodhpur,Jodhpur (F&V),Onion,Other,FAQ,1000,2200,1600,07-Jan-25
4752,Pune,Junnar(Alephata),Onion,Other,Local,1100,3500,2800,26-Jan-25
4753,Pune,Junnar(Narayangaon),Onion,Other,FAQ,600,2800,1800,09-Jan-25
4754,Pune,Junnar(Narayangaon),Onion,Other,Local,1100,2500,1800,30-Jan-25
4755,North Tripura,Kadamtala,Onion,Nasik,FAQ,1400,1600,1500,27-Jan-25
4756,North Tripura,Kadamtala,Onion,Nasik,FAQ,3700,3800,3750,22-Jan-25
4757,North Tripura,Kadamtala,Onion,Nasik,FAQ,3900,4000,3950,09-Jan-25
4758,North Tripura,Kadamtala,Onion,Nasik,FAQ,3900,4000,3950,14-Jan-25
4759,Vellore,Kahithapattarai(Uzhavar Sandhai ),Onion,Bellary,Local,4000,4400,4400,04-Jan-25
4760,Vellore,Kahithapattarai(Uzhavar Sandhai ),Onion,Bellary,Local,4200,4200,4200,08-Jan-25
4761,Vellore,Kahithapattarai(Uzhavar Sandhai ),Onion,Bellary,Local,4200,4200,4200,13-Jan-25
4762,Shamli,Kairana,Onion,Red,FAQ,1100,1200,1150,28-Jan-25
4763,Shamli,Kairana,Onion,Red,FAQ,1300,1400,1350,20-Jan-25
4764,Kakching,Kakching Market,Onion,Red,FAQ,4500,5000,4750,21-Jan-25
4765,Sirsa,kalanwali,Onion,Other,FAQ,2000,2000,2000,14-Jan-25
4766,Shajapur,Kalapipal,Onion,Onion,Non-FAQ,800,800,800,25-Jan-25
4767,Chengalpattu,Medavakkam(Uzhavar Sandhai ),Onion,Bellary,Local,2500,3000,3000,01-Feb-25
4768,Chengalpattu,Medavakkam(Uzhavar Sandhai ),Onion,Bellary,Local,4000,4500,4500,03-Jan-25
4769,Medinipur(W),Medinipur(West),Onion,Onion,FAQ,2400,2800,2600,02-Jan-25
4770,Medinipur(W),Medinipur(West),Onion,Onion,FAQ,2400,2800,2600,08-Jan-25
4771,Meerut,Meerut,Onion,Red,FAQ,2100,2250,2170,27-Jan-25
4772,Meerut,Meerut,Onion,Red,FAQ,2200,2300,2250,24-Jan-25
4773,Rohtak,Meham,Onion,Other,FAQ,2000,2500,2300,29-Jan-25
4774,Sitapur,Mehmoodabad,Onion,Red,FAQ,2300,2350,2320,23-Jan-25
4775,Sitapur,Mehmoodabad,Onion,Red,FAQ,2435,2485,2460,09-Jan-25
4776,Ranga Reddy,Mehndipatnam(Rythu Bazar),Onion,1st Sort,FAQ,3500,3500,3500,26-Jan-25
4777,Mehsana,Mehsana(Mehsana Veg),Onion,Onion,FAQ,600,2500,1900,13-Jan-25
4778,Mehsana,Mehsana(Mehsana Veg),Onion,Onion,FAQ,4000,6000,5000,20-Jan-25
4779,Sepahijala,Melaghar,Onion,Small,FAQ,3400,3600,3500,27-Jan-25
4780,Sepahijala,Melaghar,Onion,Small,FAQ,3400,3600,3500,31-Jan-25
4781,Sepahijala,Melaghar,Onion,Small,FAQ,3500,3700,3600,29-Jan-25
4782,Thirunelveli,Melapalayam(Uzhavar Sandhai ),Onion,Bellary,Local,3000,4000,4000,18-Jan-25
4783,Thirunelveli,Melapalayam(Uzhavar Sandhai ),Onion,Bellary,Local,3500,4400,4400,04-Jan-25
4784,Thirunelveli,Melapalayam(Uzhavar Sandhai ),Onion,Bellary,Local,4000,4400,4400,11-Jan-25
4785,Madurai,Melur(Uzhavar Sandhai ),Onion,Bellary,Local,4500,5200,5200,22-Jan-25
4786,Coimbatore,Mettupalayam(Uzhavar Sandhai ),Onion,Bellary,Local,3500,4200,4200,18-Jan-25
4787,Coimbatore,Mettupalayam(Uzhavar Sandhai ),Onion,Bellary,Local,4000,4400,4400,19-Jan-25
4788,Coimbatore,Mettupalayam(Uzhavar Sandhai ),Onion,Bellary,Local,4000,4500,4500,09-Jan-25
4789,Salem,Mettur(Uzhavar Sandhai ),Onion,Bellary,Local,4000,6000,6000,08-Jan-25
4790,Indore,Mhow(F&V),Onion,Onion,FAQ,1200,1800,1500,27-Jan-25
4791,Rampur,Milak,Onion,Red,FAQ,2080,2165,2125,25-Jan-25
4792,Farukhabad,Mohamadabad,Onion,Red,FAQ,1960,2160,2060,30-Jan-25
4793,Farukhabad,Mohamadabad,Onion,Red,FAQ,2160,2360,2260,20-Jan-25
4794,Farukhabad,Mohamadabad,Onion,Red,FAQ,2340,2540,2440,12-Jan-25
4795,Farukhabad,Mohamadabad,Onion,Red,FAQ,2400,2600,2500,04-Jan-25
4796,Khiri (Lakhimpur),Mohammdi,Onion,Red,FAQ,2520,2620,2570,03-Jan-25
4797,Khiri (Lakhimpur),Mohammdi,Onion,Red,FAQ,2940,3020,2985,09-Jan-25
4798,Namakkal,Mohanur(Uzhavar Sandhai ),Onion,Bellary,Local,4500,5000,5000,02-Jan-25
4799,Namakkal,Mohanur(Uzhavar Sandhai ),Onion,Bellary,Local,4500,5000,5000,16-Jan-25
4800,Namakkal,Mohanur(Uzhavar Sandhai ),Onion,Bellary,Local,4500,5000,5000,17-Jan-25
4801,Namakkal,Mohanur(Uzhavar Sandhai ),Onion,Bellary,Local,5000,5500,5500,09-Jan-25
4802,Mahendragarh-Narnaul,Mohindergarh,Onion,Onion,FAQ,1500,2000,2000,02-Jan-25
4803,Mahendragarh-Narnaul,Mohindergarh,Onion,Onion,FAQ,1600,2200,1900,28-Jan-25
4804,Morbi,Morbi,Onion,Onion,FAQ,500,2300,1400,15-Jan-25
4805,Jaunpur,Mugrabaadshahpur,Onion,Red,FAQ,2040,2240,2140,01-Feb-25
4806,Jaunpur,Mugrabaadshahpur,Onion,Red,FAQ,2380,2580,2480,15-Jan-25
4807,Jaunpur,Mugrabaadshahpur,Onion,Red,FAQ,2460,2660,2560,07-Jan-25
4808,Hoshiarpur,Mukerian(Talwara),Onion,Onion,FAQ,2400,2800,2600,14-Jan-25
4809,Kozhikode(Calicut),Mukkom,Onion,Onion,FAQ,3700,4000,3800,10-Jan-25
4810,Muktsar,Muktsar,Onion,Other,FAQ,2500,3000,2800,29-Jan-25
4811,Sambhal,Muradabad,Onion,Red,FAQ,2020,2100,2060,30-Jan-25
4812,Madhepura,Murliganj,Onion,White,FAQ,2300,3000,2500,23-Jan-25
4813,Madhepura,Murliganj,Onion,White,FAQ,2400,3200,2800,10-Jan-25
4814,Thiruchirappalli,Musiri(Uzhavar Sandhai ),Onion,Bellary,Local,3500,5000,5000,17-Jan-25
4815,Thiruvarur,Muthupettai(Uzhavar Sandhai ),Onion,Bellary,Local,5000,5000,5000,01-Jan-25
4816,Kullu,Bhuntar,Onion,Other,FAQ,3000,3200,3100,05-Jan-25
4817,Jalgaon,Bhusaval,Onion,Red,FAQ,1000,1500,1200,18-Jan-25
4818,Jalgaon,Bhusaval,Onion,Red,Local,2000,2500,2200,30-Jan-25
4819,Bikaner,Bikaner (F&V),Onion,Other,FAQ,1300,1500,1400,30-Jan-25
4820,Bikaner,Bikaner (F&V),Onion,Other,FAQ,1400,1600,1500,27-Jan-25
4821,Bilaspur,Bilaspur,Onion,Local,Local,2500,2800,2600,15-Jan-25
4822,Bilaspur,Bilaspur,Onion,Local,Non-FAQ,2800,3000,2900,24-Jan-25
4823,Bilaspur,Bilaspur,Onion,Other,FAQ,2500,2900,2600,19-Jan-25
4824,Bilaspur,Bilaspur,Onion,Other,FAQ,2800,3200,3000,15-Jan-25
4825,Jalandhar,Bilga,Onion,Other,FAQ,1800,2000,1900,25-Jan-25
4826,Jalandhar,Bilga,Onion,Other,FAQ,2800,3000,2900,03-Jan-25
4827,Navsari,Bilimora,Onion,Nasik,FAQ,1500,2800,2200,28-Jan-25
4828,Badaun,Bilsi,Onion,Red,FAQ,2150,2250,2200,02-Jan-25
4829,Badaun,Bilsi,Onion,Red,FAQ,2200,2300,2250,10-Jan-25
4830,Badaun,Bilsi,Onion,Red,FAQ,2200,2300,2250,21-Jan-25
4831,Badaun,Bilsi,Onion,Red,FAQ,2200,2300,2250,28-Jan-25
4832,Badaun,Bilsi,Onion,Red,FAQ,2230,2300,2260,24-Jan-25
4833,Badaun,Bilsi,Onion,Red,FAQ,2250,2300,2280,15-Jan-25
4834,Fatehpur,Bindki,Onion,Red,FAQ,1900,2000,1950,23-Jan-25
4835,Fatehpur,Bindki,Onion,Red,FAQ,2100,2180,2140,12-Jan-25
4836,Fatehpur,Bindki,Onion,Red,FAQ,2100,2200,2160,13-Jan-25
4837,Birbhum,Birbhum,Onion,Other,FAQ,2400,2600,2500,01-Jan-25
4838,Birbhum,Birbhum,Onion,Other,FAQ,2500,2700,2600,19-Jan-25
4839,Birbhum,Birbhum,Onion,Other,FAQ,2700,2900,2800,08-Jan-25
4840,Sepahijala,Bishalgarh,Onion,Nasik,FAQ,4300,4500,4400,12-Jan-25
4841,Sepahijala,Bishalgarh,Onion,Nasik,FAQ,4300,4500,4400,23-Jan-25
4842,Bishnupur,Bishenpur,Onion,Onion,FAQ,4500,5000,4750,13-Jan-25
4843,Bishnupur,Bishenpur,Onion,Onion,FAQ,4500,5000,4750,14-Jan-25
4844,Bishnupur,Bishenpur,Onion,Onion,FAQ,4500,5000,4750,15-Jan-25
4845,Bishnupur,Bishenpur,Onion,Onion,FAQ,4500,5000,4750,22-Jan-25
4846,Bankura,Bishnupur(Bankura),Onion,Nasik,FAQ,2000,3000,2800,02-Jan-25
4847,Bankura,Bishnupur(Bankura),Onion,Nasik,FAQ,2500,3500,3000,07-Jan-25
4848,Bankura,Bishnupur(Bankura),Onion,Nasik,FAQ,2500,3500,3200,10-Jan-25
4849,Bankura,Bishnupur(Bankura),Onion,Nasik,Non-FAQ,2000,3500,3000,24-Jan-25
4850,Sepahijala,Bishramganj,Onion,Nasik,FAQ,4300,4500,4400,16-Jan-25
4851,Sepahijala,Bishramganj,Onion,Nasik,FAQ,4300,4500,4400,28-Jan-25
4852,Theni,Bodinayakanur(Uzhavar Sandhai ),Onion,Bellary,Local,4500,4800,4800,25-Jan-25
4853,Birbhum,Bolpur,Onion,Onion,FAQ,2600,2800,2700,12-Jan-25
4854,Birbhum,Bolpur,Onion,Onion,FAQ,2600,2800,2700,23-Jan-25
4855,Boudh,Boudh,Onion,Other,FAQ,4000,6000,5000,08-Jan-25
4856,Bulandshahar,Buland Shahr,Onion,Red,FAQ,2000,2230,2130,27-Jan-25
4857,Bhiwani,Ch. Dadri,Onion,Other,FAQ,1000,2500,1750,21-Jan-25
4858,Bhiwani,Ch. Dadri,Onion,Other,FAQ,1500,2500,2000,24-Jan-25
4859,Bhiwani,Ch. Dadri,Onion,Other,FAQ,1800,2500,2150,16-Jan-25
4860,Bijnor,Chaandpur,Onion,Red,FAQ,1400,1600,1500,01-Feb-25
4861,Thiruvananthapuram,Chala,Onion,Big,FAQ,4200,4600,4200,03-Jan-25
4862,Thiruvananthapuram,Chala,Onion,Onion,Non-FAQ,9200,9500,9200,24-Jan-25
4863,Thirssur,Chalakudy,Onion,Onion,FAQ,4400,5000,5000,09-Jan-25
4864,Thirssur,Chalakudy,Onion,Onion,Non-FAQ,3200,4500,4500,22-Jan-25
4865,Ropar (Rupnagar),Chamkaur Sahib,Onion,Other,FAQ,3200,3300,3250,02-Jan-25
4866,Hooghly,Champadanga,Onion,Nasik,FAQ,2500,2700,2600,13-Jan-25
4867,Hooghly,Champadanga,Onion,Nasik,FAQ,2600,2900,2700,18-Jan-25
4868,Hooghly,Champadanga,Onion,Nasik,FAQ,2800,3000,3000,23-Jan-25
4869,Ariyalur,Jeyankondam (Uzhavar Sandhai ),Onion,Bellary,Local,4000,4600,4600,18-Jan-25
4870,Jhajar,Jhajjar,Onion,Other,FAQ,2800,3200,3000,03-Jan-25
4871,Jhajar,Jhajjar,Onion,Other,FAQ,2800,3200,3000,10-Jan-25
4872,Jhansi,Jhansi,Onion,Red,FAQ,1950,2100,2010,14-Jan-25
4873,Jhansi,Jhansi,Onion,Red,FAQ,1950,2100,2030,31-Jan-25
4874,Jharsuguda,Jharsuguda,Onion,Other,FAQ,3500,4000,3500,17-Jan-25
4875,Jharsuguda,Jharsuguda,Onion,Other,FAQ,4000,4000,4000,06-Jan-25
4876,Jharsuguda,Jharsuguda,Onion,Other,Non-FAQ,3500,3500,3500,28-Jan-25
4877,Jodhpur,Jodhpur (F&V),Onion,Other,FAQ,1000,2000,1500,06-Jan-25
4878,Pune,Junnar(Alephata),Onion,Other,FAQ,1000,3510,2800,03-Jan-25
4879,Pune,Junnar(Narayangaon),Onion,Other,FAQ,500,2800,1600,10-Jan-25
4880,Pune,Junnar(Narayangaon),Onion,Other,FAQ,1110,2800,2000,22-Jan-25
4881,Pune,Junnar(Narayangaon),Onion,Other,Local,1000,2700,1800,01-Feb-25
4882,Pune,Junnar(Otur),Onion,Red,FAQ,1000,3500,2500,23-Jan-25
4883,North Tripura,Kadamtala,Onion,Nasik,FAQ,3400,3500,3450,01-Feb-25
4884,Vellore,Kahithapattarai(Uzhavar Sandhai ),Onion,Bellary,Local,4400,4400,4400,10-Jan-25
4885,Shamli,Kairana,Onion,Red,FAQ,1200,1300,1250,22-Jan-25
4886,Shamli,Kairana,Onion,Red,FAQ,1500,1600,1550,07-Jan-25
4887,Sirsa,kalanwali,Onion,Other,FAQ,2000,2000,2000,27-Jan-25
4888,Shajapur,Kalapipal(F&V),Onion,Onion,FAQ,260,1450,1065,24-Jan-25
4889,Shajapur,Kalapipal(F&V),Onion,Onion,FAQ,560,1350,1020,28-Jan-25
4890,Shajapur,Kalapipal(F&V),Onion,Onion,FAQ,1000,1775,1565,12-Jan-25
4891,Kalburgi,Kalburgi,Onion,Onion,FAQ,500,3200,1850,01-Jan-25
4892,Kalburgi,Kalburgi,Onion,Onion,FAQ,1000,3000,2000,25-Jan-25
4893,Hooghly,Kalipur,Onion,Nasik,FAQ,2800,3000,3000,22-Jan-25
4894,Kozhikode(Calicut),Kallachi,Onion,Other,FAQ,3400,3800,3600,09-Jan-25
4895,Kallakuruchi,Kallakurichi(Uzhavar Sandhai ),Onion,Bellary,Local,4000,5000,5000,06-Jan-25
4896,Purba Bardhaman,Kalna,Onion,Other,FAQ,2500,2600,2550,01-Feb-25
4897,Purba Bardhaman,Kalna,Onion,Other,FAQ,2700,2900,2800,15-Jan-25
4898,Purba Bardhaman,Kalna,Onion,Other,FAQ,3000,3200,3100,09-Jan-25
4899,Nashik,Kalvan,Onion,Red,Local,1400,2820,2250,28-Jan-25
4900,Thane,Kalyan,Onion,2nd Sort,FAQ,2500,2900,2700,09-Jan-25
4901,Thane,Kalyan,Onion,2nd Sort,Local,2000,2200,2100,25-Jan-25
4902,Theni,Kambam(Uzhavar Sandhai ),Onion,Bellary,Local,3800,4000,4000,31-Jan-25
4903,Theni,Kambam(Uzhavar Sandhai ),Onion,Bellary,Local,3900,4000,4000,27-Jan-25
4904,Farukhabad,Kamlaganj,Onion,Red,FAQ,2000,2050,2030,13-Jan-25
4905,Nagpur,Kamthi,Onion,Local,FAQ,2500,3500,3000,06-Jan-25
4906,Kancheepuram,Kancheepuram(Uzhavar Sandhai ),Onion,Bellary,Local,3000,4000,4000,22-Jan-25
4907,Kancheepuram,Kancheepuram(Uzhavar Sandhai ),Onion,Bellary,Local,3500,4000,4000,28-Jan-25
4908,Kancheepuram,Kancheepuram(Uzhavar Sandhai ),Onion,Bellary,Local,3500,4500,4500,11-Jan-25
4909,Kancheepuram,Kancheepuram(Uzhavar Sandhai ),Onion,Bellary,Local,3600,4500,4500,23-Jan-25
4910,Kancheepuram,Kancheepuram(Uzhavar Sandhai ),Onion,Bellary,Local,3800,4500,4500,05-Jan-25
4911,Thirunelveli,Kandiyaperi(Uzhavar Sandhai ),Onion,Bellary,Local,3000,4000,4000,01-Feb-25
4912,Thirunelveli,Kandiyaperi(Uzhavar Sandhai ),Onion,Bellary,Local,3500,4000,4000,13-Jan-25
4913,Thirupur,Kangayam(Uzhavar Sandhai ),Onion,Bellary,Local,4500,5000,5000,26-Jan-25
4914,Kangra,Kangra,Onion,Other,FAQ,3200,3300,3300,17-Jan-25
4915,Kangra,Kangra,Onion,Other,FAQ,3200,3500,3400,13-Jan-25
4916,Kangra,Kangra(Baijnath),Onion,Onion,FAQ,1800,2200,2000,20-Jan-25
4917,Kangra,Kangra(Jaisinghpur),Onion,1st Sort,FAQ,3300,3500,3400,27-Jan-25
4918,Kangra,Kangra(Jaisinghpur),Onion,1st Sort,FAQ,3600,3800,3700,03-Jan-25
4919,Balasore,Jaleswar,Onion,Other,FAQ,2800,3200,3000,13-Jan-25
4920,Balasore,Jaleswar,Onion,Other,FAQ,2800,3200,3000,22-Jan-25
4921,Balasore,Jaleswar,Onion,Other,FAQ,3000,3400,3200,08-Jan-25
4922,Balasore,Jaleswar,Onion,Other,FAQ,3200,3600,3400,27-Jan-25
4923,Jalgaon,Jalgaon,Onion,Red,FAQ,750,2500,1625,06-Jan-25
4924,Jalore,Jalore,Onion,Other,FAQ,2500,2800,2600,11-Jan-25
4925,Jalpaiguri,Jalpaiguri Sadar,Onion,Nasik,FAQ,2900,3100,3000,20-Jan-25
4926,Jalpaiguri,Jalpaiguri Sadar,Onion,Nasik,FAQ,3000,3200,3100,09-Jan-25
4927,Chengalpattu,Jameenrayapettai(Uzhavar Sandhai ),Onion,Bellary,Local,3000,4000,4000,26-Jan-25
4928,Chengalpattu,Jameenrayapettai(Uzhavar Sandhai ),Onion,Bellary,Local,3500,5000,5000,05-Jan-25
4929,Chengalpattu,Jameenrayapettai(Uzhavar Sandhai ),Onion,Bellary,Local,3500,5000,5000,09-Jan-25
4930,Chengalpattu,Jameenrayapettai(Uzhavar Sandhai ),Onion,Bellary,Local,3500,5000,5000,12-Jan-25
4931,Jamui,Jamui,Onion,Medium,FAQ,1900,2100,2000,29-Jan-25
4932,Dhule,Janata Agri Market (DLS Agro Infrastructure Pvt Lt,Onion,Other,FAQ,500,1300,900,16-Jan-25
4933,Murshidabad,Jangipur,Onion,Red,FAQ,2770,2825,2800,12-Jan-25
4934,Ratlam,Jaora,Onion,Onion,FAQ,900,2473,1973,01-Jan-25
4935,Ratlam,Jaora,Onion,Onion,FAQ,901,1853,1300,21-Jan-25
4936,Prayagraj,Jasra,Onion,Red,FAQ,1825,1965,1890,28-Jan-25
4937,Etawah,Jasvantnagar,Onion,Red,Non-FAQ,2270,2370,2320,20-Jan-25
4938,Jaunpur,Jaunpur,Onion,Red,FAQ,2500,2560,2525,11-Jan-25
4939,Raebarelli,Jayas,Onion,Red,FAQ,2350,2450,2400,07-Jan-25
4940,Rajkot,Jetpur(Dist.Rajkot),Onion,Onion,FAQ,505,2505,1755,07-Jan-25
4941,Ariyalur,Jeyankondam (Uzhavar Sandhai ),Onion,Bellary,Local,4000,4500,4500,07-Jan-25
4942,Ariyalur,Jeyankondam (Uzhavar Sandhai ),Onion,Bellary,Local,4000,4600,4600,24-Jan-25
4943,Ariyalur,Jeyankondam (Uzhavar Sandhai ),Onion,Bellary,Local,4000,4600,4600,31-Jan-25
4944,Jhajar,Jhajjar,Onion,Other,FAQ,2300,2500,2400,01-Feb-25
4945,Jhajar,Jhajjar,Onion,Other,FAQ,2400,2600,2500,15-Jan-25
4946,Jhajar,Jhajjar,Onion,Other,FAQ,2400,2600,2500,22-Jan-25
4947,Jhajar,Jhajjar,Onion,Other,FAQ,2400,2600,2500,30-Jan-25
4948,Jhansi,Jhansi,Onion,Red,FAQ,1950,2060,2000,30-Jan-25
4949,Jharsuguda,Jharsuguda,Onion,Other,FAQ,3000,3500,3500,13-Jan-25
4950,Jharsuguda,Jharsuguda,Onion,Other,FAQ,3500,4000,3500,08-Jan-25
4951,Jharsuguda,Jharsuguda,Onion,Other,Non-FAQ,3500,4000,4000,01-Feb-25
4952,Jind,Jind,Onion,Other,FAQ,1500,2300,2100,27-Jan-25
4953,Jind,Jind,Onion,Other,FAQ,1800,2400,2250,11-Jan-25
4954,Jodhpur,Jodhpur (F&V),Onion,Other,FAQ,1000,2200,1600,01-Feb-25
4955,Jodhpur,Jodhpur (F&V),Onion,Other,FAQ,1000,2200,1600,09-Jan-25
4956,Pune,Junnar(Narayangaon),Onion,Other,FAQ,700,3000,1850,24-Jan-25
4957,North Tripura,Kadamtala,Onion,Nasik,FAQ,3500,3600,3550,20-Jan-25
4958,Vellore,Kahithapattarai(Uzhavar Sandhai ),Onion,Bellary,Local,4000,4000,4000,17-Jan-25
4959,Vellore,Kahithapattarai(Uzhavar Sandhai ),Onion,Bellary,Local,4000,4200,4200,27-Jan-25
4960,Vellore,Kahithapattarai(Uzhavar Sandhai ),Onion,Bellary,Local,4200,4200,4200,23-Jan-25
4961,Kakching,Kakching Market,Onion,Red,FAQ,4500,5000,4750,22-Jan-25
4962,Shajapur,Kalapipal(F&V),Onion,Onion,FAQ,1000,1640,1550,11-Jan-25
4963,Shajapur,Kalapipal(F&V),Onion,Onion,FAQ,1400,1500,1460,02-Jan-25
4964,Hooghly,Kalipur,Onion,Nasik,FAQ,2500,2700,2600,19-Jan-25
4965,Hooghly,Kalipur,Onion,Nasik,FAQ,2600,2800,2700,12-Jan-25
4966,Hooghly,Kalipur,Onion,Nasik,FAQ,2700,2900,2800,11-Jan-25
4967,Hooghly,Kalipur,Onion,Nasik,FAQ,2700,2900,2800,30-Jan-25
4968,Hooghly,Kalipur,Onion,Nasik,FAQ,2800,3000,2900,01-Feb-25
4969,Hooghly,Kalipur,Onion,Nasik,FAQ,2800,3000,3000,06-Jan-25
4970,Shajapur,Kalapipal,Onion,Onion,Non-FAQ,800,800,800,31-Jan-25
4971,Shajapur,Kalapipal(F&V),Onion,Onion,FAQ,500,1705,1230,26-Jan-25
4972,Shajapur,Kalapipal(F&V),Onion,Onion,FAQ,1203,1203,1203,17-Jan-25
4973,Shajapur,Kalapipal(F&V),Onion,Onion,FAQ,2053,2053,2053,03-Jan-25
4974,Kozhikode(Calicut),Kallachi,Onion,Other,FAQ,3100,3500,3300,15-Jan-25
4975,Kozhikode(Calicut),Kallachi,Onion,Other,FAQ,3300,3700,3500,18-Jan-25
4976,Kallakuruchi,Kallakurichi(Uzhavar Sandhai ),Onion,Bellary,Local,4000,5000,5000,08-Jan-25
4977,Kallakuruchi,Kallakurichi(Uzhavar Sandhai ),Onion,Bellary,Local,4000,5000,5000,14-Jan-25
4978,Kallakuruchi,Kallakurichi(Uzhavar Sandhai ),Onion,Bellary,Local,4000,5000,5000,27-Jan-25
4979,Purba Bardhaman,Kalna,Onion,Other,FAQ,2400,2500,2450,20-Jan-25
4980,Purba Bardhaman,Kalna,Onion,Other,FAQ,2800,3000,2900,14-Jan-25
4981,Purba Bardhaman,Kalna,Onion,Other,FAQ,3200,3400,3300,02-Jan-25
4982,Nadia,Kalyani,Onion,Onion,FAQ,3000,3200,3100,03-Jan-25
4983,Nadia,Kalyani,Onion,Onion,FAQ,3100,3300,3200,05-Jan-25
4984,Dhenkanal,Kamakhyanagar,Onion,Onion,FAQ,3000,4000,3500,12-Jan-25
4985,Theni,Kambam(Uzhavar Sandhai ),Onion,Bellary,Local,3800,4200,4200,30-Jan-25
4986,Farukhabad,Kamlaganj,Onion,Red,FAQ,2200,2220,2210,02-Jan-25
4987,Farukhabad,Kamlaganj,Onion,Red,FAQ,2210,2350,2310,08-Jan-25
4988,Farukhabad,Kamlaganj,Onion,Red,FAQ,2410,2610,2510,03-Jan-25
4989,Farukhabad,Kamlaganj,Onion,Red,Non-FAQ,2000,2100,2050,24-Jan-25
4990,Nagpur,Kamthi,Onion,Local,FAQ,1500,2500,2000,23-Jan-25
4991,Nagpur,Kamthi,Onion,Local,FAQ,2000,3000,2500,01-Jan-25
4992,Nagpur,Kamthi,Onion,Local,FAQ,2000,3000,2500,21-Jan-25
4993,Nagpur,Kamthi,Onion,Local,Local,1500,2500,2000,31-Jan-25
4994,North Tripura,Kanchanpur,Onion,Nasik,FAQ,3000,3500,3250,12-Jan-25
4995,North Tripura,Kanchanpur,Onion,Nasik,FAQ,3000,3500,3250,19-Jan-25
4996,Kancheepuram,Kancheepuram(Uzhavar Sandhai ),Onion,Bellary,Local,3000,4000,4000,07-Jan-25
4997,Kancheepuram,Kancheepuram(Uzhavar Sandhai ),Onion,Bellary,Local,3500,4500,4500,17-Jan-25
4998,Kancheepuram,Kancheepuram(Uzhavar Sandhai ),Onion,Bellary,Local,3600,4500,4500,20-Jan-25
4999,Kancheepuram,Kancheepuram(Uzhavar Sandhai ),Onion,Bellary,Local,4000,4500,4500,03-Jan-25
5000,Thirunelveli,Kandiyaperi(Uzhavar Sandhai ),Onion,Bellary,Local,3000,4000,4000,27-Jan-25
5001,Thirunelveli,Kandiyaperi(Uzhavar Sandhai ),Onion,Bellary,Local,3500,4500,4500,01-Jan-25
5002,Thirupur,Kangayam(Uzhavar Sandhai ),Onion,Bellary,Local,4200,4800,4800,16-Jan-25
5003,Thirupur,Kangayam(Uzhavar Sandhai ),Onion,Bellary,Local,4500,5000,5000,07-Jan-25
5004,Thirupur,Kangayam(Uzhavar Sandhai ),Onion,Bellary,Local,4500,5000,5000,18-Jan-25
5005,Kangra,Kangra,Onion,Other,FAQ,3000,3200,3100,29-Jan-25
5006,Kangra,Kangra,Onion,Other,FAQ,3000,3300,3100,15-Jan-25
5007,Kangra,Kangra,Onion,Other,FAQ,3200,3300,3300,27-Jan-25
5008,Kangra,Kangra(Baijnath),Onion,Onion,FAQ,2500,3000,2800,08-Jan-25
5009,Kangra,Kangra(Nagrota Bagwan),Onion,Other,FAQ,2900,3200,3000,31-Jan-25
5010,Kangra,Kangra(Nagrota Bagwan),Onion,Other,FAQ,3000,3200,3100,22-Jan-25
5011,Kottayam,Kanjirappally,Onion,Big,FAQ,4000,4500,4200,01-Feb-25
5012,Kottayam,Kanjirappally,Onion,Big,FAQ,4000,4500,4200,15-Jan-25
5013,Kottayam,Kanjirappally,Onion,Onion,FAQ,11000,12000,11800,07-Jan-25
5014,Kottayam,Kanjirappally,Onion,Onion,FAQ,11000,12000,11800,13-Jan-25
5015,Kannuj,Kannauj,Onion,Red,FAQ,2050,2150,2100,30-Jan-25
5016,Kannur,Kannur,Onion,Other,FAQ,3600,3800,3700,31-Jan-25
5017,Kannur,Kannur,Onion,Other,FAQ,4000,4200,4100,03-Jan-25
5018,Kannur,Kannur,Onion,Other,FAQ,4000,4200,4100,06-Jan-25
5019,Kanpur,Kanpur(Grain),Onion,Red,FAQ,2050,2250,2150,30-Jan-25
5020,Kangra,Kangra(Jassour),Onion,Other,FAQ,2200,3000,2500,30-Jan-25
5021,Kangra,Kangra(Nagrota Bagwan),Onion,Other,FAQ,3000,3400,3200,07-Jan-25
5022,Kangra,Kangra(Nagrota Bagwan),Onion,Other,FAQ,3000,3400,3200,09-Jan-25
5023,Kangra,Kangra(Nagrota Bagwan),Onion,Other,FAQ,3000,3500,3200,06-Jan-25
5024,Kasargod,Kanjangadu,Onion,Big,FAQ,3700,4200,3900,27-Jan-25
5025,Kottayam,Kanjirappally,Onion,Big,FAQ,4000,4500,4200,17-Jan-25
5026,Kannuj,Kannauj,Onion,Red,FAQ,2150,2250,2200,18-Jan-25
5027,Kannuj,Kannauj,Onion,Red,FAQ,2300,2400,2350,12-Jan-25
5028,Kannur,Kannur,Onion,Other,FAQ,3400,3600,3500,14-Jan-25
5029,Kannur,Kannur,Onion,Other,FAQ,3400,3600,3500,16-Jan-25
5030,Kannur,Kannur,Onion,Other,FAQ,4000,4200,4100,08-Jan-25
5031,Kanpur,Kanpur(Grain),Onion,Red,FAQ,2240,2440,2340,20-Jan-25
5032,Kanpur,Kanpur(Grain),Onion,Red,FAQ,2300,2430,2385,17-Jan-25
5033,Kheda,Kapadvanj,Onion,Other,FAQ,1500,2400,1950,10-Jan-25
5034,Satara,Karad,Onion,Other,FAQ,1500,3000,3000,22-Jan-25
5035,Satara,Karad,Onion,Other,Local,1000,3000,3000,01-Feb-25
5036,Satara,Karad,Onion,Other,Local,2000,2500,2500,29-Jan-25
5037,Sivaganga,Karaikudi(Uzhavar Sandhai ),Onion,Bellary,Local,5500,5800,5800,08-Jan-25
5038,Nadia,Karimpur,Onion,Nasik,FAQ,2800,2900,2850,19-Jan-25
5039,Virudhunagar,Kariyapatti(Uzhavar Sandhai ),Onion,Bellary,Local,3500,4000,4000,04-Jan-25
5040,Ahmednagar,Karjat,Onion,Local,FAQ,500,3200,1900,09-Jan-25
5041,Karur,Karur(Uzhavar Sandhai ),Onion,Bellary,Local,4500,5000,5000,06-Jan-25
5042,Karur,Karur(Uzhavar Sandhai ),Onion,Bellary,Local,4500,5000,5000,17-Jan-25
5043,Karur,Karur(Uzhavar Sandhai ),Onion,Bellary,Local,4500,5000,5000,25-Jan-25
5044,Chitrakut,Karvi,Onion,Red,FAQ,2125,2235,2200,29-Jan-25
5045,Chitrakut,Karvi,Onion,Red,FAQ,2245,2445,2345,06-Jan-25
5046,Chitrakut,Karvi,Onion,Red,FAQ,2335,2545,2445,09-Jan-25
5047,Kasganj,Kasganj,Onion,Red,FAQ,2150,2500,2300,01-Jan-25
5048,UdhamSinghNagar,Kashipur,Onion,Other,FAQ,1500,1800,1650,11-Jan-25
5049,UdhamSinghNagar,Kashipur,Onion,Other,FAQ,1700,1700,1700,17-Jan-25
5050,Kathua,Kathua,Onion,Other,FAQ,2800,3000,2900,31-Jan-25
5051,Vellore,Katpadi (Uzhavar Sandhai ),Onion,Bellary,Local,4400,4600,4600,14-Jan-25
5052,Vellore,Katpadi (Uzhavar Sandhai ),Onion,Bellary,Local,4600,4600,4600,17-Jan-25
5053,Vellore,Katpadi (Uzhavar Sandhai ),Onion,Bellary,Local,5000,5000,5000,04-Jan-25
5054,Idukki,Kattappana,Onion,Big,FAQ,3400,4000,4000,08-Jan-25
5055,Idukki,Kattappana,Onion,Small,FAQ,5800,6000,6000,25-Jan-25
5056,Idukki,Kattappana,Onion,Small,Non-FAQ,5500,6200,6000,30-Jan-25
5057,Idukki,Kattappana,Onion,Small,Non-FAQ,5900,6700,6500,31-Jan-25
5058,Purba Bardhaman,Katwa,Onion,Other,FAQ,2400,2600,2500,20-Jan-25
5059,Purba Bardhaman,Katwa,Onion,Other,FAQ,2500,2700,2600,03-Jan-25
5060,Purba Bardhaman,Katwa,Onion,Other,FAQ,2800,3100,3000,11-Jan-25
5061,Purba Bardhaman,Katwa,Onion,Other,FAQ,2900,3100,3000,01-Jan-25
5062,Krishnagiri,Kaveripattinam(Uzhavar Sandhai ),Onion,Bellary,Local,3000,4000,4000,25-Jan-25
5063,Krishnagiri,Kaveripattinam(Uzhavar Sandhai ),Onion,Bellary,Local,4000,4500,4500,31-Jan-25
5064,Krishnagiri,Kaveripattinam(Uzhavar Sandhai ),Onion,Bellary,Local,4000,5000,5000,17-Jan-25
5065,Farukhabad,Kayamganj,Onion,Red,FAQ,2220,2330,2280,18-Jan-25
5066,Farukhabad,Kayamganj,Onion,Red,FAQ,2470,2570,2520,04-Jan-25
5067,Alappuzha,Kayamkulam,Onion,Big,FAQ,3200,3400,3300,15-Jan-25
5068,Alappuzha,Kayamkulam,Onion,Big,FAQ,3900,4100,4000,29-Jan-25
5069,Alappuzha,Kayamkulam,Onion,Small,FAQ,5500,5700,5600,01-Feb-25
5070,Alappuzha,Kayamkulam,Onion,Small,FAQ,8600,8800,8700,25-Jan-25
5071,Thiruvarur,Muthupettai(Uzhavar Sandhai ),Onion,Bellary,Local,5000,5000,5000,07-Jan-25
5072,Thiruvarur,Muthupettai(Uzhavar Sandhai ),Onion,Bellary,Local,5000,5000,5000,20-Jan-25
5073,Thiruvarur,Muthupettai(Uzhavar Sandhai ),Onion,Bellary,Local,5000,5000,5000,26-Jan-25
5074,Muzaffarnagar,Muzzafarnagar,Onion,Red,FAQ,2000,2500,2250,01-Feb-25
5075,Muzaffarnagar,Muzzafarnagar,Onion,Red,FAQ,2300,2550,2450,18-Jan-25
5076,Muzaffarnagar,Muzzafarnagar,Onion,Red,FAQ,2400,2600,2480,14-Jan-25
5077,Nagercoil (Kannyiakumari),Myladi(Uzhavar Sandhai ),Onion,Bellary,Local,4500,5000,5000,20-Jan-25
5078,Mysore,Mysore (Bandipalya),Onion,Other,FAQ,2900,4000,3500,27-Jan-25
5079,Nadia,Nadia,Onion,Other,Non-FAQ,2550,2675,2625,18-Jan-25
5080,Kheda,Nadiyad(Piplag),Onion,Onion,FAQ,1800,2200,2000,03-Jan-25
5081,Kheda,Nadiyad(Piplag),Onion,Onion,Non-FAQ,1200,1600,1400,23-Jan-25
5082,Nagapattinam,Nagapattinam(Uzhavar Sandhai ),Onion,Bellary,Local,2000,3000,3000,22-Jan-25
5083,Nagapattinam,Nagapattinam(Uzhavar Sandhai ),Onion,Bellary,Local,2500,3000,3000,05-Jan-25
5084,Nagapattinam,Nagapattinam(Uzhavar Sandhai ),Onion,Bellary,Local,2500,3300,3300,21-Jan-25
5085,Bijnor,Nagina,Onion,Red,FAQ,1000,1800,1500,19-Jan-25
5086,Nagpur,Nagpur,Onion,Red,FAQ,1500,2500,2000,22-Jan-25
5087,Nagpur,Nagpur,Onion,Red,FAQ,1600,2800,2500,01-Jan-25
5088,Nagpur,Nagpur,Onion,White,FAQ,1600,2600,2300,19-Jan-25
5089,Bijnor,Najibabad,Onion,Red,FAQ,800,1200,1000,20-Jan-25
5090,Namakkal,Namakkal(Uzhavar Sandhai ),Onion,Bellary,Local,4200,4600,4600,01-Feb-25
5091,Namakkal,Namakkal(Uzhavar Sandhai ),Onion,Bellary,Local,4500,5000,5000,04-Jan-25
5092,Namakkal,Namakkal(Uzhavar Sandhai ),Onion,Bellary,Local,4500,5000,5000,06-Jan-25
5093,Nashik,Nandgaon,Onion,Red,Local,200,2450,1850,27-Jan-25
5094,Ambala,Naraingarh,Onion,Onion,FAQ,2000,2300,2000,03-Jan-25
5095,Ambala,Naraingarh,Onion,Onion,FAQ,2000,2400,2100,18-Jan-25
5096,Thiruvellore,Naravarikuppam(Uzhavar Sandhai ),Onion,Bellary,Local,5000,5000,5000,15-Jan-25
5097,Thiruvellore,Naravarikuppam(Uzhavar Sandhai ),Onion,Bellary,Local,5000,5000,5000,22-Jan-25
5098,Mahendragarh-Narnaul,Narnaul,Onion,Other,FAQ,1000,2500,2000,21-Jan-25
5099,Mahendragarh-Narnaul,Narnaul,Onion,Other,FAQ,1500,2000,1800,12-Jan-25
5100,Mahendragarh-Narnaul,Narnaul,Onion,Other,FAQ,1500,2000,2000,03-Jan-25
5101,Jammu,Narwal Jammu (F&V),Onion,Other,FAQ,2800,3200,3000,08-Jan-25
5102,Jind,Narwana,Onion,Other,FAQ,2500,2500,2500,02-Jan-25
5103,Jind,Narwana,Onion,Other,FAQ,2500,2500,2500,10-Jan-25
5104,Nashik,Nasik,Onion,Pole,FAQ,1100,2501,2250,20-Jan-25
5105,Nashik,Nasik,Onion,Pole,FAQ,1300,2601,2200,02-Jan-25
5106,Nashik,Nasik,Onion,Pole,FAQ,1300,2851,2350,08-Jan-25
5107,Thirupathur,Natrampalli(Uzhavar Sandhai ),Onion,Bellary,Local,4000,4000,4000,27-Jan-25
5108,Maharajganj,Nautnava,Onion,Red,FAQ,2300,2500,2400,04-Jan-25
5109,Maharajganj,Nautnava,Onion,Red,FAQ,2300,2500,2400,27-Jan-25
5110,Gonda,Nawabganj,Onion,Red,FAQ,2400,2500,2450,14-Jan-25
5111,Jhunjhunu,Nawalgarh,Onion,Red,FAQ,1400,1600,1500,23-Jan-25
5112,Nawanshahr,Nawan Shahar(Subzi Mandi),Onion,Other,FAQ,2500,2800,2700,11-Jan-25
5113,Idukki,Nedumkandam,Onion,Small,FAQ,6200,6200,6200,29-Jan-25
5114,Thiruvarur,Needamangalam(Uzhavar Sandhai ),Onion,Bellary,Local,5600,5600,5600,07-Jan-25
5115,Thiruvarur,Needamangalam(Uzhavar Sandhai ),Onion,Bellary,Local,5800,5800,5800,02-Jan-25
5116,Thiruvarur,Needamangalam(Uzhavar Sandhai ),Onion,Bellary,Local,5800,5800,5800,17-Jan-25
5117,Neemuch,Neemuch,Onion,Onion,FAQ,100,2170,300,18-Jan-25
5118,Neemuch,Neemuch,Onion,Red,FAQ,770,910,850,21-Jan-25
5119,Faridabad,"New Grain Market , Faridabad",Onion,Onion,Non-FAQ,2000,2600,2300,29-Jan-25
5120,Fatehabad,Fatehabad,Onion,Other,FAQ,2500,3000,2800,31-Jan-25
5121,Agra,Fatehabad,Onion,Red,FAQ,1600,1850,1650,30-Jan-25
5122,Agra,Fatehabad,Onion,Red,Non-FAQ,1600,1800,1650,21-Jan-25
5123,Fazilka,Fazilka,Onion,Other,FAQ,2000,2500,2200,10-Jan-25
5124,Fazilka,Fazilka,Onion,Other,FAQ,2000,2500,2200,11-Jan-25
5125,Firozabad,Firozabad,Onion,Red,FAQ,2260,2450,2360,02-Jan-25
5126,Ferozpur,Firozepur City,Onion,Other,FAQ,2000,2800,2400,24-Jan-25
5127,Ferozpur,Firozepur City,Onion,Other,FAQ,2500,2700,2650,27-Jan-25
5128,Maharajganj,Gadaura,Onion,Red,FAQ,2000,2200,2100,11-Jan-25
5129,Sonipat,Ganaur,Onion,Onion,FAQ,2800,3000,2800,31-Jan-25
5130,Pudukkottai,Gandarvakottai(Uzhavar Sandhai ),Onion,Bellary,Local,4000,5000,5000,10-Jan-25
5131,Saharanpur,Gangoh,Onion,Red,FAQ,2000,2200,2100,05-Jan-25
5132,Saharanpur,Gangoh,Onion,Red,FAQ,2000,2300,2250,31-Jan-25
5133,Medinipur(W),Garbeta(Medinipur),Onion,Onion,FAQ,2400,2800,2600,28-Jan-25
5134,Hoshiarpur,Garh Shankar,Onion,Other,FAQ,2000,2300,2100,18-Jan-25
5135,Hoshiarpur,Garh Shankar,Onion,Other,FAQ,2000,2300,2200,14-Jan-25
5136,Hoshiarpur,Garh Shankar,Onion,Other,FAQ,2000,2300,2200,15-Jan-25
5137,Hoshiarpur,Garh Shankar,Onion,Other,FAQ,2000,2500,2200,07-Jan-25
5138,Hoshiarpur,Garh Shankar,Onion,Other,FAQ,2000,2500,2200,27-Jan-25
5139,Hoshiarpur,Garh Shankar(Mahalpur),Onion,Onion,FAQ,2500,2800,2700,15-Jan-25
5140,Sagar,Garhakota,Onion,Onion,FAQ,1000,1000,1000,18-Jan-25
5141,Sagar,Garhakota,Onion,Onion,FAQ,1100,1100,1100,08-Jan-25
5142,Sagar,Garhakota,Onion,Onion,Non-FAQ,1050,1100,1100,24-Jan-25
5143,Sagar,Garhakota,Onion,Onion,Non-FAQ,1050,1100,1100,28-Jan-25
5144,Hoshiarpur,GarhShankar (Kotfatuhi),Onion,Other,FAQ,2000,2500,2200,14-Jan-25
5145,Hoshiarpur,GarhShankar (Kotfatuhi),Onion,Other,FAQ,2100,2500,2300,30-Jan-25
5146,Mandsaur,Garoth,Onion,Onion,FAQ,390,1650,1650,24-Jan-25
5147,Mandsaur,Garoth,Onion,Onion,Non-FAQ,270,2172,1520,31-Jan-25
5148,Kaithar,"Gerabari, Korha Block",Onion,Medium,FAQ,3800,4000,3900,22-Jan-25
5149,Karnal,Gharaunda,Onion,Other,FAQ,2000,2500,2500,27-Jan-25
5150,Karnal,Gharaunda,Onion,Other,FAQ,2500,2800,2800,25-Jan-25
5151,Medinipur(W),Ghatal,Onion,Onion,FAQ,2700,2900,2800,28-Jan-25
5152,Ghaziabad,Ghaziabad,Onion,Red,FAQ,2250,2350,2300,23-Jan-25
5153,Mainpuri,Ghiraur,Onion,Red,Non-FAQ,2250,2450,2350,19-Jan-25
5154,Muktsar,Giddarbaha,Onion,Onion,FAQ,2400,2600,2500,21-Jan-25
5155,Muktsar,Giddarbaha,Onion,Onion,FAQ,2500,2600,2600,29-Jan-25
5156,Villupuram,Gingee(Uzhavar Sandhai ),Onion,Bellary,Local,4000,4000,4000,20-Jan-25
5157,Villupuram,Gingee(Uzhavar Sandhai ),Onion,Bellary,Local,4000,5000,5000,11-Jan-25
5158,Erode,Gobichettipalayam(Uzhavar Sandhai ),Onion,Bellary,Local,4200,4500,4500,25-Jan-25
5159,Erode,Gobichettipalayam(Uzhavar Sandhai ),Onion,Bellary,Local,4200,4600,4600,26-Jan-25
5160,Sonipat,Gohana,Onion,Other,FAQ,1200,2500,2000,25-Jan-25
5161,Sonipat,Gohana,Onion,Other,FAQ,2000,3000,2500,13-Jan-25
5162,Lakhimpur,Golagokarnath,Onion,Red,FAQ,2300,2450,2400,18-Jan-25
5163,Lakhimpur,Golagokarnath,Onion,Red,FAQ,2600,2700,2670,07-Jan-25
5164,Hanumangarh,Goluwala,Onion,1st Sort,FAQ,2100,2200,2200,01-Feb-25
5165,Hanumangarh,Goluwala,Onion,1st Sort,FAQ,2200,2400,2400,08-Jan-25
5166,Gonda,Gonda,Onion,Red,FAQ,2300,2500,2400,25-Jan-25
5167,Gonda,Gonda,Onion,Red,FAQ,2600,2900,2700,04-Jan-25
5168,Gonda,Gonda,Onion,Red,FAQ,2700,2950,2800,05-Jan-25
5169,Rajkot,Gondal,Onion,Red,FAQ,705,2355,1905,20-Jan-25
5170,Rajkot,Gondal,Onion,Red,FAQ,755,2355,1905,23-Jan-25
5171,Bhadohi(Sant Ravi Nagar),Gopiganj,Onion,Red,FAQ,2160,2260,2210,01-Jan-25
5172,Panchkula,"New Grain Market , Panchkula",Onion,Other,FAQ,2500,3500,3000,21-Jan-25
5173,Thirunelveli,NGO Colony(Uzhavar Sandhai ),Onion,Bellary,Local,3500,4300,4300,25-Jan-25
5174,Thirunelveli,NGO Colony(Uzhavar Sandhai ),Onion,Bellary,Local,3500,4400,4400,07-Jan-25
5175,Thirunelveli,NGO Colony(Uzhavar Sandhai ),Onion,Bellary,Local,3500,4500,4500,24-Jan-25
5176,Moga,Nihal Singh Wala,Onion,Other,FAQ,2200,2800,2500,24-Jan-25
5177,Moga,Nihal Singh Wala,Onion,Other,FAQ,2500,3000,2800,29-Jan-25
5178,Moga,Nihal Singh Wala,Onion,Other,FAQ,3000,4000,3500,08-Jan-25
5179,Ghaziabad,Noida,Onion,Red,FAQ,2100,2200,2140,31-Jan-25
5180,Ernakulam,North Paravur,Onion,1st Sort,FAQ,9200,10000,9500,21-Jan-25
5181,Mewat,Nuh,Onion,Other,Non-FAQ,1500,2000,1800,28-Jan-25
5182,Ahmednagar,Om Chaitanya Multistate Agro Purpose CoOp Society ,Onion,Red,FAQ,500,3200,2450,07-Jan-25
5183,Ahmednagar,Om Chaitanya Multistate Agro Purpose CoOp Society ,Onion,Red,FAQ,700,3700,2500,03-Jan-25
5184,Jalaun (Orai),Orai,Onion,Red,FAQ,1600,2400,2000,22-Jan-25
5185,Jalaun (Orai),Orai,Onion,Red,FAQ,1850,2350,2100,15-Jan-25
5186,Unokoti,Pabiacherra,Onion,Nasik,FAQ,3700,3900,3800,15-Jan-25
5187,Kancheepuram,Padappai(Uzhavar Sandhai ),Onion,Bellary,Local,3500,4000,4000,12-Jan-25
5188,Kancheepuram,Padappai(Uzhavar Sandhai ),Onion,Bellary,Local,3500,4000,4000,23-Jan-25
5189,Kancheepuram,Padappai(Uzhavar Sandhai ),Onion,Bellary,Local,3500,4000,4000,25-Jan-25
5190,Kancheepuram,Padappai(Uzhavar Sandhai ),Onion,Bellary,Local,3500,4000,4000,30-Jan-25
5191,Kancheepuram,Padappai(Uzhavar Sandhai ),Onion,Bellary,Local,4000,4500,4500,17-Jan-25
5192,Kancheepuram,Padappai(Uzhavar Sandhai ),Onion,Bellary,Local,4000,4500,4500,18-Jan-25
5193,Kancheepuram,Padappai(Uzhavar Sandhai ),Onion,Bellary,Local,4000,5000,5000,01-Feb-25
5194,Kancheepuram,Padappai(Uzhavar Sandhai ),Onion,Bellary,Local,4000,5000,5000,15-Jan-25
5195,Vadodara(Baroda),Padra,Onion,Other,FAQ,2250,3400,2850,03-Jan-25
5196,Vadodara(Baroda),Padra,Onion,Other,FAQ,2500,3000,2750,04-Jan-25
5197,Vadodara(Baroda),Padra,Onion,Other,FAQ,2500,3500,3000,27-Jan-25
5198,Kottayam,Pala,Onion,Big,FAQ,4200,4800,4600,18-Jan-25
5199,Kottayam,Pala,Onion,Big,FAQ,4600,5000,4800,28-Jan-25
5200,Kottayam,Pala,Onion,Onion,FAQ,8500,9000,8700,03-Jan-25
5201,Dharmapuri,Palacode(Uzhavar Sandhai ),Onion,Bellary,Local,4500,5000,5000,21-Jan-25
5202,Palakad,Palakkad,Onion,Big,FAQ,4200,5000,4700,18-Jan-25
5203,Palakad,Palakkad,Onion,Big,FAQ,4600,5500,5100,03-Jan-25
5204,Palakad,Palakkad,Onion,Small,FAQ,9000,10000,9600,18-Jan-25
5205,Kangra,Palampur,Onion,Other,FAQ,3000,3200,3100,23-Jan-25
5206,Madurai,Palanganatham(Uzhavar Sandhai ),Onion,Bellary,Local,4500,5200,5200,18-Jan-25
5207,Madurai,Palanganatham(Uzhavar Sandhai ),Onion,Bellary,Local,4800,5000,5000,10-Jan-25
5208,Dindigul,Palani(Uzhavar Sandhai ),Onion,Bellary,Local,3000,4400,4400,19-Jan-25
5209,Dindigul,Palani(Uzhavar Sandhai ),Onion,Bellary,Local,3000,5400,5400,09-Jan-25
5210,Dindigul,Palani(Uzhavar Sandhai ),Onion,Bellary,Local,3500,4800,4800,22-Jan-25
5211,Dindigul,Palani(Uzhavar Sandhai ),Onion,Bellary,Local,3500,5000,5000,24-Jan-25
5212,Bhavnagar,Palitana,Onion,Red,FAQ,1350,2150,1750,28-Jan-25
5213,Palwal,Palwal,Onion,Onion,FAQ,1800,1800,1800,31-Jan-25
5214,Kottayam,Pampady,Onion,Big,FAQ,3300,4500,4000,24-Jan-25
5215,Hooghly,Pandua,Onion,Nasik,FAQ,2700,2900,2800,23-Jan-25
5216,Hooghly,Pandua,Onion,Nasik,FAQ,3000,3200,3100,04-Jan-25
5217,Hooghly,Pandua,Onion,Nasik,FAQ,3000,3200,3200,09-Jan-25
5218,Panipat,Panipat,Onion,Other,FAQ,1000,1600,1300,28-Jan-25
5219,North Tripura,Panisagar,Onion,Nasik,FAQ,3800,4000,3900,03-Jan-25
5220,Cuddalore,Panruti(Uzhavar Sandhai ),Onion,Bellary,Local,3000,5000,5000,12-Jan-25
5221,Purba Bardhaman,Kalna,Onion,Other,FAQ,2800,3000,2900,16-Jan-25
5222,Purba Bardhaman,Kalna,Onion,Other,FAQ,3000,3200,3100,10-Jan-25
5223,Thane,Kalyan,Onion,1st Sort,FAQ,2500,3000,2750,01-Jan-25
5224,Thane,Kalyan,Onion,1st Sort,FAQ,2800,3000,2900,11-Jan-25
5225,Thane,Kalyan,Onion,1st Sort,FAQ,3000,3600,3300,08-Jan-25
5226,Thane,Kalyan,Onion,1st Sort,Local,2300,2500,2400,27-Jan-25
5227,Dhenkanal,Kamakhyanagar,Onion,Onion,FAQ,3000,4000,3500,08-Jan-25
5228,Theni,Kambam(Uzhavar Sandhai ),Onion,Bellary,Local,3600,4000,4000,26-Jan-25
5229,Theni,Kambam(Uzhavar Sandhai ),Onion,Bellary,Local,4000,4200,4200,13-Jan-25
5230,Theni,Kambam(Uzhavar Sandhai ),Onion,Bellary,Local,4000,4200,4200,14-Jan-25
5231,Farukhabad,Kamlaganj,Onion,Red,FAQ,2000,2050,2020,19-Jan-25
5232,Nagpur,Kamthi,Onion,Local,Local,1500,2500,2000,26-Jan-25
5233,North Tripura,Kanchanpur,Onion,Nasik,FAQ,2500,3000,2750,26-Jan-25
5234,Kancheepuram,Kancheepuram(Uzhavar Sandhai ),Onion,Bellary,Local,4000,4500,4500,31-Jan-25
5235,Thirunelveli,Kandiyaperi(Uzhavar Sandhai ),Onion,Bellary,Local,3500,4200,4200,02-Jan-25
5236,Thirunelveli,Kandiyaperi(Uzhavar Sandhai ),Onion,Bellary,Local,3500,4200,4200,06-Jan-25
5237,Thirunelveli,Kandiyaperi(Uzhavar Sandhai ),Onion,Bellary,Local,3800,4400,4400,23-Jan-25
5238,Thirupur,Kangayam(Uzhavar Sandhai ),Onion,Bellary,Local,4500,5000,5000,06-Jan-25
5239,Thirupur,Kangayam(Uzhavar Sandhai ),Onion,Bellary,Local,4500,5000,5000,11-Jan-25
5240,Kangra,Kangra,Onion,Other,FAQ,3200,3300,3300,21-Jan-25
5241,Kangra,Kangra,Onion,Other,FAQ,3200,3500,3300,10-Jan-25
5242,Kangra,Kangra(Jaisinghpur),Onion,1st Sort,FAQ,3000,3200,3100,01-Feb-25
5243,Kangra,Kangra(Jaisinghpur),Onion,1st Sort,FAQ,3000,3400,3200,30-Jan-25
5244,Kangra,Kangra(Jassour),Onion,Other,FAQ,2500,2700,2600,25-Jan-25
5245,Kasargod,Kanjangadu,Onion,Big,FAQ,3600,4200,3800,08-Jan-25
5246,Kasargod,Kanjangadu,Onion,Big,FAQ,3800,4500,4000,28-Jan-25
5247,Kottayam,Kanjirappally,Onion,Big,FAQ,4000,4500,4200,16-Jan-25
5248,Kottayam,Kanjirappally,Onion,Onion,FAQ,8500,9000,8800,01-Feb-25
5249,Kottayam,Kanjirappally,Onion,Onion,FAQ,11000,12000,11800,09-Jan-25
5250,Kannuj,Kannauj,Onion,Red,FAQ,2050,2150,2100,29-Jan-25
5251,Kannuj,Kannauj,Onion,Red,FAQ,2100,2180,2140,31-Jan-25
5252,Kannur,Kannur,Onion,Other,FAQ,3400,3600,3500,17-Jan-25
5253,Kanpur,Kanpur(Grain),Onion,Red,FAQ,2250,2450,2350,18-Jan-25
5254,Kanpur,Kanpur(Grain),Onion,Red,Non-FAQ,2000,2200,2100,29-Jan-25
5255,Kheda,Kapadvanj,Onion,Other,FAQ,1000,2600,1800,25-Jan-25
5256,Satara,Karad,Onion,Other,FAQ,2000,2800,2800,11-Jan-25
5257,Satara,Karad,Onion,Other,FAQ,2000,2800,2800,14-Jan-25
5258,Nadia,Karimpur,Onion,Nasik,FAQ,2600,2800,2700,07-Jan-25
5259,Nadia,Karimpur,Onion,Nasik,FAQ,2800,3000,2900,17-Jan-25
5260,Virudhunagar,Kariyapatti(Uzhavar Sandhai ),Onion,Bellary,Local,3500,4000,4000,31-Jan-25
5261,Ahmednagar,Karjat,Onion,Local,FAQ,500,2700,1600,17-Jan-25
5262,Ahmednagar,Karjat,Onion,Local,Local,1000,3000,2000,27-Jan-25
5263,Darjeeling,Karsiyang(Matigara),Onion,Other,FAQ,3200,3500,3300,29-Jan-25
5264,Darjeeling,Karsiyang(Matigara),Onion,Other,FAQ,4300,4590,4400,02-Jan-25
5265,Karur,Karur(Uzhavar Sandhai ),Onion,Bellary,Local,4500,5000,5000,08-Jan-25
5266,Karur,Karur(Uzhavar Sandhai ),Onion,Bellary,Local,4500,5000,5000,26-Jan-25
5267,Chitrakut,Karvi,Onion,Red,FAQ,2235,2445,2335,04-Jan-25
5268,Kasganj,Kasganj,Onion,Red,FAQ,2150,2500,2320,21-Jan-25
5269,Kasganj,Kasganj,Onion,Red,FAQ,2200,2500,2375,02-Jan-25
5270,UdhamSinghNagar,Kashipur,Onion,Other,FAQ,1500,1600,1550,04-Jan-25
5271,UdhamSinghNagar,Kashipur,Onion,Other,FAQ,1500,1700,1600,15-Jan-25
5272,Krishnagiri,Avallapalli(Uzhavar Sandhai ),Onion,Bellary,Local,3500,4000,4000,25-Jan-25
5273,Etah,Awagarh,Onion,Red,FAQ,2000,2250,2100,14-Jan-25
5274,Etah,Awagarh,Onion,Red,FAQ,2800,3000,2900,07-Jan-25
5275,Etah,Awagarh,Onion,Red,Non-FAQ,1000,1250,1100,19-Jan-25
5276,Delhi,Azadpur,Onion,Onion,FAQ,875,3000,1969,18-Jan-25
5277,Delhi,Azadpur,Onion,Onion,FAQ,1000,3000,2169,29-Jan-25
5278,Azamgarh,Azamgarh,Onion,Red,FAQ,2170,2280,2235,27-Jan-25
5279,Raebarelli,Bachranwa,Onion,Red,FAQ,2400,2500,2450,19-Jan-25
5280,Raebarelli,Bachranwa,Onion,Red,FAQ,2450,2550,2500,13-Jan-25
5281,Raebarelli,Bachranwa,Onion,Red,FAQ,2550,2650,2600,05-Jan-25
5282,Badaun,Badayoun,Onion,Nasik,FAQ,2140,2310,2250,14-Jan-25
5283,Badaun,Badayoun,Onion,Nasik,FAQ,2220,2370,2290,20-Jan-25
5284,Badwani,Badwani(F&V),Onion,Onion,FAQ,1500,1500,1500,05-Jan-25
5285,Badwani,Badwani(F&V),Onion,Onion,FAQ,1500,1500,1500,16-Jan-25
5286,Bagalkot,Bagalakot,Onion,Onion,FAQ,500,3000,2000,11-Jan-25
5287,Chikmagalur,Bagepalli,Onion,Onion,FAQ,2500,3500,3000,16-Jan-25
5288,Moga,Baghapurana,Onion,Local,FAQ,2000,3000,2500,29-Jan-25
5289,Moga,Baghapurana,Onion,Local,FAQ,2100,3000,2500,10-Jan-25
5290,Bareilly,Bahedi,Onion,Red,FAQ,2815,2850,2830,14-Jan-25
5291,Bahraich,Bahraich,Onion,Red,FAQ,2000,2150,2070,26-Jan-25
5292,Puruliya,Balarampur,Onion,Other,FAQ,2500,3000,2800,03-Jan-25
5293,Puruliya,Balarampur,Onion,Other,FAQ,2600,3000,2800,26-Jan-25
5294,Thiruvananthapuram,Balarampuram,Onion,1st Sort,FAQ,4000,5000,5000,23-Jan-25
5295,Thiruvananthapuram,Balarampuram,Onion,1st Sort,FAQ,5000,5000,5000,05-Jan-25
5296,Thiruvananthapuram,Balarampuram,Onion,1st Sort,FAQ,5000,6000,5000,02-Jan-25
5297,Ballia,Ballia,Onion,Red,FAQ,2320,2370,2340,20-Jan-25
5298,Ballia,Ballia,Onion,Red,FAQ,2340,2400,2370,17-Jan-25
5299,Ballia,Ballia,Onion,Red,FAQ,2400,2450,2430,10-Jan-25
5300,Ballia,Ballia,Onion,Red,FAQ,2400,2460,2430,15-Jan-25
5301,Balotra,Balotra,Onion,1st Sort,FAQ,2400,2500,2450,10-Jan-25
5302,Balotra,Balotra,Onion,1st Sort,FAQ,2500,2600,2560,11-Jan-25
5303,Balrampur,Balrampur,Onion,Red,FAQ,2130,2345,2240,24-Jan-25
5304,Khurda,Balugaon,Onion,Other,FAQ,3000,3300,3200,31-Jan-25
5305,Banda,Banda,Onion,Red,FAQ,2230,2370,2300,08-Jan-25
5306,Bangalore,Bangalore,Onion,Local,FAQ,2000,2800,2200,07-Jan-25
5307,Bangalore,Bangalore,Onion,Onion,FAQ,3000,4000,3500,02-Jan-25
5308,Bangalore,Bangalore,Onion,Puna,FAQ,2000,3000,2600,10-Jan-25
5309,Bangalore,Bangalore,Onion,Puna,FAQ,2000,3400,2800,20-Jan-25
5310,Bangalore,Bangalore,Onion,Puna,FAQ,3000,4000,3400,03-Jan-25
5311,Unnao,Bangarmau,Onion,Red,FAQ,2540,2640,2590,08-Jan-25
5312,Unnao,Bangarmau,Onion,Red,FAQ,2550,2660,2610,07-Jan-25
5313,Bankura,Bankura Sadar,Onion,Nasik,FAQ,3000,3300,3200,07-Jan-25
5314,Bankura,Bankura Sadar,Onion,Nasik,FAQ,3000,3300,3200,09-Jan-25
5315,Bankura,Bankura Sadar,Onion,Nasik,FAQ,3000,3300,3200,14-Jan-25
5316,Kolkata,Bara Bazar (Posta Bazar),Onion,Nasik,FAQ,3000,3250,3150,29-Jan-25
5317,Kolkata,Bara Bazar (Posta Bazar),Onion,Nasik,FAQ,3100,3400,3250,28-Jan-25
5318,Barabanki,Barabanki,Onion,Red,Non-FAQ,2030,2130,2080,01-Feb-25
5319,Banka,Barahat,Onion,Medium,FAQ,3500,4000,3800,11-Jan-25
5320,Pune,Baramati,Onion,Red,Local,800,2500,2000,01-Feb-25
5321,Baran,Baran,Onion,Other,FAQ,500,1000,700,05-Jan-25
5322,Baran,Baran,Onion,Other,Non-FAQ,500,800,700,29-Jan-25
5323,Ambala,Barara,Onion,Other,FAQ,2500,2800,2800,06-Jan-25
5324,North 24 Parganas,Barasat,Onion,Other,FAQ,2800,2800,2800,17-Jan-25
5325,Cuddalore,Panruti(Uzhavar Sandhai ),Onion,Bellary,Local,3500,5000,5000,17-Jan-25
5326,Cuddalore,Panruti(Uzhavar Sandhai ),Onion,Bellary,Local,4000,5000,5000,06-Jan-25
5327,Cuddalore,Panruti(Uzhavar Sandhai ),Onion,Bellary,Local,4000,5000,5000,23-Jan-25
5328,Cuddalore,Panruti(Uzhavar Sandhai ),Onion,Bellary,Local,4000,5000,5000,30-Jan-25
5329,Sirmore,Paonta Sahib,Onion,Other,FAQ,2500,2700,2600,16-Jan-25
5330,Sirmore,Paonta Sahib,Onion,Other,FAQ,2500,3000,2800,07-Jan-25
5331,Thanjavur,Papanasam(Uzhavar Sandhai ),Onion,Bellary,Local,3600,4800,4800,05-Jan-25
5332,Thanjavur,Papanasam(Uzhavar Sandhai ),Onion,Bellary,Local,3600,4800,4800,24-Jan-25
5333,Thanjavur,Papanasam(Uzhavar Sandhai ),Onion,Bellary,Local,4000,5000,5000,21-Jan-25
5334,Ramanathapuram,Paramakudi(Uzhavar Sandhai ),Onion,Bellary,Local,4500,5000,5000,04-Jan-25
5335,Ramanathapuram,Paramakudi(Uzhavar Sandhai ),Onion,Bellary,Local,4500,5000,5000,06-Jan-25
5336,Ramanathapuram,Paramakudi(Uzhavar Sandhai ),Onion,Bellary,Local,4500,5000,5000,29-Jan-25
5337,Namakkal,Paramathivelur(Uzhavar Sandhai ),Onion,Bellary,Local,4500,5000,5000,23-Jan-25
5338,Namakkal,Paramathivelur(Uzhavar Sandhai ),Onion,Bellary,Local,5500,6000,6000,21-Jan-25
5339,Malappuram,Parappanangadi,Onion,Other,FAQ,3400,3500,3500,10-Jan-25
5340,Malappuram,Parappanangadi,Onion,Other,FAQ,3500,3600,3600,28-Jan-25
5341,Malappuram,Parappanangadi,Onion,Small,FAQ,6500,6600,6600,01-Jan-25
5342,Malappuram,Parappanangadi,Onion,Small,FAQ,9500,9600,9600,20-Jan-25
5343,Maharajganj,Partaval,Onion,Red,FAQ,2150,2300,2225,21-Jan-25
5344,Maharajganj,Partaval,Onion,Red,FAQ,2180,2335,2260,15-Jan-25
5345,Thiruvellore,Paruthipattu(Uzhavar Sandhai ),Onion,Bellary,Local,4000,4000,4000,26-Jan-25
5346,Thiruvellore,Paruthipattu(Uzhavar Sandhai ),Onion,Bellary,Local,4000,4000,4000,27-Jan-25
5347,Gurgaon,Pataudi,Onion,Other,FAQ,1100,1300,1200,08-Jan-25
5348,Gurgaon,Pataudi,Onion,Other,FAQ,2200,2400,2300,06-Jan-25
5349,Gurgaon,Pataudi,Onion,Other,FAQ,2200,2500,2400,26-Jan-25
5350,Pathankot,Pathankot,Onion,Onion,FAQ,2200,2400,2400,06-Jan-25
5351,Ahmednagar,Pathardi,Onion,Red,FAQ,500,2500,1500,21-Jan-25
5352,Tarntaran,Patti,Onion,Other,FAQ,2500,3000,2800,06-Jan-25
5353,Kurnool,Pattikonda,Onion,Local,Non-FAQ,3500,4500,4000,23-Jan-25
5354,Thanjavur,Pattukottai(Uzhavar Sandhai ),Onion,Bellary,Local,4000,5000,5000,29-Jan-25
5355,Shravasti,Payagpur,Onion,Red,FAQ,2400,2600,2500,13-Jan-25
5356,Shravasti,Payagpur,Onion,Red,FAQ,2500,2700,2600,15-Jan-25
5357,Dharmapuri,Pennagaram(Uzhavar Sandhai ),Onion,Bellary,Local,4500,5000,5000,20-Jan-25
5358,Dharmapuri,Pennagaram(Uzhavar Sandhai ),Onion,Bellary,Local,5000,5800,5800,07-Jan-25
5359,Thiruvellore,Perambakkam(Uzhavar Sandhai ),Onion,Bellary,Local,4000,4000,4000,08-Jan-25
5360,Thiruvellore,Perambakkam(Uzhavar Sandhai ),Onion,Bellary,Local,5000,5000,5000,23-Jan-25
5361,Perambalur,Perambalur(Uzhavar Sandhai ),Onion,Bellary,Local,5000,5000,5000,26-Jan-25
5362,Kozhikode(Calicut),Perambra,Onion,Other,FAQ,2800,3200,3000,16-Jan-25
5363,Kozhikode(Calicut),Perambra,Onion,Other,FAQ,3400,4000,3800,21-Jan-25
5364,Erode,Perundurai(Uzhavar Sandhai ),Onion,Bellary,Local,4400,4600,4600,11-Jan-25
5365,kapurthala,Phagwara,Onion,Other,FAQ,2025,2500,2449,22-Jan-25
5366,kapurthala,Phagwara,Onion,Other,FAQ,2144,2490,2269,18-Jan-25
5367,kapurthala,Phagwara,Onion,Other,FAQ,2200,3301,3301,03-Jan-25
5368,kapurthala,Phagwara,Onion,Other,FAQ,2440,3065,2604,08-Jan-25
5369,Jalandhar,Phillaur(Apra Mandi),Onion,Other,FAQ,2500,2500,2500,03-Jan-25
5370,Jalandhar,Phillaur(Apra Mandi),Onion,Other,FAQ,2500,2500,2500,15-Jan-25
5371,Jalandhar,Phillaur(Apra Mandi),Onion,Other,FAQ,2500,2500,2500,29-Jan-25
5372,Pillibhit,Pilibhit,Onion,Red,FAQ,2200,2300,2250,06-Jan-25
5373,Pillibhit,Pilibhit,Onion,Red,FAQ,2200,2300,2250,12-Jan-25
5374,Satara,Karad,Onion,Other,FAQ,2000,2500,2500,20-Jan-25
5375,Satara,Karad,Onion,Other,FAQ,2000,3000,3000,05-Jan-25
5376,Sivaganga,Karaikudi(Uzhavar Sandhai ),Onion,Bellary,Local,5200,5500,5500,26-Jan-25
5377,Sivaganga,Karaikudi(Uzhavar Sandhai ),Onion,Bellary,Local,5200,5500,5500,29-Jan-25
5378,Nadia,Karimpur,Onion,Nasik,FAQ,2400,2600,2500,12-Jan-25
5379,Nadia,Karimpur,Onion,Nasik,FAQ,2450,2550,2500,11-Jan-25
5380,Nadia,Karimpur,Onion,Nasik,Non-FAQ,2600,2800,2700,27-Jan-25
5381,Nadia,Karimpur,Onion,Nasik,Non-FAQ,2700,2900,2800,24-Jan-25
5382,Virudhunagar,Kariyapatti(Uzhavar Sandhai ),Onion,Bellary,Local,4000,4500,4500,05-Jan-25
5383,Ahmednagar,Karjat,Onion,Local,FAQ,1000,3200,2100,24-Jan-25
5384,Darjeeling,Karsiyang(Matigara),Onion,Other,FAQ,3200,3500,3300,23-Jan-25
5385,Karur,Karur(Uzhavar Sandhai ),Onion,Bellary,Local,4500,5000,5000,16-Jan-25
5386,Karur,Karur(Uzhavar Sandhai ),Onion,Bellary,Local,4500,5000,5000,21-Jan-25
5387,Chitrakut,Karvi,Onion,Red,FAQ,2235,2445,2330,03-Jan-25
5388,Chitrakut,Karvi,Onion,Red,FAQ,2325,2345,2335,21-Jan-25
5389,Chitrakut,Karvi,Onion,Red,FAQ,2345,2445,2390,11-Jan-25
5390,Kasganj,Kasganj,Onion,Red,FAQ,2100,2500,2290,30-Jan-25
5391,Kasganj,Kasganj,Onion,Red,FAQ,2200,2610,2390,15-Jan-25
5392,UdhamSinghNagar,Kashipur,Onion,Other,FAQ,1500,1600,1550,03-Jan-25
5393,UdhamSinghNagar,Kashipur,Onion,Other,FAQ,1600,1800,1700,10-Jan-25
5394,Kathua,Kathua,Onion,Other,FAQ,2500,2800,2650,29-Jan-25
5395,Vellore,Katpadi (Uzhavar Sandhai ),Onion,Bellary,Local,4000,4400,4400,31-Jan-25
5396,Idukki,Kattappana,Onion,Big,FAQ,3300,3500,3500,03-Jan-25
5397,Idukki,Kattappana,Onion,Big,FAQ,3400,4300,4000,26-Jan-25
5398,Idukki,Kattappana,Onion,Big,FAQ,4000,4500,4000,28-Jan-25
5399,Idukki,Kattappana,Onion,Small,FAQ,9000,10000,10000,09-Jan-25
5400,Purba Bardhaman,Katwa,Onion,Other,FAQ,2400,2600,2500,13-Jan-25
5401,Purba Bardhaman,Katwa,Onion,Other,FAQ,2400,2600,2500,18-Jan-25
5402,Krishnagiri,Kaveripattinam(Uzhavar Sandhai ),Onion,Bellary,Local,3000,4000,4000,26-Jan-25
5403,Farukhabad,Kayamganj,Onion,Red,FAQ,2050,2150,2100,24-Jan-25
5404,Farukhabad,Kayamganj,Onion,Red,FAQ,2300,2400,2350,16-Jan-25
5405,Alappuzha,Kayamkulam,Onion,Big,FAQ,2900,3100,3000,13-Jan-25
5406,Alappuzha,Kayamkulam,Onion,Small,FAQ,7100,7300,7200,11-Jan-25
5407,Alappuzha,Kayamkulam,Onion,Small,FAQ,8600,8800,8700,16-Jan-25
5408,Keonjhar,Keonjhar,Onion,Other,FAQ,3500,4000,4000,13-Jan-25
5409,Delhi,Keshopur,Onion,Onion,FAQ,2000,3000,2600,05-Jan-25
5410,Fatehpur,Khaga,Onion,Red,FAQ,1950,2080,2030,12-Jan-25
5411,Aligarh,Khair,Onion,Red,FAQ,2500,3200,2800,06-Jan-25
5412,Khairthal Tijara,Khairthal,Onion,Other,FAQ,700,1800,1400,17-Jan-25
5413,Fatehgarh,Khamano,Onion,Onion,FAQ,3000,3000,3000,01-Feb-25
5414,Anand,Khambhat(Veg Yard Khambhat),Onion,Other,FAQ,1500,2200,2000,29-Jan-25
5415,Anand,Khambhat(Veg Yard Khambhat),Onion,Other,FAQ,1500,2900,2200,22-Jan-25
5416,Anand,Khambhat(Veg Yard Khambhat),Onion,Other,FAQ,2200,3000,2600,16-Jan-25
5417,Anand,Khambhat(Veg Yard Khambhat),Onion,Other,FAQ,2500,2800,2650,03-Jan-25
5418,Anand,Khambhat(Veg Yard Khambhat),Onion,Other,FAQ,2500,3200,2850,06-Jan-25
5419,Khandwa,Khandwa,Onion,Local,FAQ,600,1200,600,27-Jan-25
5420,Ludhiana,Khanna,Onion,Other,FAQ,1000,2500,1500,28-Jan-25
5421,Mohali,Kharar,Onion,Other,FAQ,2500,2800,2700,22-Jan-25
5422,Mohali,Kharar,Onion,Other,FAQ,2500,3000,2700,01-Feb-25
5423,Mohali,Kharar,Onion,Other,FAQ,3000,3500,3200,04-Jan-25
5424,Nuapada,Khariar,Onion,Dry F.A.Q.,FAQ,3000,3500,3000,16-Jan-25
5425,Nuapada,Khariar Road,Onion,Other,FAQ,3000,3100,3000,08-Jan-25
5426,North 24 Parganas,Barasat,Onion,Other,FAQ,3000,3000,3000,28-Jan-25
5427,Bareilly,Bareilly,Onion,Red,FAQ,2150,2225,2200,26-Jan-25
5428,Bareilly,Bareilly,Onion,Red,FAQ,2200,2250,2225,24-Jan-25
5429,Bareilly,Bareilly,Onion,Red,FAQ,2250,2325,2300,17-Jan-25
5430,Bargarh,Bargarh,Onion,Other,FAQ,2500,2700,2600,16-Jan-25
5431,Bargarh,Bargarh,Onion,Other,FAQ,2600,2800,2700,18-Jan-25
5432,Bargarh,Bargarh,Onion,Other,FAQ,3700,3900,3800,10-Jan-25
5433,Bargarh,Bargarh(Barapalli),Onion,Other,FAQ,2200,2400,2300,01-Feb-25
5434,Muktsar,Bariwala,Onion,Nasik,Non-FAQ,2000,2000,2000,21-Jan-25
5435,Muktsar,Bariwala,Onion,Nasik,Non-FAQ,2000,2200,2200,19-Jan-25
5436,Barnala,Barnala,Onion,Other,FAQ,1600,2300,1950,01-Jan-25
5437,South District,Barpathari,Onion,Red,FAQ,3400,3600,3500,03-Jan-25
5438,South District,Barpathari,Onion,Red,FAQ,3400,3600,3500,27-Jan-25
5439,South District,Barpathari,Onion,Red,FAQ,3400,3600,3500,31-Jan-25
5440,Sounth 24 Parganas,Baruipur(Canning),Onion,Other,FAQ,2900,3000,2950,29-Jan-25
5441,Panchkula,Barwala,Onion,Onion,FAQ,2000,3000,2500,11-Jan-25
5442,Panchkula,Barwala,Onion,Onion,FAQ,2500,2500,2500,25-Jan-25
5443,Hissar,Barwala(Hisar),Onion,Other,FAQ,1800,2000,1900,21-Jan-25
5444,Jaipur Rural,Bassi,Onion,Other,FAQ,3600,4000,3800,03-Jan-25
5445,Jaipur Rural,Bassi,Onion,Other,FAQ,3800,4200,4000,08-Jan-25
5446,Jaipur Rural,Bassi,Onion,Other,FAQ,3800,4200,4000,13-Jan-25
5447,Jaipur Rural,Bassi,Onion,Other,Non-FAQ,3400,3800,3600,27-Jan-25
5448,Fatehgarh,Bassi Pathana,Onion,Other,FAQ,2000,3000,2500,23-Jan-25
5449,Fatehgarh,Bassi Pathana,Onion,Other,FAQ,2200,3000,2500,24-Jan-25
5450,Basti,Basti,Onion,Red,FAQ,2300,2400,2350,10-Jan-25
5451,Bhatinda,Bathinda,Onion,Other,FAQ,2000,2500,2000,15-Jan-25
5452,Jammu,Batote,Onion,Other,FAQ,2800,3200,3000,27-Jan-25
5453,Jammu,Batote,Onion,Other,FAQ,3000,3500,3250,09-Jan-25
5454,Jammu,Batote,Onion,Other,FAQ,3000,3500,3250,10-Jan-25
5455,Jammu,Batote,Onion,Other,FAQ,3000,3500,3250,16-Jan-25
5456,Jalpaiguri,Belacoba,Onion,Nasik,FAQ,2700,2900,2800,20-Jan-25
5457,Jalpaiguri,Belacoba,Onion,Nasik,FAQ,2800,2900,2900,25-Jan-25
5458,Jalpaiguri,Belacoba,Onion,Nasik,FAQ,2800,3000,2900,23-Jan-25
5459,Jalpaiguri,Belacoba,Onion,Nasik,FAQ,2850,2900,2900,17-Jan-25
5460,Hanumangarh,Bhadara,Onion,1st Sort,FAQ,2200,2500,2320,25-Jan-25
5461,Hanumangarh,Bhadara,Onion,1st Sort,FAQ,2200,3000,2550,11-Jan-25
5462,Bhatinda,Bhagta Bhai Ka,Onion,Other,FAQ,2500,2500,2500,21-Jan-25
5463,Bhatinda,Bhagta Bhai Ka,Onion,Other,FAQ,2600,2600,2600,27-Jan-25
5464,Bhatinda,Bhagta Bhai Ka,Onion,Other,FAQ,3200,3200,3200,14-Jan-25
5465,Bhatinda,Bhagta Bhai Ka,Onion,Other,FAQ,3400,3400,3400,08-Jan-25
5466,Etawah,Bharthna,Onion,Red,FAQ,2320,2520,2420,13-Jan-25
5467,Hamirpur,Bharuasumerpur,Onion,Red,FAQ,2300,2400,2350,09-Jan-25
5468,Sangrur,Bhawanigarh,Onion,Other,FAQ,1500,1900,1700,04-Jan-25
5469,Sangrur,Bhawanigarh,Onion,Other,FAQ,1500,2000,1750,01-Jan-25
5470,Bhilwara,Bhilwara,Onion,Other,FAQ,1600,2800,2200,05-Jan-25
5471,Bhilwara,Bhilwara,Onion,Other,FAQ,1600,2800,2200,15-Jan-25
5472,Bhilwara,Bhilwara,Onion,Other,FAQ,1600,2800,2200,22-Jan-25
5473,Bhopal,Bhopal,Onion,Onion,FAQ,1460,2100,1700,01-Feb-25
5474,Kachchh,Bhuj,Onion,Small,FAQ,1700,2500,2100,20-Jan-25
5475,Kullu,Bhuntar,Onion,Other,FAQ,3000,3200,3100,24-Jan-25
5476,Kullu,Bhuntar,Onion,Other,FAQ,3000,3400,3200,02-Jan-25
5477,Jalgaon,Bhusaval,Onion,Red,FAQ,2200,2800,2500,26-Jan-25
5478,Bijnor,Bijnaur,Onion,Red,FAQ,2100,2170,2130,25-Jan-25
5479,Sepahijala,Bishalgarh,Onion,Nasik,FAQ,4300,4500,4400,20-Jan-25
5480,Sepahijala,Bishalgarh,Onion,Nasik,FAQ,4800,5000,4900,04-Jan-25
5481,Bankura,Bishnupur(Bankura),Onion,Nasik,FAQ,2000,3000,2800,05-Jan-25
5482,Sepahijala,Bishramganj,Onion,Nasik,FAQ,4300,4500,4400,20-Jan-25
5483,Sepahijala,Bishramganj,Onion,Nasik,FAQ,4500,5000,4800,04-Jan-25
5484,Theni,Bodinayakanur(Uzhavar Sandhai ),Onion,Bellary,Local,4200,4700,4700,26-Jan-25
5485,Birbhum,Bolpur,Onion,Onion,FAQ,2600,2800,2700,25-Jan-25
5486,Sundergarh,Bonai,Onion,Onion,FAQ,3000,3000,3000,15-Jan-25
5487,Boudh,Boudh,Onion,Other,FAQ,4000,6000,5000,03-Jan-25
5488,Hyderabad,Bowenpally,Onion,1st Sort,FAQ,1000,3500,3000,07-Jan-25
5489,Mansa,Budalada,Onion,Other,FAQ,2200,2800,2400,23-Jan-25
5490,Mansa,Budalada,Onion,Other,FAQ,2300,2900,2500,26-Jan-25
5491,Bulandshahar,Buland Shahr,Onion,Red,FAQ,2000,2200,2110,01-Feb-25
5492,Bulandshahar,Buland Shahr,Onion,Red,FAQ,2500,2700,2600,02-Jan-25
5493,Purba Bardhaman,Burdwan,Onion,Nasik,FAQ,2500,2800,2700,06-Jan-25
5494,Purba Bardhaman,Burdwan,Onion,Nasik,FAQ,3000,3300,3200,10-Jan-25
5495,Bhiwani,Ch. Dadri,Onion,Other,FAQ,1500,2500,2000,22-Jan-25
5496,Bhiwani,Ch. Dadri,Onion,Other,FAQ,1800,3000,2400,05-Jan-25
5497,Bijnor,Chaandpur,Onion,Red,FAQ,1600,1800,1700,06-Jan-25
5498,Bijnor,Chaandpur,Onion,Red,FAQ,1600,1800,1700,15-Jan-25
5499,Nadia,Chakdah,Onion,Other,FAQ,2800,3000,2900,20-Jan-25
5500,Nadia,Chakdah,Onion,Other,FAQ,3000,3150,3100,04-Jan-25
5501,Nadia,Chakdah,Onion,Other,FAQ,3100,3250,3200,30-Jan-25
5502,Nadia,Chakdah,Onion,Other,FAQ,3400,3550,3500,07-Jan-25
5503,Thiruvananthapuram,Chala,Onion,Big,FAQ,3800,4200,3800,13-Jan-25
5504,Thiruvananthapuram,Chala,Onion,Onion,FAQ,6600,6800,6600,01-Feb-25
5505,Thiruvananthapuram,Chala,Onion,Onion,FAQ,9200,9500,9200,23-Jan-25
5506,Thiruvananthapuram,Chala,Onion,Onion,FAQ,9200,9800,9200,18-Jan-25
5507,Chamba,Chamba,Onion,Other,FAQ,2500,3000,2750,16-Jan-25
5508,Ropar (Rupnagar),Chamkaur Sahib,Onion,Other,FAQ,2900,3000,2950,16-Jan-25
5509,Ropar (Rupnagar),Chamkaur Sahib,Onion,Other,FAQ,3900,4000,3950,20-Jan-25
5510,Hooghly,Champadanga,Onion,Nasik,FAQ,2500,2700,2600,17-Jan-25
5511,West District,Champaknagar,Onion,Nasik,FAQ,4000,4500,4300,31-Jan-25
5512,Bhadrak,Chandabali,Onion,Other,FAQ,3570,4000,3780,08-Jan-25
5513,Sambhal,Chandausi,Onion,Red,FAQ,2000,2100,2060,31-Jan-25
5514,Sambhal,Chandausi,Onion,Red,FAQ,2150,2200,2185,22-Jan-25
5515,Sambhal,Chandausi,Onion,Red,FAQ,2250,2300,2285,15-Jan-25
5516,Chandigarh,Chandigarh(Grain/Fruit),Onion,Other,FAQ,1000,2600,2000,24-Jan-25
5517,Chandauli,Chandoli,Onion,Red,FAQ,2380,2480,2430,11-Jan-25
5518,Chandauli,Chandoli,Onion,Red,FAQ,2390,2490,2440,13-Jan-25
5519,Chandrapur,Chandrapur(Ganjwad),Onion,Other,FAQ,2000,3000,2500,10-Jan-25
5520,Nashik,Chandvad,Onion,Red,FAQ,1000,2691,2250,20-Jan-25
5521,Nashik,Chandvad,Onion,Red,Local,1030,2671,2000,28-Jan-25
5522,Aligarh,Charra,Onion,Red,FAQ,2200,2400,2300,07-Jan-25
5523,Kollam,Chathanoor,Onion,Other,FAQ,4300,4700,4500,03-Jan-25
5524,Chattrapati Sambhajinagar,Chattrapati Sambhajinagar,Onion,Other,FAQ,600,2000,1300,12-Jan-25
5525,Thirssur,Chavakkad,Onion,Other,FAQ,4000,5000,5000,10-Jan-25
5526,Thirssur,Chelakkara,Onion,Other,FAQ,4800,5000,4900,14-Jan-25
5527,Thirssur,Chelakkara,Onion,Other,FAQ,4800,5000,4900,27-Jan-25
5528,Chengalpattu,Chengalpet(Uzhavar Sandhai ),Onion,Bellary,Local,3500,4200,4200,01-Feb-25
5529,Chengalpattu,Chengalpet(Uzhavar Sandhai ),Onion,Bellary,Local,3800,4500,4500,25-Jan-25
5530,Thiruvannamalai,Chengam(Uzhavar Sandhai ),Onion,Bellary,Local,3300,4000,4000,21-Jan-25
5531,Gorakhpur,Gorakhpur,Onion,Red,FAQ,2100,2325,2200,29-Jan-25
5532,Gorakhpur,Gorakhpur,Onion,Red,FAQ,2175,2275,2225,17-Jan-25
5533,Hyderabad,Gudimalkapur,Onion,1st Sort,FAQ,700,4000,2400,18-Jan-25
5534,Hyderabad,Gudimalkapur,Onion,1st Sort,FAQ,800,3700,2000,22-Jan-25
5535,Hyderabad,Gudimalkapur,Onion,1st Sort,FAQ,900,3500,2200,30-Jan-25
5536,Vellore,Gudiyatham(Uzhavar Sandhai ),Onion,Bellary,Local,4000,4000,4000,01-Feb-25
5537,Vellore,Gudiyatham(Uzhavar Sandhai ),Onion,Bellary,Local,4000,4000,4000,30-Jan-25
5538,Vellore,Gudiyatham(Uzhavar Sandhai ),Onion,Bellary,Local,4200,4200,4200,11-Jan-25
5539,Vellore,Gudiyatham(Uzhavar Sandhai ),Onion,Bellary,Local,5000,5000,5000,06-Jan-25
5540,Chengalpattu,Guduvancheri(Uzhavar Sandhai ),Onion,Bellary,Local,3500,4000,4000,17-Jan-25
5541,Chengalpattu,Guduvancheri(Uzhavar Sandhai ),Onion,Bellary,Local,3500,4000,4000,22-Jan-25
5542,Chengalpattu,Guduvancheri(Uzhavar Sandhai ),Onion,Bellary,Local,3500,4000,4000,28-Jan-25
5543,Bulandshahar,Gulavati,Onion,Red,FAQ,2900,3100,3000,08-Jan-25
5544,Bulandshahar,Gulavati,Onion,Red,FAQ,3000,3200,3100,05-Jan-25
5545,Gurdaspur,Gurdaspur,Onion,Other,FAQ,2200,2400,2300,14-Jan-25
5546,Gurdaspur,Gurdaspur,Onion,Other,FAQ,2200,2400,2300,15-Jan-25
5547,Gurdaspur,Gurdaspur,Onion,Other,FAQ,2200,2400,2300,22-Jan-25
5548,Gurdaspur,Gurdaspur,Onion,Other,FAQ,2200,2600,2400,09-Jan-25
5549,Gurgaon,Gurgaon,Onion,Other,FAQ,2000,3000,2500,14-Jan-25
5550,Gurgaon,Gurgaon,Onion,Other,FAQ,2000,3000,2500,22-Jan-25
5551,Jhansi,Gurusarai,Onion,Red,FAQ,2015,2100,2060,20-Jan-25
5552,Hathras,Haathras,Onion,Red,FAQ,2180,2380,2280,22-Jan-25
5553,Hathras,Haathras,Onion,Red,FAQ,2200,2400,2300,23-Jan-25
5554,North 24 Parganas,Habra,Onion,Other,FAQ,2500,3000,2800,19-Jan-25
5555,North 24 Parganas,Habra,Onion,Other,FAQ,2600,2800,2800,10-Jan-25
5556,North 24 Parganas,Habra,Onion,Other,FAQ,3000,3200,3200,01-Feb-25
5557,Nanital,Haldwani,Onion,Other,FAQ,1800,2400,2200,27-Jan-25
5558,Nanital,Haldwani,Onion,Other,FAQ,2000,2600,2400,22-Jan-25
5559,Hamirpur,Hamirpur(Nadaun),Onion,Other,FAQ,2600,2800,2700,14-Jan-25
5560,Hamirpur,Hamirpur(Nadaun),Onion,Other,FAQ,2600,2800,2700,16-Jan-25
5561,Hissar,Hansi,Onion,Other,FAQ,1500,3000,2000,16-Jan-25
5562,Hissar,Hansi,Onion,Other,FAQ,1500,3000,2000,17-Jan-25
5563,Hanumangarh,Hanumangarh(Urlivas),Onion,1st Sort,FAQ,2500,2500,2500,11-Jan-25
5564,Ghaziabad,Hapur,Onion,Red,FAQ,2100,2200,2180,27-Jan-25
5565,Ghaziabad,Hapur,Onion,Red,FAQ,2400,2560,2455,12-Jan-25
5566,Hardoi,Hardoi,Onion,Pusa-Red,FAQ,2500,2600,2555,08-Jan-25
5567,Sitapur,Hargaon (Laharpur),Onion,Nasik,FAQ,2500,2700,2600,02-Jan-25
5568,Sitapur,Hargaon (Laharpur),Onion,Nasik,FAQ,3100,3300,3200,15-Jan-25
5569,Dharmapuri,Harur(Uzhavar Sandhai ),Onion,Bellary,Local,4300,4500,4500,01-Feb-25
5570,Dharmapuri,Harur(Uzhavar Sandhai ),Onion,Bellary,Local,4300,4500,4500,12-Jan-25
5571,Dharmapuri,Harur(Uzhavar Sandhai ),Onion,Bellary,Local,4300,4500,4500,28-Jan-25
5572,Amroha,Hasanpur,Onion,Nasik,FAQ,1810,1950,1860,13-Jan-25
5573,Dhenkanal,Hindol,Onion,Other,FAQ,3500,4000,3800,13-Jan-25
5574,Dhenkanal,Hindol,Onion,Other,Non-FAQ,3000,3500,3200,19-Jan-25
5575,Nagpur,Hingna,Onion,Red,FAQ,2200,3000,2733,24-Jan-25
5576,Nagpur,Hingna,Onion,Red,FAQ,2700,3000,2850,18-Jan-25
5577,Ganjam,Hinjilicut,Onion,Other,FAQ,2600,4000,3000,21-Jan-25
5578,Ganjam,Hinjilicut,Onion,Other,FAQ,3500,5000,4000,08-Jan-25
5579,Palwal,Hodal,Onion,Onion,FAQ,2500,2700,2600,01-Jan-25
5580,Hoshangabad,Hoshangabad(F&V),Onion,Onion,FAQ,1510,2600,1880,28-Jan-25
5581,Hoshiarpur,Hoshiarpur,Onion,Other,FAQ,1800,2300,2000,22-Jan-25
5582,Alappuzha,Kayamkulam,Onion,Small,FAQ,10400,10600,10500,22-Jan-25
5583,Thiruvannamalai,Keelpennathur(Uzhavar Sandhai ),Onion,Bellary,Local,2500,3000,3000,30-Jan-25
5584,Thiruvannamalai,Keelpennathur(Uzhavar Sandhai ),Onion,Bellary,Local,3500,4000,4000,21-Jan-25
5585,Thiruvannamalai,Keelpennathur(Uzhavar Sandhai ),Onion,Bellary,Local,3500,4500,4500,03-Jan-25
5586,Delhi,Keshopur,Onion,Onion,FAQ,2000,2500,2200,11-Jan-25
5587,Delhi,Keshopur,Onion,Onion,FAQ,2000,3000,2500,06-Jan-25
5588,Kalahandi,Kesinga,Onion,Other,FAQ,6500,7000,6700,08-Jan-25
5589,Fatehpur,Khaga,Onion,Red,FAQ,1220,1360,1300,19-Jan-25
5590,Fatehpur,Khaga,Onion,Red,FAQ,1375,1500,1450,21-Jan-25
5591,Fatehpur,Khaga,Onion,Red,FAQ,1970,2100,2050,11-Jan-25
5592,Fatehpur,Khaga,Onion,Red,FAQ,2075,2190,2130,06-Jan-25
5593,Aligarh,Khair,Onion,Red,FAQ,1800,2500,2000,12-Jan-25
5594,Aligarh,Khair,Onion,Red,FAQ,2200,2600,2400,09-Jan-25
5595,Fatehgarh,Khamano,Onion,Onion,FAQ,3000,3000,3000,29-Jan-25
5596,Anand,Khambhat(Veg Yard Khambhat),Onion,Other,FAQ,2200,3000,2600,02-Jan-25
5597,Anand,Khambhat(Veg Yard Khambhat),Onion,Other,FAQ,2200,3000,2600,20-Jan-25
5598,Shamli,Khandhla,Onion,Red,Non-FAQ,2500,2600,2550,28-Jan-25
5599,Shamli,Khandhla,Onion,Red,Non-FAQ,2700,2800,2750,21-Jan-25
5600,Shamli,Khandhla,Onion,Red,Non-FAQ,2700,2800,2750,22-Jan-25
5601,Khandwa,Khandwa,Onion,Local,FAQ,800,1600,1200,11-Jan-25
5602,Ludhiana,Khanna,Onion,Other,FAQ,1200,2000,1500,08-Jan-25
5603,Mohali,Kharar,Onion,Other,FAQ,2500,3000,2700,28-Jan-25
5604,Nuapada,Khariar,Onion,Dry F.A.Q.,FAQ,3000,3100,3000,04-Jan-25
5605,Nuapada,Khariar,Onion,Dry F.A.Q.,Non-FAQ,3500,4000,4000,20-Jan-25
5606,UdhamSinghNagar,Khateema,Onion,Other,FAQ,2300,2500,2400,04-Jan-25
5607,Pune,Khed(Chakan),Onion,Other,FAQ,1500,3000,2500,08-Jan-25
5608,Pune,Khed(Chakan),Onion,Other,FAQ,2000,3000,2500,22-Jan-25
5609,Pune,Khed(Chakan),Onion,Other,Local,2000,3100,2500,25-Jan-25
5610,Boudh,Khunthabandha,Onion,Other,FAQ,4000,6000,5000,01-Jan-25
5611,Boudh,Khunthabandha,Onion,Other,FAQ,4000,6000,5000,09-Jan-25
5612,Boudh,Khunthabandha,Onion,Other,Non-FAQ,3000,4000,3500,31-Jan-25
5613,Bulandshahar,Khurja,Onion,Red,FAQ,2085,2285,2185,24-Jan-25
5614,Bulandshahar,Khurja,Onion,Red,FAQ,2100,2300,2205,22-Jan-25
5615,Bulandshahar,Khurja,Onion,Red,FAQ,2300,2500,2400,11-Jan-25
5616,Bulandshahar,Khurja,Onion,Red,FAQ,2375,2575,2475,06-Jan-25
5617,UdhamSinghNagar,Kicchha,Onion,Other,Non-FAQ,1600,1800,1700,23-Jan-25
5618,UdhamSinghNagar,Kicchha,Onion,Other,Non-FAQ,1600,1800,1700,24-Jan-25
5619,Palakad,Koduvayoor,Onion,Big,FAQ,3800,4200,4000,07-Jan-25
5620,Palakad,Koduvayoor,Onion,Big,FAQ,4000,4400,4200,03-Jan-25
5621,Palakad,Koduvayoor,Onion,Big,FAQ,4200,4600,4400,18-Jan-25
5622,Shivpuri,Kolaras(F&V),Onion,Onion,FAQ,1500,2000,1600,09-Jan-25
5623,Kolhapur,Kolhapur,Onion,Other,FAQ,1000,3600,2100,08-Jan-25
5624,Kolhapur,Kolhapur,Onion,Other,FAQ,1000,3600,2200,16-Jan-25
5625,Kolhapur,Kolhapur,Onion,Other,FAQ,1000,4000,2200,01-Jan-25
5626,Palakad,Kollengode,Onion,Big,FAQ,3500,3900,3700,24-Jan-25
5627,Palakad,Kollengode,Onion,Big,FAQ,4000,4400,4200,10-Jan-25
5628,Palakad,Kollengode,Onion,Small,FAQ,8000,8400,8200,24-Jan-25
5629,Malappuram,Kondotty,Onion,Other,FAQ,3000,3200,3100,22-Jan-25
5630,Malappuram,Kondotty,Onion,Other,FAQ,3400,3600,3500,21-Jan-25
5631,Mau(Maunathbhanjan),Kopaganj,Onion,Red,FAQ,1200,1600,1300,01-Feb-25
5632,Mau(Maunathbhanjan),Kopaganj,Onion,Red,FAQ,1900,2200,2100,02-Jan-25
5633,Mau(Maunathbhanjan),Kopaganj,Onion,Red,FAQ,2000,2100,2050,06-Jan-25
5634,Thiruvannamalai,Chengam(Uzhavar Sandhai ),Onion,Bellary,Local,4200,4800,4800,08-Jan-25
5635,Alappuzha,Chengannur,Onion,Onion,FAQ,3700,4000,3800,09-Jan-25
5636,Alappuzha,Cherthala,Onion,Big,FAQ,4500,4700,4600,21-Jan-25
5637,Alappuzha,Cherthala,Onion,Big,FAQ,4600,4700,4700,16-Jan-25
5638,Alappuzha,Cherthala,Onion,Big,FAQ,4600,4800,4700,30-Jan-25
5639,Thiruvannamalai,Cheyyar(Uzhavar Sandhai ),Onion,Bellary,Local,3000,4000,4000,01-Jan-25
5640,Thiruvannamalai,Cheyyar(Uzhavar Sandhai ),Onion,Bellary,Local,4000,4800,4800,26-Jan-25
5641,Thiruvannamalai,Cheyyar(Uzhavar Sandhai ),Onion,Bellary,Local,4000,5000,5000,02-Jan-25
5642,Thiruvannamalai,Cheyyar(Uzhavar Sandhai ),Onion,Bellary,Local,4000,5000,5000,05-Jan-25
5643,Yamuna Nagar,Chhachrauli,Onion,Other,FAQ,1800,3000,1800,22-Jan-25
5644,Kannuj,Chhibramau,Onion,Red,FAQ,2000,2100,2050,27-Jan-25
5645,Kolar,Chickkaballapura,Onion,Beelary-Red,FAQ,3000,3500,3300,24-Jan-25
5646,Cuddalore,Chidambaram(Uzhavar Sandhai ),Onion,Bellary,Local,4000,5000,5000,24-Jan-25
5647,Chikmagalur,Chikkamagalore,Onion,Other,FAQ,3031,3031,3031,23-Jan-25
5648,Dindigul,Chinnalapatti(Uzhavar Sandhai ),Onion,Bellary,Local,4000,4800,4800,22-Jan-25
5649,Dindigul,Chinnalapatti(Uzhavar Sandhai ),Onion,Bellary,Local,4000,5000,5000,27-Jan-25
5650,Theni,Chinnamanur(Uzhavar Sandhai ),Onion,Bellary,Local,4400,4500,4500,13-Jan-25
5651,Jhansi,Chirgaon,Onion,Red,FAQ,2000,2120,2050,29-Jan-25
5652,Jhansi,Chirgaon,Onion,Red,FAQ,2100,2160,2120,27-Jan-25
5653,Ballia,Chitwadagaon,Onion,Red,Non-FAQ,2070,2165,2130,30-Jan-25
5654,Madurai,Chokkikulam(Uzhavar Sandhai ),Onion,Bellary,Local,4500,5000,5000,01-Feb-25
5655,Madurai,Chokkikulam(Uzhavar Sandhai ),Onion,Bellary,Local,4500,5200,5200,19-Jan-25
5656,Jaipur Rural,Chomu (F&V),Onion,Other,FAQ,1600,2400,2000,12-Jan-25
5657,Jaipur Rural,Chomu (F&V),Onion,Other,Non-FAQ,1600,2200,1900,01-Feb-25
5658,Jaipur Rural,Chomu (F&V),Onion,Other,Non-FAQ,1600,2400,2000,18-Jan-25
5659,Gorakhpur,Chorichora,Onion,Red,Non-FAQ,2500,2800,2600,22-Jan-25
5660,Gorakhpur,Chorichora,Onion,Red,Non-FAQ,2800,3200,3000,23-Jan-25
5661,Kanpur,Choubepur,Onion,Red,FAQ,2100,2200,2175,01-Feb-25
5662,Mayurbhanja,Chuliaposi,Onion,1st Sort,FAQ,3500,3600,3500,10-Jan-25
5663,Churu,Churu,Onion,1st Sort,Non-FAQ,1600,1800,1700,28-Jan-25
5664,Coochbehar,Coochbehar,Onion,Other,FAQ,2800,2900,2850,30-Jan-25
5665,The Nilgiris,Coonoor(Uzhavar Sandhai ),Onion,Bellary,Local,4500,4800,4800,04-Jan-25
5666,The Nilgiris,Coonoor(Uzhavar Sandhai ),Onion,Bellary,Local,4500,5000,5000,14-Jan-25
5667,Cuddalore,Cuddalore(Uzhavar Sandhai ),Onion,Bellary,Local,4000,4000,4000,08-Jan-25
5668,Cuddalore,Cuddalore(Uzhavar Sandhai ),Onion,Bellary,Local,4000,4000,4000,22-Jan-25
5669,Cuddalore,Cuddalore(Uzhavar Sandhai ),Onion,Bellary,Local,4000,6000,6000,15-Jan-25
5670,Dahod,Dahod(Veg. Market),Onion,Onion,FAQ,800,2700,2000,25-Jan-25
5671,Dahod,Dahod(Veg. Market),Onion,Onion,FAQ,1000,2500,2000,24-Jan-25
5672,Patna,Danapur,Onion,Medium,FAQ,3400,3800,3600,09-Jan-25
5673,Banaskanth,Deesa(Deesa Veg Yard),Onion,Other,FAQ,800,1450,1125,23-Jan-25
5674,Banaskanth,Deesa(Deesa Veg Yard),Onion,Other,FAQ,2000,2600,2300,07-Jan-25
5675,Dehradoon,Dehradoon,Onion,Nasik,Non-FAQ,1800,2500,2200,27-Jan-25
5676,Mohali,Dera Bassi,Onion,Other,FAQ,1800,2000,2000,28-Jan-25
5677,Mohali,Dera Bassi,Onion,Other,FAQ,2400,2500,2500,15-Jan-25
5678,Mohali,Dera Bassi,Onion,Other,FAQ,2500,2600,2600,06-Jan-25
5679,Sivaganga,Devakottai (Uzhavar Sandhai ),Onion,Bellary,Local,4800,5400,5400,25-Jan-25
5680,Sivaganga,Devakottai (Uzhavar Sandhai ),Onion,Bellary,Local,5200,5600,5600,09-Jan-25
5681,Nashik,Devala,Onion,Red,FAQ,795,2870,2350,07-Jan-25
5682,Theni,Devaram(Uzhavar Sandhai ),Onion,Bellary,Local,4000,4400,4400,29-Jan-25
5683,Ahmednagar,Kopargaon,Onion,Red,FAQ,1000,2590,2275,23-Jan-25
5684,Ahmednagar,Kopargaon,Onion,Red,Local,700,2522,2190,27-Jan-25
5685,Mathura,Kosikalan,Onion,Red,FAQ,2150,2230,2200,08-Jan-25
5686,Mathura,Kosikalan,Onion,Red,FAQ,2300,2390,2350,02-Jan-25
5687,Kota,Kota (F&V),Onion,Other,FAQ,200,2100,1150,06-Jan-25
5688,Kota,Kota (F&V),Onion,Other,FAQ,400,2300,1350,10-Jan-25
5689,Garhwal (Pauri),Kotadwara,Onion,Other,FAQ,2200,2600,2400,30-Jan-25
5690,Ernakulam,Kothamangalam,Onion,Big,FAQ,3000,4000,3500,22-Jan-25
5691,Ernakulam,Kothamangalam,Onion,Big,FAQ,3000,4000,3500,27-Jan-25
5692,Ernakulam,Kothamangalam,Onion,Big,FAQ,3000,4000,3500,30-Jan-25
5693,Ernakulam,Kothamangalam,Onion,Big,FAQ,4000,5000,4500,13-Jan-25
5694,Kotputli- Behror,Kotputli,Onion,Onion,FAQ,2100,2300,2200,01-Feb-25
5695,Malappuram,Kottakkal,Onion,Other,FAQ,3200,3400,3300,14-Jan-25
5696,Malappuram,Kottakkal,Onion,Other,FAQ,4100,4300,4200,06-Jan-25
5697,Malappuram,Kottakkal,Onion,Other,FAQ,4200,4400,4300,04-Jan-25
5698,Kottayam,Kottayam,Onion,Big,FAQ,4400,4800,4600,08-Jan-25
5699,Kottayam,Kottayam,Onion,Onion,FAQ,8600,9000,8800,08-Jan-25
5700,Kottayam,Kottayam,Onion,Onion,FAQ,10500,10900,10700,24-Jan-25
5701,Tuticorin,Kovilpatti(Uzhavar Sandhai ),Onion,Bellary,Local,4000,4500,4500,12-Jan-25
5702,Krishnagiri,Krishnagiri(Uzhavar Sandhai ),Onion,Bellary,Local,4000,4500,4500,05-Jan-25
5703,Ranga Reddy,Kukatpally(Rythu Bazar),Onion,1st Sort,FAQ,3900,3900,3900,02-Jan-25
5704,Namakkal,Kumarapalayam(Uzhavar Sandhai ),Onion,Bellary,Local,4000,5000,5000,17-Jan-25
5705,Namakkal,Kumarapalayam(Uzhavar Sandhai ),Onion,Bellary,Local,4000,5000,5000,27-Jan-25
5706,Namakkal,Kumarapalayam(Uzhavar Sandhai ),Onion,Bellary,Local,4500,5000,5000,23-Jan-25
5707,Thanjavur,Kumbakonam (Uzhavar Sandhai ),Onion,Bellary,Local,3600,4800,4800,06-Jan-25
5708,Thanjavur,Kumbakonam (Uzhavar Sandhai ),Onion,Bellary,Local,3600,4800,4800,17-Jan-25
5709,Thanjavur,Kumbakonam (Uzhavar Sandhai ),Onion,Bellary,Local,3600,4800,4800,18-Jan-25
5710,Thanjavur,Kumbakonam (Uzhavar Sandhai ),Onion,Bellary,Local,3600,4800,4800,25-Jan-25
5711,Mohali,Kurali,Onion,Other,FAQ,2600,2700,2650,15-Jan-25
5712,Mohali,Kurali,Onion,Other,FAQ,2700,2900,2800,14-Jan-25
5713,Sholapur,Kurdwadi(Modnimb),Onion,Red,Local,200,2752,1500,27-Jan-25
5714,Kurnool,Kurnool,Onion,Local,FAQ,787,2329,1510,30-Jan-25
5715,Kottayam,Kuruppanthura,Onion,Big,FAQ,4000,5000,4600,03-Jan-25
5716,Kottayam,Kuruppanthura,Onion,Big,Non-FAQ,4500,5200,5000,27-Jan-25
5717,Hyderabad,L B Nagar,Onion,1st Sort,FAQ,2000,4000,3000,11-Jan-25
5718,Lakhimpur,Lakhimpur,Onion,Red,FAQ,2300,2400,2360,20-Jan-25
5719,Haridwar,Lakshar,Onion,Other,FAQ,1650,1700,1675,24-Jan-25
5720,Raebarelli,Lalganj,Onion,Red,FAQ,2650,2750,2700,02-Jan-25
5721,Thiruchirappalli,Lalgudi(Uzhavar Sandhai ),Onion,Bellary,Local,4000,5600,5600,09-Jan-25
5722,Thiruchirappalli,Lalgudi(Uzhavar Sandhai ),Onion,Bellary,Local,5600,5600,5600,31-Jan-25
5723,Imphal East,Lamlong Bazaar,Onion,Other,FAQ,4000,5000,4500,24-Jan-25
5724,Nashik,Lasalgaon,Onion,Red,FAQ,700,2412,1951,13-Jan-25
5725,Nashik,Lasalgaon,Onion,Red,FAQ,900,2912,2400,03-Jan-25
5726,Nashik,Lasalgaon,Onion,Red,FAQ,1000,2852,2351,23-Jan-25
5727,Nashik,Lasalgaon,Onion,Red,Local,1100,2602,2300,29-Jan-25
5728,Nashik,Lasalgaon(Niphad),Onion,Red,Local,1100,2650,2325,29-Jan-25
5729,Nashik,Lasalgaon(Vinchur),Onion,Red,FAQ,1000,2800,2400,03-Jan-25
5730,Gwalior,Lashkar,Onion,Onion,FAQ,2000,2000,2000,12-Jan-25
5731,Chattrapati Sambhajinagar,Lasur Station,Onion,Other,FAQ,700,2828,2150,04-Jan-25
5732,Chattrapati Sambhajinagar,Lasur Station,Onion,Other,Local,500,2476,1600,31-Jan-25
5733,UdhamSinghNagar,Kashipur,Onion,Other,FAQ,1500,1700,1600,18-Jan-25
5734,UdhamSinghNagar,Kashipur,Onion,Other,FAQ,1600,1800,1700,14-Jan-25
5735,UdhamSinghNagar,Kashipur,Onion,Other,FAQ,1600,1800,1700,22-Jan-25
5736,Vellore,Katpadi (Uzhavar Sandhai ),Onion,Bellary,Local,4600,4600,4600,16-Jan-25
5737,Idukki,Kattappana,Onion,Small,FAQ,5800,6400,6000,26-Jan-25
5738,Purba Bardhaman,Katwa,Onion,Other,FAQ,2400,2600,2500,30-Jan-25
5739,Purba Bardhaman,Katwa,Onion,Other,FAQ,2600,2800,2700,02-Jan-25
5740,Krishnagiri,Kaveripattinam(Uzhavar Sandhai ),Onion,Bellary,Local,4000,4500,4500,09-Jan-25
5741,Krishnagiri,Kaveripattinam(Uzhavar Sandhai ),Onion,Bellary,Local,4000,5000,5000,14-Jan-25
5742,Farukhabad,Kayamganj,Onion,Red,FAQ,2020,2130,2070,30-Jan-25
5743,Farukhabad,Kayamganj,Onion,Red,FAQ,2050,2150,2100,28-Jan-25
5744,Alappuzha,Kayamkulam,Onion,Small,FAQ,5400,5600,5500,28-Jan-25
5745,Alappuzha,Kayamkulam,Onion,Small,FAQ,5500,5700,5600,31-Jan-25
5746,Alappuzha,Kayamkulam,Onion,Small,FAQ,8900,9100,9000,04-Jan-25
5747,Alappuzha,Kayamkulam,Onion,Small,FAQ,9400,9600,9500,24-Jan-25
5748,Thiruvannamalai,Keelpennathur(Uzhavar Sandhai ),Onion,Bellary,Local,3500,4000,4000,02-Jan-25
5749,Thiruvannamalai,Keelpennathur(Uzhavar Sandhai ),Onion,Bellary,Local,3500,4000,4000,20-Jan-25
5750,Keonjhar,Keonjhar,Onion,Other,FAQ,3000,3500,3500,07-Jan-25
5751,Keonjhar,Keonjhar,Onion,Other,FAQ,3500,4500,4000,09-Jan-25
5752,Delhi,Keshopur,Onion,Onion,FAQ,1000,3500,2500,03-Jan-25
5753,Delhi,Keshopur,Onion,Onion,FAQ,1700,2300,2000,13-Jan-25
5754,Delhi,Keshopur,Onion,Onion,FAQ,2200,3000,2700,21-Jan-25
5755,Fatehpur,Khaga,Onion,Red,FAQ,1600,1775,1725,01-Feb-25
5756,Fatehpur,Khaga,Onion,Red,FAQ,1700,1850,1800,15-Jan-25
5757,Fatehpur,Khaga,Onion,Red,FAQ,1800,2000,1920,25-Jan-25
5758,Aligarh,Khair,Onion,Red,Non-FAQ,1800,2200,2000,22-Jan-25
5759,Agra,Khairagarh,Onion,Red,FAQ,2800,2900,2850,11-Jan-25
5760,Agra,Khairagarh,Onion,Red,FAQ,3000,3100,3050,20-Jan-25
5761,Sant Kabir Nagar,Khalilabad,Onion,Red,FAQ,2850,3000,2900,10-Jan-25
5762,Fatehgarh,Khamano,Onion,Onion,FAQ,3500,3500,3500,11-Jan-25
5763,Anand,Khambhat(Veg Yard Khambhat),Onion,Other,FAQ,2200,2600,2400,27-Jan-25
5764,Anand,Khambhat(Veg Yard Khambhat),Onion,Other,FAQ,2200,3000,2600,13-Jan-25
5765,Shamli,Khandhla,Onion,Red,Non-FAQ,2700,2800,2750,17-Jan-25
5766,Khandwa,Khandwa,Onion,Local,FAQ,1000,1000,1000,24-Jan-25
5767,Mohali,Kharar,Onion,Other,FAQ,3000,3500,3200,03-Jan-25
5768,Nuapada,Khariar,Onion,Dry F.A.Q.,FAQ,3000,3100,3000,12-Jan-25
5769,Nuapada,Khariar Road,Onion,Other,Non-FAQ,2500,3000,3000,26-Jan-25
5770,Nuapada,Khariar Road,Onion,Other,Non-FAQ,3000,3100,3000,18-Jan-25
5771,UdhamSinghNagar,Khateema,Onion,Other,FAQ,2400,2600,2500,17-Jan-25
5772,UdhamSinghNagar,Khateema,Onion,Other,FAQ,2500,3000,2800,19-Jan-25
5773,Boudh,Khunthabandha,Onion,Other,FAQ,3500,5000,4000,08-Jan-25
5774,Boudh,Khunthabandha,Onion,Other,FAQ,4000,6000,5000,03-Jan-25
5775,Bulandshahar,Khurja,Onion,Red,FAQ,2200,2500,2400,09-Jan-25
5776,UdhamSinghNagar,Kicchha,Onion,Other,FAQ,1600,1800,1700,01-Jan-25
5777,Rohtas,Kochas (Balthari),Onion,Medium,FAQ,2200,2400,2300,23-Jan-25
5778,Palakad,Koduvayoor,Onion,Big,FAQ,3400,3800,3600,13-Jan-25
5779,Palakad,Koduvayoor,Onion,Big,FAQ,3400,3800,3600,14-Jan-25
5780,Palakad,Koduvayoor,Onion,Big,FAQ,3600,4000,3800,15-Jan-25
5781,Palakad,Koduvayoor,Onion,Small,FAQ,5800,6200,6000,28-Jan-25
5782,Palakad,Koduvayoor,Onion,Small,FAQ,5800,6200,6000,29-Jan-25
5783,Palakad,Kollengode,Onion,Big,FAQ,3500,3900,3700,18-Jan-25
5784,Palakad,Kollengode,Onion,Small,FAQ,5000,5400,5200,10-Jan-25
5785,UdhamSinghNagar,Khateema,Onion,Other,FAQ,1800,2000,1900,01-Jan-25
5786,UdhamSinghNagar,Khateema,Onion,Other,FAQ,1800,2000,1900,10-Jan-25
5787,Pune,Khed(Chakan),Onion,Other,FAQ,1500,2200,2000,17-Jan-25
5788,Pune,Khed(Chakan),Onion,Other,FAQ,2000,3000,2500,07-Jan-25
5789,UdhamSinghNagar,Kicchha,Onion,Local,FAQ,1200,1400,1300,30-Jan-25
5790,UdhamSinghNagar,Kicchha,Onion,Other,FAQ,1700,1900,1800,09-Jan-25
5791,Rohtas,Kochas (Balthari),Onion,Medium,FAQ,2200,2400,2300,08-Jan-25
5792,Rohtas,Kochas (Balthari),Onion,Medium,FAQ,2200,2400,2300,13-Jan-25
5793,Rohtas,Kochas (Balthari),Onion,Medium,FAQ,2200,2400,2300,14-Jan-25
5794,Palakad,Koduvayoor,Onion,Big,FAQ,3700,4100,3900,26-Jan-25
5795,Palakad,Koduvayoor,Onion,Big,FAQ,3800,4200,4000,19-Jan-25
5796,Palakad,Koduvayoor,Onion,Small,FAQ,5800,6200,6000,30-Jan-25
5797,Palakad,Koduvayoor,Onion,Small,FAQ,6000,6400,6200,31-Jan-25
5798,Palakad,Koduvayoor,Onion,Small,FAQ,8500,8900,8700,15-Jan-25
5799,Kolhapur,Kolhapur,Onion,Other,FAQ,800,3400,1800,22-Jan-25
5800,Kolhapur,Kolhapur,Onion,Other,FAQ,800,4000,2300,03-Jan-25
5801,Kolhapur,Kolhapur,Onion,Other,FAQ,1000,4000,2200,02-Jan-25
5802,Palakad,Kollengode,Onion,Big,FAQ,2500,2900,2700,15-Jan-25
5803,Palakad,Kollengode,Onion,Big,FAQ,3000,3400,3200,01-Feb-25
5804,Palakad,Kollengode,Onion,Big,FAQ,3000,3400,3200,04-Jan-25
5805,Palakad,Kollengode,Onion,Big,FAQ,3500,3900,3700,12-Jan-25
5806,Palakad,Kollengode,Onion,Big,FAQ,3500,3900,3700,30-Jan-25
5807,Palakad,Kollengode,Onion,Big,FAQ,4000,4400,4200,25-Jan-25
5808,Palakad,Kollengode,Onion,Small,FAQ,5000,5400,5200,29-Jan-25
5809,Palakad,Kollengode,Onion,Small,FAQ,5500,5900,5700,11-Jan-25
5810,Mau(Maunathbhanjan),Kopaganj,Onion,Red,FAQ,1900,2100,2000,04-Jan-25
5811,Ahmednagar,Kopargaon,Onion,Red,FAQ,1000,2368,1950,17-Jan-25
5812,Ahmednagar,Kopargaon,Onion,Red,FAQ,1000,2501,2275,22-Jan-25
5813,Ahmednagar,Kopargaon,Onion,Red,FAQ,1000,2604,2400,21-Jan-25
5814,Kota,Kota (F&V),Onion,Other,FAQ,300,2000,1150,27-Jan-25
5815,Kota,Kota (F&V),Onion,Other,FAQ,400,2000,1200,07-Jan-25
5816,Garhwal (Pauri),Kotadwara,Onion,Nasik,FAQ,1700,2300,2000,29-Jan-25
5817,Ernakulam,Kothamangalam,Onion,Big,FAQ,3000,4000,3500,24-Jan-25
5818,Kotputli- Behror,Kotputli,Onion,Onion,Non-FAQ,2200,2400,2300,27-Jan-25
5819,Malappuram,Kottakkal,Onion,Other,FAQ,3500,3700,3600,23-Jan-25
5820,Malappuram,Kottakkal,Onion,Other,FAQ,3700,3900,3800,11-Jan-25
5821,Malappuram,Kottakkal,Onion,Other,FAQ,4000,4200,4100,20-Jan-25
5822,Kollam,Kottarakkara,Onion,Other,FAQ,5000,5200,5200,20-Jan-25
5823,Kollam,Kottarakkara,Onion,Other,FAQ,5000,6000,5500,13-Jan-25
5824,Kollam,Kottarakkara,Onion,Other,FAQ,5700,6200,6200,17-Jan-25
5825,Kottayam,Kottayam,Onion,Onion,FAQ,7400,7800,7600,15-Jan-25
5826,Kottayam,Kottayam,Onion,Onion,FAQ,8500,8900,8700,18-Jan-25
5827,Tuticorin,Kovilpatti(Uzhavar Sandhai ),Onion,Bellary,Local,4000,4500,4500,28-Jan-25
5828,Tuticorin,Kovilpatti(Uzhavar Sandhai ),Onion,Bellary,Local,4500,5000,5000,10-Jan-25
5829,Ranga Reddy,Kukatpally(Rythu Bazar),Onion,1st Sort,FAQ,3400,3400,3400,19-Jan-25
5830,Karur,Kulithalai(Uzhavar Sandhai ),Onion,Bellary,Local,4000,5000,5000,23-Jan-25
5831,Karur,Kulithalai(Uzhavar Sandhai ),Onion,Bellary,Local,4000,5000,5000,30-Jan-25
5832,Kullu,Kullu,Onion,Other,FAQ,3000,3400,3200,06-Jan-25
5833,Namakkal,Kumarapalayam(Uzhavar Sandhai ),Onion,Bellary,Local,4000,5000,5000,16-Jan-25
5834,Thanjavur,Kumbakonam (Uzhavar Sandhai ),Onion,Bellary,Local,3600,4800,4800,10-Jan-25
5835,Thanjavur,Kumbakonam (Uzhavar Sandhai ),Onion,Bellary,Local,3600,4800,4800,16-Jan-25
5836,Thanjavur,Kumbakonam (Uzhavar Sandhai ),Onion,Bellary,Local,3600,4800,4800,30-Jan-25
5837,Deoria,Devariya,Onion,Red,FAQ,2230,2250,2240,04-Jan-25
5838,Deoria,Devariya,Onion,Red,Non-FAQ,2230,2250,2240,17-Jan-25
5839,Dhar,Dhamnod(F&V),Onion,Onion,FAQ,1000,1500,1200,30-Jan-25
5840,Dhar,Dhamnod(F&V),Onion,Onion,FAQ,1200,2000,1500,24-Jan-25
5841,Dhar,Dhamnod(F&V),Onion,Onion,FAQ,1500,2300,1800,20-Jan-25
5842,Dhar,Dhamnod(F&V),Onion,Onion,FAQ,2000,3000,2500,04-Jan-25
5843,Amroha,Dhanaura,Onion,Medium,FAQ,1000,1400,1200,16-Jan-25
5844,Amroha,Dhanaura,Onion,Medium,FAQ,1000,1500,1200,10-Jan-25
5845,Amroha,Dhanaura,Onion,Medium,FAQ,1000,1500,1200,14-Jan-25
5846,Amroha,Dhanaura,Onion,Medium,FAQ,1200,1600,1400,05-Jan-25
5847,Kaithal,Dhand,Onion,Other,FAQ,3000,3200,3180,10-Jan-25
5848,Mandi,Dhanotu (Mandi),Onion,Other,FAQ,2600,3000,2800,29-Jan-25
5849,Mandi,Dhanotu (Mandi),Onion,Other,FAQ,2800,3200,3000,28-Jan-25
5850,Thirupur,Dharapuram(Uzhavar Sandhai ),Onion,Bellary,Local,3200,3800,3800,18-Jan-25
5851,Thirupur,Dharapuram(Uzhavar Sandhai ),Onion,Bellary,Local,3500,4000,4000,19-Jan-25
5852,Thirupur,Dharapuram(Uzhavar Sandhai ),Onion,Bellary,Local,4000,4500,4500,11-Jan-25
5853,Thirupur,Dharapuram(Uzhavar Sandhai ),Onion,Bellary,Local,4000,4500,4500,13-Jan-25
5854,Dharashiv(Usmanabad),Dharashiv,Onion,Red,Local,1200,3000,2100,31-Jan-25
5855,Gurdaspur,Dhariwal,Onion,Other,FAQ,1700,1900,1800,15-Jan-25
5856,Gurdaspur,Dhariwal,Onion,Other,FAQ,1800,2000,1900,01-Feb-25
5857,Dharmapuri,Dharmapuri(Uzhavar Sandhai ),Onion,Bellary,Local,4200,4400,4400,20-Jan-25
5858,Dharmapuri,Dharmapuri(Uzhavar Sandhai ),Onion,Bellary,Local,4200,4600,4600,23-Jan-25
5859,Dharmapuri,Dharmapuri(Uzhavar Sandhai ),Onion,Bellary,Local,4300,4600,4600,10-Jan-25
5860,Dhule,Dhule,Onion,Red,FAQ,200,1750,1500,10-Jan-25
5861,Dhule,Dhule,Onion,Red,FAQ,200,2280,2000,25-Jan-25
5862,Sangrur,Dhuri,Onion,Onion,FAQ,2000,2400,2200,30-Jan-25
5863,Sangrur,Dhuri,Onion,Other,FAQ,2000,2600,2300,16-Jan-25
5864,Sounth 24 Parganas,Diamond Harbour(South 24-pgs),Onion,Red,FAQ,2800,3000,2900,03-Jan-25
5865,Sounth 24 Parganas,Diamond Harbour(South 24-pgs),Onion,Red,FAQ,2800,3000,2900,04-Jan-25
5866,Sounth 24 Parganas,Diamond Harbour(South 24-pgs),Onion,Red,FAQ,2900,3000,2950,15-Jan-25
5867,Dindigul,Dindigul(Uzhavar Sandhai ),Onion,Bellary,Local,5000,5600,5600,07-Jan-25
5868,Dindigul,Dindigul(Uzhavar Sandhai ),Onion,Bellary,Local,5000,5600,5600,09-Jan-25
5869,Coochbehar,Dinhata,Onion,Onion,FAQ,2800,3200,3000,28-Jan-25
5870,Mau(Maunathbhanjan),Doharighat,Onion,Red,Non-FAQ,3400,3500,3470,27-Jan-25
5871,Ludhiana,Doraha,Onion,Other,Non-FAQ,2300,3000,2800,18-Jan-25
5872,Patiala,Dudhansadhan,Onion,Other,FAQ,2600,2800,2700,28-Jan-25
5873,Patiala,Dudhansadhan,Onion,Other,FAQ,2700,3000,2800,19-Jan-25
5874,Sonbhadra,Dudhi,Onion,Onion,FAQ,2200,2400,2300,20-Jan-25
5875,Sonepur,Dungurapalli,Onion,Other,FAQ,3500,3700,3600,07-Jan-25
5876,Durg,Durg,Onion,Onion,Non-FAQ,2000,2400,2400,28-Jan-25
5877,Paschim Bardhaman,Durgapur,Onion,Other,FAQ,2650,2900,2700,04-Jan-25
5878,Medinipur(E),Egra/contai,Onion,Onion,FAQ,2800,3000,2900,17-Jan-25
5879,Medinipur(E),Egra/contai,Onion,Onion,FAQ,3000,3300,3200,03-Jan-25
5880,Medinipur(E),Egra/contai,Onion,Onion,FAQ,3000,3300,3200,04-Jan-25
5881,Medinipur(E),Egra/contai,Onion,Onion,FAQ,3000,3300,3200,06-Jan-25
5882,Medinipur(E),Egra/contai,Onion,Onion,FAQ,3000,3400,3200,09-Jan-25
5883,Salem,Elampillai(Uzhavar Sandhai ),Onion,Bellary,Local,4000,5000,5000,18-Jan-25
5884,Malda,English Bazar,Onion,Other,FAQ,2000,2600,2400,23-Jan-25
5885,Malda,English Bazar,Onion,Other,FAQ,2300,3100,2500,10-Jan-25
5886,Hyderabad,Erragadda(Rythu Bazar),Onion,1st Sort,FAQ,3000,3000,3000,27-Jan-25
5887,Etawah,Etawah,Onion,Red,FAQ,2000,2300,2200,29-Jan-25
5888,Etawah,Etawah,Onion,Red,FAQ,2000,2300,2200,31-Jan-25
5889,Etawah,Etawah,Onion,Red,FAQ,2400,2700,2600,02-Jan-25
5890,Kottayam,Ettumanoor,Onion,Big,FAQ,4000,4400,4200,07-Jan-25
5891,Kottayam,Ettumanoor,Onion,Onion,FAQ,9400,9800,9600,16-Jan-25
5892,Kottayam,Ettumanoor,Onion,Onion,FAQ,9800,10500,10000,15-Jan-25
5893,Alipurduar,Falakata,Onion,Other,FAQ,3200,3500,3400,05-Jan-25
5894,Alipurduar,Falakata,Onion,Other,Non-FAQ,3000,3200,3100,19-Jan-25
5895,Farukhabad,Farukhabad,Onion,Red,FAQ,1875,2050,1985,25-Jan-25
5896,Farukhabad,Farukhabad,Onion,Red,FAQ,1900,2100,2000,23-Jan-25
5897,Farukhabad,Farukhabad,Onion,Red,FAQ,1900,2150,2025,26-Jan-25
5898,Farukhabad,Farukhabad,Onion,Red,FAQ,2200,2500,2325,16-Jan-25
5899,Fatehabad,Fatehabad,Onion,Other,FAQ,2000,2000,2000,24-Jan-25
5900,Agra,Fatehabad,Onion,Red,FAQ,1600,1700,1650,27-Jan-25
5901,Fatehpur,Fatehpur,Onion,Red,FAQ,1800,2000,1900,20-Jan-25
5902,Fatehpur,Fatehpur,Onion,Red,FAQ,1800,2010,1915,21-Jan-25
5903,Fazilka,Fazilka,Onion,Other,FAQ,2000,2500,2200,18-Jan-25
5904,Mewat,FerozpurZirkha(Nagina),Onion,Other,FAQ,1400,1800,1600,09-Jan-25
5905,Firozabad,Firozabad,Onion,Red,FAQ,2300,2500,2400,13-Jan-25
5906,Ferozpur,Firozepur City,Onion,Other,FAQ,2000,2700,2500,25-Jan-25
5907,Ferozpur,Firozepur City,Onion,Other,FAQ,2000,3000,2500,29-Jan-25
5908,Maharajganj,Gadaura,Onion,Red,FAQ,2000,2200,2100,12-Jan-25
5909,Maharajganj,Gadaura,Onion,Red,FAQ,2200,2400,2300,01-Jan-25
5910,Malda,Gajol,Onion,Other,FAQ,2800,3200,3000,08-Jan-25
5911,Sonipat,Ganaur,Onion,Onion,FAQ,2800,3000,2800,05-Jan-25
5912,Sonipat,Ganaur,Onion,Onion,FAQ,2800,3000,2800,14-Jan-25
5913,Sonipat,Ganaur,Onion,Onion,FAQ,2800,3000,2800,16-Jan-25
5914,Sonipat,Ganaur,Onion,Onion,Non-FAQ,2800,3000,2800,25-Jan-25
5915,Pudukkottai,Gandarvakottai(Uzhavar Sandhai ),Onion,Bellary,Local,4000,5000,5000,01-Jan-25
5916,Pudukkottai,Gandarvakottai(Uzhavar Sandhai ),Onion,Bellary,Local,4000,5000,5000,09-Jan-25
5917,Pudukkottai,Gandarvakottai(Uzhavar Sandhai ),Onion,Bellary,Local,4000,5000,5000,19-Jan-25
5918,Pudukkottai,Gandarvakottai(Uzhavar Sandhai ),Onion,Bellary,Local,4400,5000,5000,18-Jan-25
5919,Saharanpur,Gangoh,Onion,Red,FAQ,2000,2300,2200,25-Jan-25
5920,Medinipur(W),Garbeta(Medinipur),Onion,Onion,FAQ,2400,2800,2600,08-Jan-25
5921,Medinipur(W),Garbeta(Medinipur),Onion,Onion,FAQ,2400,2800,2600,21-Jan-25
5922,Medinipur(W),Garbeta(Medinipur),Onion,Onion,FAQ,2800,3300,3000,13-Jan-25
5923,Hoshiarpur,Garh Shankar,Onion,Other,FAQ,1800,2200,2000,03-Jan-25
5924,Hoshiarpur,Garh Shankar,Onion,Other,FAQ,2000,2500,2200,17-Jan-25
5925,Hoshiarpur,GarhShankar (Kotfatuhi),Onion,Other,FAQ,2000,2400,2200,28-Jan-25
5926,Mandsaur,Garoth,Onion,Onion,FAQ,510,2025,2010,21-Jan-25
5927,Mandsaur,Garoth,Onion,Onion,FAQ,710,1600,1500,09-Jan-25
5928,Mandsaur,Garoth,Onion,Onion,Non-FAQ,100,1670,250,30-Jan-25
5929,Ghazipur,Gazipur,Onion,Red,FAQ,2370,2430,2400,17-Jan-25
5930,Ghazipur,Gazipur,Onion,Red,FAQ,2440,2500,2470,10-Jan-25
5931,Kaithar,"Gerabari, Korha Block",Onion,Medium,FAQ,3800,4000,3900,29-Jan-25
5932,Patiala,Ghanaur,Onion,Other,FAQ,2000,2400,2200,18-Jan-25
5933,Patiala,Ghanaur,Onion,Other,FAQ,2500,2700,2600,12-Jan-25
5934,Karnal,Gharaunda,Onion,Other,FAQ,2000,3000,3000,04-Jan-25
5935,Karnal,Gharaunda,Onion,Other,FAQ,2500,2800,2800,22-Jan-25
5936,Karnal,Gharaunda,Onion,Other,FAQ,2500,2800,2800,23-Jan-25
5937,Ghaziabad,Ghaziabad,Onion,Red,FAQ,2280,2380,2330,22-Jan-25
5938,Ghaziabad,Ghaziabad,Onion,Red,FAQ,2375,2475,2425,14-Jan-25
5939,Sangrur,Lehra Gaga,Onion,Other,FAQ,2200,2500,2200,11-Jan-25
5940,Sangrur,Lehra Gaga,Onion,Other,FAQ,2800,3000,2800,08-Jan-25
5941,Lucknow,Lucknow,Onion,Red,FAQ,2190,2290,2240,31-Jan-25
5942,Lucknow,Lucknow,Onion,Red,FAQ,2470,2570,2520,02-Jan-25
5943,Ludhiana,Ludhiana,Onion,Other,FAQ,800,2500,1900,21-Jan-25
5944,Alappuzha,Madhavapuram,Onion,Other,FAQ,7500,8000,7800,04-Jan-25
5945,Alappuzha,Madhavapuram,Onion,Other,FAQ,8000,8500,8400,20-Jan-25
5946,Chengalpattu,Madhuranthagam(Uzhavar Sandhai ),Onion,Bellary,Local,4000,4500,4500,31-Jan-25
5947,Chengalpattu,Madhuranthagam(Uzhavar Sandhai ),Onion,Bellary,Local,4500,5000,5000,10-Jan-25
5948,Chengalpattu,Madhuranthagam(Uzhavar Sandhai ),Onion,Bellary,Local,4500,5000,5000,19-Jan-25
5949,Hyderabad,Mahboob Manison,Onion,1st Sort,Non-FAQ,300,1900,1500,01-Feb-25
5950,Hyderabad,Mahboob Manison,Onion,1st Sort,Non-FAQ,2200,2800,2600,20-Jan-25
5951,Hyderabad,Mahboob Manison,Onion,2nd Sort,FAQ,300,2300,2000,13-Jan-25
5952,Hyderabad,Mahboob Manison,Onion,2nd Sort,FAQ,2200,2800,2600,18-Jan-25
5953,Mahoba,Mahoba,Onion,Red,FAQ,2200,2330,2270,26-Jan-25
5954,Mahoba,Mahoba,Onion,Red,FAQ,2300,2400,2360,17-Jan-25
5955,Bhavnagar,Mahuva(Station Road),Onion,Red,FAQ,755,2800,1780,06-Jan-25
5956,Bhavnagar,Mahuva(Station Road),Onion,White,FAQ,1010,2200,1605,29-Jan-25
5957,Mainpuri,Mainpuri,Onion,Red,FAQ,1925,2115,2030,28-Jan-25
5958,Thiruchirappalli,Manachanallur(Uzhavar Sandhai ),Onion,Bellary,Local,5000,5600,5600,09-Jan-25
5959,Thiruchirappalli,Manachanallur(Uzhavar Sandhai ),Onion,Bellary,Local,5400,5400,5400,24-Jan-25
5960,Thiruchirappalli,Manapparai(Uzhavar Sandhai ),Onion,Bellary,Local,4000,5600,5600,31-Jan-25
5961,Neemuch,Manasa,Onion,Medium,Non-FAQ,432,1340,1340,28-Jan-25
5962,Neemuch,Manasa,Onion,Onion,FAQ,210,1801,1600,22-Jan-25
5963,Neemuch,Manasa,Onion,Onion,FAQ,411,2691,1900,01-Jan-25
5964,Neemuch,Manasa,Onion,Onion,Non-FAQ,500,2102,1400,28-Jan-25
5965,Dhar,Manawar(F&V),Onion,Onion,FAQ,1800,2000,1900,14-Jan-25
5966,Dhar,Manawar(F&V),Onion,Onion,FAQ,1900,2100,2000,12-Jan-25
5967,Pune,Manchar,Onion,Other,FAQ,1500,3000,2300,23-Jan-25
5968,Mandi,Mandi(Mandi),Onion,Onion,FAQ,2800,3400,3000,02-Jan-25
5969,Mandi,Mandi(Takoli),Onion,Other,FAQ,2000,2500,2500,01-Feb-25
5970,Mandi,Mandi(Takoli),Onion,Other,FAQ,2500,3000,3000,25-Jan-25
5971,Mandi,Mandi(Takoli),Onion,Other,FAQ,3000,3500,3500,11-Jan-25
5972,Mandsaur,Mandsaur,Onion,Local,FAQ,1752,2100,2100,01-Jan-25
5973,Mandsaur,Mandsaur,Onion,Onion,Non-FAQ,200,2190,1700,29-Jan-25
5974,Sholapur,Mangal Wedha,Onion,Local,FAQ,500,3100,2500,05-Jan-25
5975,Sholapur,Mangal Wedha,Onion,Local,FAQ,600,3400,2800,06-Jan-25
5976,Sholapur,Mangal Wedha,Onion,Local,FAQ,900,3500,2800,04-Jan-25
5977,Malappuram,Manjeri,Onion,Other,FAQ,3700,3800,3760,21-Jan-25
5978,Kaushambi,Manjhanpur,Onion,Red,FAQ,1815,1990,1900,31-Jan-25
5979,Thiruvarur,Mannargudi I(Uzhavar Sandhai ),Onion,Bellary,Local,4400,5600,5600,30-Jan-25
5980,Thiruvarur,Mannargudi I(Uzhavar Sandhai ),Onion,Bellary,Local,4400,6000,6000,13-Jan-25
5981,Thiruvarur,Mannargudi II(Uzhavar Sandhai ),Onion,Bellary,Local,4000,5600,5600,01-Jan-25
5982,Thiruvarur,Mannargudi II(Uzhavar Sandhai ),Onion,Bellary,Local,4400,5600,5600,04-Jan-25
5983,Mansa,Mansa,Onion,Onion,FAQ,2000,3000,2500,08-Jan-25
5984,Mansa,Mansa,Onion,Onion,FAQ,2500,3000,2800,11-Jan-25
5985,North Goa,Mapusa,Onion,Onion,FAQ,2500,2500,2500,08-Jan-25
5986,North Goa,Mapusa,Onion,Onion,FAQ,2500,2500,2500,13-Jan-25
5987,North Goa,Mapusa,Onion,Onion,FAQ,2500,2500,2500,22-Jan-25
5988,North Goa,Mapusa,Onion,Onion,FAQ,2500,2500,2500,26-Jan-25
5989,North Goa,Mapusa,Onion,Onion,FAQ,2500,2500,2500,30-Jan-25
5990,Palakad,Kollengode,Onion,Small,FAQ,6000,6400,6200,09-Jan-25
5991,Palakad,Kollengode,Onion,Small,FAQ,6000,6400,6200,12-Jan-25
5992,Palakad,Kollengode,Onion,Small,FAQ,7000,7400,7200,15-Jan-25
5993,Palakad,Kollengode,Onion,Small,FAQ,9000,9400,9200,22-Jan-25
5994,Malappuram,Kondotty,Onion,Other,FAQ,3700,3900,3800,29-Jan-25
5995,Malappuram,Kondotty,Onion,Other,FAQ,3800,4000,3900,27-Jan-25
5996,Malappuram,Kondotty,Onion,Other,FAQ,3900,4100,4000,08-Jan-25
5997,Mau(Maunathbhanjan),Kopaganj,Onion,Red,FAQ,1900,2200,2100,08-Jan-25
5998,Mathura,Kosikalan,Onion,Red,FAQ,2300,2390,2345,06-Jan-25
5999,Kota,Kota (F&V),Onion,Other,FAQ,300,2000,1150,28-Jan-25
6000,Kota,Kota (F&V),Onion,Other,FAQ,400,2200,1300,21-Jan-25
6001,Garhwal (Pauri),Kotadwara,Onion,Medium,FAQ,2000,2500,2200,09-Jan-25
6002,Ernakulam,Kothamangalam,Onion,Big,FAQ,3000,4000,3500,20-Jan-25
6003,Malappuram,Kottakkal,Onion,Other,FAQ,3000,3200,3100,17-Jan-25
6004,Malappuram,Kottakkal,Onion,Other,FAQ,3800,4000,3900,08-Jan-25
6005,Kollam,Kottarakkara,Onion,Other,FAQ,4500,5000,5000,15-Jan-25
6006,Kollam,Kottarakkara,Onion,Other,FAQ,4500,5000,5000,30-Jan-25
6007,Kollam,Kottarakkara,Onion,Other,FAQ,4500,5500,5000,24-Jan-25
6008,Kollam,Kottarakkara,Onion,Other,FAQ,5000,5500,5500,22-Jan-25
6009,Kottayam,Kottayam,Onion,Big,FAQ,4200,4600,4400,03-Jan-25
6010,Kottayam,Kottayam,Onion,Onion,FAQ,8000,8400,8200,20-Jan-25
6011,Tuticorin,Kovilpatti(Uzhavar Sandhai ),Onion,Bellary,Local,4000,4500,4500,24-Jan-25
6012,Krishnagiri,Krishnagiri(Uzhavar Sandhai ),Onion,Bellary,Local,4000,4500,4500,23-Jan-25
6013,Karur,Kulithalai(Uzhavar Sandhai ),Onion,Bellary,Local,4000,5000,5000,01-Jan-25
6014,Karur,Kulithalai(Uzhavar Sandhai ),Onion,Bellary,Local,4000,5000,5000,29-Jan-25
6015,Kullu,Kullu,Onion,Other,FAQ,2500,2800,2500,18-Jan-25
6016,Kullu,Kullu,Onion,Other,FAQ,2800,3000,3000,23-Jan-25
6017,Namakkal,Kumarapalayam(Uzhavar Sandhai ),Onion,Bellary,Local,4000,5000,5000,13-Jan-25
6018,Namakkal,Kumarapalayam(Uzhavar Sandhai ),Onion,Bellary,Local,4000,5000,5000,14-Jan-25
6019,Namakkal,Kumarapalayam(Uzhavar Sandhai ),Onion,Bellary,Local,4000,5000,5000,15-Jan-25
6020,Namakkal,Kumarapalayam(Uzhavar Sandhai ),Onion,Bellary,Local,4200,5200,5200,07-Jan-25
6021,Namakkal,Kumarapalayam(Uzhavar Sandhai ),Onion,Bellary,Local,4500,5500,5500,11-Jan-25
6022,Namakkal,Kumarapalayam(Uzhavar Sandhai ),Onion,Bellary,Local,5000,5800,5800,03-Jan-25
6023,Namakkal,Kumarapalayam(Uzhavar Sandhai ),Onion,Bellary,Local,5000,6000,6000,01-Jan-25
6024,Thanjavur,Kumbakonam (Uzhavar Sandhai ),Onion,Bellary,Local,3600,4800,4800,08-Jan-25
6025,Thanjavur,Kumbakonam (Uzhavar Sandhai ),Onion,Bellary,Local,3600,4800,4800,14-Jan-25
6026,Thanjavur,Kumbakonam (Uzhavar Sandhai ),Onion,Bellary,Local,3600,4800,4800,22-Jan-25
6027,Thanjavur,Kumbakonam (Uzhavar Sandhai ),Onion,Bellary,Local,3600,4800,4800,26-Jan-25
6028,Kancheepuram,Kundrathur(Uzhavar Sandhai ),Onion,Bellary,Local,4000,4000,4000,07-Jan-25
6029,Coimbatore,Kurichi(Uzhavar Sandhai ),Onion,Bellary,Local,3500,4000,4000,30-Jan-25
6030,Coimbatore,Kurichi(Uzhavar Sandhai ),Onion,Bellary,Local,4200,4500,4500,26-Jan-25
6031,Coimbatore,Kurichi(Uzhavar Sandhai ),Onion,Bellary,Local,4300,4500,4500,23-Jan-25
6032,Kottayam,Kuruppanthura,Onion,Big,FAQ,4500,5400,5000,23-Jan-25
6033,Kottayam,Kuruppanthura,Onion,Big,Non-FAQ,4000,5000,4500,30-Jan-25
6034,Kurukshetra,Ladwa,Onion,Onion,FAQ,2000,2000,2000,02-Jan-25
6035,Kurukshetra,Ladwa,Onion,Onion,FAQ,2000,2500,2200,22-Jan-25
6036,Kurukshetra,Ladwa,Onion,Onion,FAQ,2000,3000,2500,15-Jan-25
6037,Lakhimpur,Lakhimpur,Onion,Red,FAQ,2260,2350,2310,21-Jan-25
6038,Lakhimpur,Lakhimpur,Onion,Red,FAQ,2300,2400,2350,24-Jan-25
6039,Lakhimpur,Lakhimpur,Onion,Red,FAQ,2430,2520,2460,16-Jan-25
6040,Pillibhit,Pilibhit,Onion,Red,FAQ,2200,2300,2250,30-Jan-25
6041,Pillibhit,Pilibhit,Onion,Red,FAQ,2250,2350,2300,18-Jan-25
6042,Pillibhit,Pilibhit,Onion,Red,FAQ,2350,2450,2400,01-Jan-25
6043,Nashik,Pimpalgaon,Onion,Pole,FAQ,500,2401,1800,13-Jan-25
6044,Nashik,Pimpalgaon,Onion,Pole,FAQ,700,2725,2350,20-Jan-25
6045,Nashik,Pimpalgaon,Onion,Pole,FAQ,700,2862,2400,21-Jan-25
6046,Hoshangabad,Pipariya(F&V),Onion,Onion,FAQ,1200,2500,1800,13-Jan-25
6047,Coimbatore,Pollachi(Uzhavar Sandhai ),Onion,Bellary,Local,4000,4400,4400,24-Jan-25
6048,Coimbatore,Pollachi(Uzhavar Sandhai ),Onion,Bellary,Local,4000,5500,5500,03-Jan-25
6049,Porbandar,Porbandar,Onion,Other,FAQ,1500,2000,1750,22-Jan-25
6050,Porbandar,Porbandar,Onion,Other,FAQ,1500,2500,2000,10-Jan-25
6051,Thiruvananthapuram,Pothencode,Onion,Other,FAQ,40000,40080,40040,28-Jan-25
6052,Thiruvananthapuram,Pothencode,Onion,Other,FAQ,44000,44080,44040,22-Jan-25
6053,Pratapgarh,Pratapgarh,Onion,Red,FAQ,1850,2100,1920,29-Jan-25
6054,Pratapgarh,Pratapgarh,Onion,Red,FAQ,1900,2200,2000,02-Jan-25
6055,Pratapgarh,Pratapgarh,Onion,Red,FAQ,2000,2150,2060,03-Jan-25
6056,Pudukkottai,Pudukottai(Uzhavar Sandhai ),Onion,Bellary,Local,4000,5000,5000,01-Feb-25
6057,Pudukkottai,Pudukottai(Uzhavar Sandhai ),Onion,Bellary,Local,4000,5000,5000,03-Jan-25
6058,Pudukkottai,Pudukottai(Uzhavar Sandhai ),Onion,Bellary,Local,5000,6000,6000,07-Jan-25
6059,Kanpur Dehat,Pukharayan,Onion,Red,FAQ,2100,2135,2125,30-Jan-25
6060,Kanpur Dehat,Pukharayan,Onion,Red,FAQ,2120,2140,2130,01-Feb-25
6061,Kanpur Dehat,Pukharayan,Onion,Red,FAQ,2475,2520,2500,04-Jan-25
6062,Kaithal,Pundri,Onion,Other,Non-FAQ,1400,1500,1450,20-Jan-25
6063,Pune,Pune,Onion,Local,FAQ,1400,3200,2300,21-Jan-25
6064,Pune,Pune,Onion,Local,Local,1200,2500,1850,30-Jan-25
6065,Pune,Pune,Onion,Local,Local,1200,2600,1900,29-Jan-25
6066,Pune,Pune(Manjri),Onion,Local,FAQ,2000,3100,2600,04-Jan-25
6067,Pune,Pune(Pimpri),Onion,Local,FAQ,1000,2600,1300,16-Jan-25
6068,Pune,Pune(Pimpri),Onion,Local,FAQ,1200,2500,1850,20-Jan-25
6069,Pune,Pune(Pimpri),Onion,Local,FAQ,3200,3300,3250,07-Jan-25
6070,Pune,Pune(Pimpri),Onion,Local,Local,800,2800,1800,27-Jan-25
6071,Pune,Pune(Pimpri),Onion,Local,Local,2600,2700,2650,28-Jan-25
6072,Mewat,Punhana,Onion,Other,FAQ,2000,2000,2000,23-Jan-25
6073,Puruliya,Purulia,Onion,Other,FAQ,2100,2900,2500,26-Jan-25
6074,Unnao,Purwa,Onion,Red,FAQ,2125,2250,2165,30-Jan-25
6075,Unnao,Purwa,Onion,Red,FAQ,2300,2425,2350,17-Jan-25
6076,Shahjahanpur,Puwaha,Onion,Red,FAQ,2140,2340,2240,12-Jan-25
6077,Shahjahanpur,Puwaha,Onion,Red,FAQ,2170,2370,2270,21-Jan-25
6078,Yamuna Nagar,Radaur,Onion,Other,FAQ,2000,2400,2200,04-Jan-25
6079,Yamuna Nagar,Radaur,Onion,Other,FAQ,2000,2500,2200,09-Jan-25
6080,Yamuna Nagar,Radaur,Onion,Other,FAQ,2000,2500,2200,27-Jan-25
6081,Yamuna Nagar,Radaur,Onion,Other,FAQ,2600,3000,2800,20-Jan-25
6082,Ahmednagar,Rahuri(Vambori),Onion,Other,FAQ,200,3300,2100,02-Jan-25
6083,Ahmednagar,Rahuri(Vambori),Onion,Other,FAQ,200,3300,2200,04-Jan-25
6084,Raebarelli,Raibareilly,Onion,Red,FAQ,2300,2400,2350,23-Jan-25
6085,Raebarelli,Raibareilly,Onion,Red,FAQ,2460,2550,2500,04-Jan-25
6086,Raebarelli,Raibareilly,Onion,Red,FAQ,2460,2550,2500,06-Jan-25
6087,Raigarh,Raigarh,Onion,Local,Local,2000,2800,2400,16-Jan-25
6088,Panchkula,Raipur Rai,Onion,Other,FAQ,2200,2400,2200,16-Jan-25
6089,Panchkula,Raipur Rai,Onion,Other,FAQ,2500,2600,2500,28-Jan-25
6090,Panchkula,Raipur Rai,Onion,Other,FAQ,2500,3000,2500,21-Jan-25
6091,Virudhunagar,Rajapalayam(Uzhavar Sandhai ),Onion,Bellary,Local,4000,5000,5000,04-Jan-25
6092,Mathura,Mathura,Onion,Red,FAQ,2260,2550,2400,13-Jan-25
6093,Bhatinda,Maur,Onion,Other,FAQ,2400,3000,2600,17-Jan-25
6094,Bhatinda,Maur,Onion,Other,FAQ,2400,3000,2600,20-Jan-25
6095,Nagapattinam,Mayiladuthurai(Uzhavar Sandhai ),Onion,Bellary,Local,3000,3500,3500,26-Jan-25
6096,Nagapattinam,Mayiladuthurai(Uzhavar Sandhai ),Onion,Bellary,Local,3500,4000,4000,22-Jan-25
6097,Chengalpattu,Medavakkam(Uzhavar Sandhai ),Onion,Bellary,Local,3000,4000,4000,11-Jan-25
6098,Chengalpattu,Medavakkam(Uzhavar Sandhai ),Onion,Bellary,Local,4000,4500,4500,18-Jan-25
6099,Medinipur(W),Medinipur(West),Onion,Onion,FAQ,2800,3300,3000,14-Jan-25
6100,Medinipur(W),Medinipur(West),Onion,Onion,FAQ,2800,3300,3000,16-Jan-25
6101,Meerut,Meerut,Onion,Red,FAQ,2720,2860,2790,01-Jan-25
6102,Rohtak,Meham,Onion,Other,FAQ,2000,2000,2000,21-Jan-25
6103,Sitapur,Mehmoodabad,Onion,Red,FAQ,2335,2385,2360,16-Jan-25
6104,Ranga Reddy,Mehndipatnam(Rythu Bazar),Onion,1st Sort,FAQ,3000,3000,3000,11-Jan-25
6105,Ranga Reddy,Mehndipatnam(Rythu Bazar),Onion,1st Sort,FAQ,3000,3000,3000,13-Jan-25
6106,Ranga Reddy,Mehndipatnam(Rythu Bazar),Onion,1st Sort,FAQ,3500,3500,3500,29-Jan-25
6107,Mehsana,Mehsana(Mehsana Veg),Onion,Onion,FAQ,700,2250,1900,15-Jan-25
6108,Coochbehar,Mekhliganj,Onion,Other,FAQ,2800,3000,2900,04-Jan-25
6109,Sepahijala,Melaghar,Onion,Small,FAQ,3300,3500,3400,23-Jan-25
6110,Coimbatore,Mettupalayam(Uzhavar Sandhai ),Onion,Bellary,Local,4400,4800,4800,25-Jan-25
6111,Salem,Mettur(Uzhavar Sandhai ),Onion,Bellary,Local,3000,5000,5000,17-Jan-25
6112,Indore,Mhow(F&V),Onion,Onion,FAQ,1200,2000,1500,30-Jan-25
6113,Rampur,Milak,Onion,Red,FAQ,2055,2140,2095,29-Jan-25
6114,Rampur,Milak,Onion,Red,FAQ,2115,2200,2160,24-Jan-25
6115,Rampur,Milak,Onion,Red,FAQ,2240,2325,2285,11-Jan-25
6116,Mirzapur,Mirzapur,Onion,Red,FAQ,2075,2175,2100,27-Jan-25
6117,Mirzapur,Mirzapur,Onion,Red,FAQ,2125,2215,2175,23-Jan-25
6118,Mirzapur,Mirzapur,Onion,Red,FAQ,2375,2500,2445,10-Jan-25
6119,Mirzapur,Mirzapur,Onion,Red,FAQ,2400,2515,2475,09-Jan-25
6120,Mirzapur,Mirzapur,Onion,Red,Non-FAQ,1800,1975,1900,01-Feb-25
6121,Farukhabad,Mohamadabad,Onion,Red,FAQ,1930,2130,2030,27-Jan-25
6122,Farukhabad,Mohamadabad,Onion,Red,FAQ,2020,2220,2120,31-Jan-25
6123,Farukhabad,Mohamadabad,Onion,Red,FAQ,2190,2390,2290,17-Jan-25
6124,Mahendragarh-Narnaul,Mohindergarh,Onion,Onion,FAQ,1000,2500,2000,18-Jan-25
6125,Mahendragarh-Narnaul,Mohindergarh,Onion,Onion,FAQ,1500,2000,1500,11-Jan-25
6126,Morbi,Morbi,Onion,Onion,FAQ,700,2800,1750,02-Jan-25
6127,Jhansi,Moth,Onion,Red,FAQ,2020,2140,2100,12-Jan-25
6128,Jalpaiguri,Moynaguri,Onion,Nasik,FAQ,2700,2900,2800,27-Jan-25
6129,Jalpaiguri,Moynaguri,Onion,Nasik,FAQ,3000,3100,3100,07-Jan-25
6130,Jaunpur,Mugrabaadshahpur,Onion,Red,FAQ,2210,2410,2310,21-Jan-25
6131,Jaunpur,Mugrabaadshahpur,Onion,Red,FAQ,2310,2510,2410,17-Jan-25
6132,Hoshiarpur,Mukerian(Talwara),Onion,Onion,FAQ,2200,2800,2500,18-Jan-25
6133,Hoshiarpur,Mukerian(Talwara),Onion,Onion,FAQ,2400,2800,2600,29-Jan-25
6134,Hoshiarpur,Mukerian(Talwara),Onion,Onion,FAQ,2400,2800,2600,30-Jan-25
6135,Muktsar,Muktsar,Onion,Other,FAQ,2500,3000,2800,28-Jan-25
6136,Muktsar,Muktsar,Onion,Other,FAQ,2500,3200,2800,09-Jan-25
6137,Muktsar,Muktsar,Onion,Other,Non-FAQ,2500,3000,2800,23-Jan-25
6138,Idukki,Munnar,Onion,Small,Non-FAQ,5000,6500,6000,27-Jan-25
6139,Sambhal,Muradabad,Onion,Red,FAQ,2300,2400,2350,03-Jan-25
6140,Sambhal,Muradabad,Onion,Red,FAQ,2400,2480,2440,01-Jan-25
6141,Thiruchirappalli,Musiri(Uzhavar Sandhai ),Onion,Bellary,Local,3600,6500,6500,03-Jan-25
6142,Thiruchirappalli,Musiri(Uzhavar Sandhai ),Onion,Bellary,Local,5000,5500,5500,29-Jan-25
6143,Raebarelli,Lalganj,Onion,Red,FAQ,2400,2500,2450,06-Jan-25
6144,Thiruchirappalli,Lalgudi(Uzhavar Sandhai ),Onion,Bellary,Local,4000,5600,5600,03-Jan-25
6145,Thiruchirappalli,Lalgudi(Uzhavar Sandhai ),Onion,Bellary,Local,4000,5600,5600,24-Jan-25
6146,Thiruchirappalli,Lalgudi(Uzhavar Sandhai ),Onion,Bellary,Local,4600,6000,6000,06-Jan-25
6147,Lalitpur,Lalitpur,Onion,Red,FAQ,1850,1900,1880,15-Jan-25
6148,Lalitpur,Lalitpur,Onion,Red,FAQ,1870,2000,1980,28-Jan-25
6149,Lalitpur,Lalitpur,Onion,Red,FAQ,1900,1980,1950,13-Jan-25
6150,Lalitpur,Lalitpur,Onion,Red,FAQ,1920,2000,1960,24-Jan-25
6151,Lalitpur,Lalitpur,Onion,Red,FAQ,1930,1980,1960,14-Jan-25
6152,Mohali,Lalru,Onion,Other,FAQ,3000,3000,3000,29-Jan-25
6153,Imphal East,Lamlong Bazaar,Onion,Other,FAQ,3500,4500,4000,29-Jan-25
6154,Imphal East,Lamlong Bazaar,Onion,Other,FAQ,4000,5000,4500,23-Jan-25
6155,Imphal East,Lamlong Bazaar,Onion,Other,FAQ,5000,6000,5500,08-Jan-25
6156,Nashik,Lasalgaon,Onion,Red,FAQ,900,2780,2200,09-Jan-25
6157,Nashik,Lasalgaon,Onion,Red,FAQ,1100,2900,2400,24-Jan-25
6158,Nashik,Lasalgaon,Onion,Red,Local,1000,2651,2351,30-Jan-25
6159,Nashik,Lasalgaon,Onion,Red,Local,1000,2652,2250,31-Jan-25
6160,Chattrapati Sambhajinagar,Lasur Station,Onion,Other,FAQ,500,2686,1975,23-Jan-25
6161,Chattrapati Sambhajinagar,Lasur Station,Onion,Other,FAQ,705,2495,1775,17-Jan-25
6162,Chattrapati Sambhajinagar,Lasur Station,Onion,Other,Local,700,2650,1800,30-Jan-25
6163,Sholapur,Laxmi Sopan Agriculture Produce Marketing Co Ltd,Onion,Other,FAQ,500,2800,1800,29-Jan-25
6164,Bhiwani,Loharu,Onion,Other,FAQ,2000,2500,2500,20-Jan-25
6165,Satara,Lonand,Onion,Other,FAQ,800,2650,1500,16-Jan-25
6166,Lucknow,Lucknow,Onion,Red,FAQ,2250,2350,2300,27-Jan-25
6167,Ludhiana,Ludhiana,Onion,Other,FAQ,650,2500,1800,16-Jan-25
6168,Ludhiana,Ludhiana,Onion,Other,FAQ,800,2600,2000,23-Jan-25
6169,Ludhiana,Ludhiana,Onion,Other,FAQ,800,2700,1900,10-Jan-25
6170,Ajmer,Madanganj Kishangarh,Onion,1st Sort,FAQ,2500,3500,3000,08-Jan-25
6171,Hardoi,Madhoganj,Onion,Red,FAQ,2400,2450,2430,15-Jan-25
6172,Hardoi,Madhoganj,Onion,Red,FAQ,2500,2550,2530,04-Jan-25
6173,Chengalpattu,Madhuranthagam(Uzhavar Sandhai ),Onion,Bellary,Local,4500,5000,5000,06-Jan-25
6174,Panipat,Madlauda,Onion,Other,FAQ,2000,2000,2000,21-Jan-25
6175,Panipat,Madlauda,Onion,Other,FAQ,2200,2200,2200,20-Jan-25
6176,Panipat,Madlauda,Onion,Other,FAQ,2700,2700,2700,09-Jan-25
6177,Hyderabad,Mahboob Manison,Onion,1st Sort,FAQ,2300,3100,2600,31-Jan-25
6178,Hyderabad,Mahboob Manison,Onion,1st Sort,FAQ,3200,4500,3600,03-Jan-25
6179,Hyderabad,Mahboob Manison,Onion,1st Sort,Non-FAQ,300,2600,2600,25-Jan-25
6180,Hyderabad,Mahboob Manison,Onion,2nd Sort,FAQ,400,2500,1600,10-Jan-25
6181,Hyderabad,Mahboob Manison,Onion,2nd Sort,FAQ,2200,3000,2600,27-Jan-25
6182,Hyderabad,Mahboob Manison,Onion,2nd Sort,Non-FAQ,300,2400,1800,25-Jan-25
6183,Mahoba,Mahoba,Onion,Red,FAQ,2200,2320,2280,30-Jan-25
6184,Mahoba,Mahoba,Onion,Red,FAQ,2300,2420,2340,11-Jan-25
6185,Mahoba,Mahoba,Onion,Red,FAQ,2300,2420,2340,15-Jan-25
6186,Mahoba,Mahoba,Onion,Red,FAQ,2320,2430,2380,03-Jan-25
6187,Mahoba,Mahoba,Onion,Red,FAQ,2400,2500,2450,07-Jan-25
6188,Bhavnagar,Mahuva(Station Road),Onion,Red,FAQ,850,2535,1695,20-Jan-25
6189,Bhavnagar,Mahuva(Station Road),Onion,White,FAQ,1100,2160,1630,10-Jan-25
6190,Bhavnagar,Mahuva(Station Road),Onion,White,FAQ,1150,2605,1880,25-Jan-25
6191,Khiri (Lakhimpur),Maigalganj,Onion,Red,FAQ,2900,2970,2935,07-Jan-25
6192,Mainpuri,Mainpuri,Onion,Red,FAQ,2100,2300,2200,13-Jan-25
6193,Mainpuri,Mainpuri,Onion,Red,FAQ,2100,2330,2230,02-Jan-25
6194,Hooghly,Champadanga,Onion,Nasik,FAQ,3000,3200,3200,08-Jan-25
6195,Bhadrak,Chandabali,Onion,Other,FAQ,2370,2800,2500,28-Jan-25
6196,Sambhal,Chandausi,Onion,Red,FAQ,2050,2100,2080,29-Jan-25
6197,Sambhal,Chandausi,Onion,Red,FAQ,2050,2150,2100,26-Jan-25
6198,Sambhal,Chandausi,Onion,Red,FAQ,2100,2200,2165,23-Jan-25
6199,Sambhal,Chandausi,Onion,Red,FAQ,2250,2300,2275,07-Jan-25
6200,Sambhal,Chandausi,Onion,Red,FAQ,2300,2350,2325,04-Jan-25
6201,Chandigarh,Chandigarh(Grain/Fruit),Onion,Other,FAQ,1000,2500,2000,19-Jan-25
6202,Chandigarh,Chandigarh(Grain/Fruit),Onion,Other,FAQ,1000,3000,2500,10-Jan-25
6203,Chandauli,Chandoli,Onion,Red,FAQ,2125,2225,2175,24-Jan-25
6204,Chandauli,Chandoli,Onion,Red,FAQ,2500,2600,2550,08-Jan-25
6205,Chandrapur,Chandrapur(Ganjwad),Onion,Other,FAQ,2000,3000,2500,05-Jan-25
6206,Nashik,Chandvad,Onion,Red,Local,1100,2596,2030,31-Jan-25
6207,Kollam,Chathanoor,Onion,Other,FAQ,4300,4700,4500,07-Jan-25
6208,Kollam,Chathanoor,Onion,Other,FAQ,4800,5209,5000,26-Jan-25
6209,Kollam,Chathanoor,Onion,Other,FAQ,5800,6200,6000,15-Jan-25
6210,Chattrapati Sambhajinagar,Chattrapati Sambhajinagar,Onion,Other,FAQ,1200,3000,2100,07-Jan-25
6211,Thirssur,Chavakkad,Onion,Other,FAQ,3800,4400,4400,02-Jan-25
6212,Thirssur,Chavakkad,Onion,Other,FAQ,3800,4800,4800,06-Jan-25
6213,Thirssur,Chavakkad,Onion,Other,FAQ,4000,5000,5000,11-Jan-25
6214,Chengalpattu,Chengalpet(Uzhavar Sandhai ),Onion,Bellary,Local,3000,4000,4000,16-Jan-25
6215,Chengalpattu,Chengalpet(Uzhavar Sandhai ),Onion,Bellary,Local,3000,4000,4000,28-Jan-25
6216,Chengalpattu,Chengalpet(Uzhavar Sandhai ),Onion,Bellary,Local,3800,4200,4200,04-Jan-25
6217,Thiruvannamalai,Chengam(Uzhavar Sandhai ),Onion,Bellary,Local,4000,4800,4800,13-Jan-25
6218,Alappuzha,Chengannur,Onion,Onion,FAQ,3500,3800,3700,16-Jan-25
6219,Alappuzha,Chengannur,Onion,Small,FAQ,8900,9200,9000,12-Jan-25
6220,Thiruvannamalai,Cheyyar(Uzhavar Sandhai ),Onion,Bellary,Local,4000,4800,4800,07-Jan-25
6221,Yamuna Nagar,Chhachrauli,Onion,Onion,FAQ,1900,2500,1900,10-Jan-25
6222,Yamuna Nagar,Chhachrauli,Onion,Onion,FAQ,2600,3300,2600,07-Jan-25
6223,Cuddalore,Chidambaram(Uzhavar Sandhai ),Onion,Bellary,Local,4000,6000,6000,03-Jan-25
6224,Dindigul,Chinnalapatti(Uzhavar Sandhai ),Onion,Bellary,Local,4400,5000,5000,25-Jan-25
6225,Dindigul,Chinnalapatti(Uzhavar Sandhai ),Onion,Bellary,Local,4800,5600,5600,12-Jan-25
6226,Dindigul,Chinnalapatti(Uzhavar Sandhai ),Onion,Bellary,Local,5000,5600,5600,14-Jan-25
6227,Theni,Chinnamanur(Uzhavar Sandhai ),Onion,Bellary,Local,4400,4400,4400,14-Jan-25
6228,Theni,Chinnamanur(Uzhavar Sandhai ),Onion,Bellary,Local,4400,4400,4400,19-Jan-25
6229,Jhansi,Chirgaon,Onion,Red,FAQ,1950,2125,2020,16-Jan-25
6230,Jhansi,Chirgaon,Onion,Red,FAQ,2000,2120,2040,14-Jan-25
6231,Jhansi,Chirgaon,Onion,Red,FAQ,2000,2120,2040,30-Jan-25
6232,Ballia,Chitwadagaon,Onion,Red,FAQ,2400,2495,2460,11-Jan-25
6233,Madurai,Chokkikulam(Uzhavar Sandhai ),Onion,Bellary,Local,4500,5000,5000,28-Jan-25
6234,Madurai,Chokkikulam(Uzhavar Sandhai ),Onion,Bellary,Local,4800,5000,5000,23-Jan-25
6235,Madurai,Chokkikulam(Uzhavar Sandhai ),Onion,Bellary,Local,4800,5200,5200,04-Jan-25
6236,Jaipur Rural,Chomu (F&V),Onion,Other,Non-FAQ,1600,1800,1700,24-Jan-25
6237,Gorakhpur,Chorichora,Onion,Red,FAQ,2500,2800,2600,15-Jan-25
6238,Kanpur,Choubepur,Onion,Red,FAQ,2130,2330,2230,28-Jan-25
6239,Kanpur,Choubepur,Onion,Red,FAQ,2220,2420,2320,25-Jan-25
6240,Kanpur,Choubepur,Onion,Red,FAQ,2300,2500,2400,10-Jan-25
6241,Kanpur,Choubepur,Onion,Red,FAQ,2300,2500,2400,16-Jan-25
6242,Saharanpur,Chutmalpur,Onion,Red,FAQ,1500,1700,1600,10-Jan-25
6243,Coochbehar,Coochbehar,Onion,Other,FAQ,1500,1600,1525,19-Jan-25
6244,Virudhunagar,Rajapalayam(Uzhavar Sandhai ),Onion,Bellary,Local,4000,5000,5000,19-Jan-25
6245,Virudhunagar,Rajapalayam(Uzhavar Sandhai ),Onion,Bellary,Local,4500,5000,5000,20-Jan-25
6246,Rajkot,Rajkot(Veg.Sub Yard),Onion,Onion,FAQ,625,2100,1550,29-Jan-25
6247,Rajnandgaon,Rajnandgaon,Onion,Onion,Non-FAQ,1900,2200,2100,28-Jan-25
6248,Patiala,Rajpura,Onion,Local,FAQ,2000,2500,2300,28-Jan-25
6249,Bhatinda,Raman,Onion,Other,FAQ,2250,2345,2310,22-Jan-25
6250,Bhatinda,Raman,Onion,Other,FAQ,2710,2780,2740,04-Jan-25
6251,Ramanathapuram,Ramanathapuram(Uzhavar Sandhai ),Onion,Bellary,Local,4500,5000,5000,02-Jan-25
6252,Ramanathapuram,Ramanathapuram(Uzhavar Sandhai ),Onion,Bellary,Local,4500,5000,5000,08-Jan-25
6253,Ramanathapuram,Ramanathapuram(Uzhavar Sandhai ),Onion,Bellary,Local,4500,5000,5000,13-Jan-25
6254,Ramanathapuram,Ramanathapuram(Uzhavar Sandhai ),Onion,Bellary,Local,4500,5000,5000,15-Jan-25
6255,Ramanathapuram,Ramanathapuram(Uzhavar Sandhai ),Onion,Bellary,Local,5000,5500,5500,27-Jan-25
6256,Howrah,Ramkrishanpur(Howrah),Onion,Other,FAQ,3000,3800,3400,02-Jan-25
6257,Howrah,Ramkrishanpur(Howrah),Onion,Other,FAQ,3200,3800,3600,17-Jan-25
6258,Nanital,Ramnagar,Onion,Other,FAQ,2300,2500,2400,08-Jan-25
6259,Rampur,Rampur,Onion,Red,FAQ,2060,2150,2100,30-Jan-25
6260,Bhatinda,Rampuraphul(Nabha Mandi),Onion,Other,FAQ,3000,4000,3500,02-Jan-25
6261,Bhatinda,Rampuraphul(Nabha Mandi),Onion,Other,Non-FAQ,2000,3000,2500,27-Jan-25
6262,Bhatinda,Rampuraphul(Nabha Mandi),Onion,Other,Non-FAQ,2000,3000,2500,29-Jan-25
6263,Birbhum,Rampurhat,Onion,Local,FAQ,2350,2450,2400,12-Jan-25
6264,Nagpur,Ramtek,Onion,Other,FAQ,2400,2800,2600,07-Jan-25
6265,Nadia,Ranaghat,Onion,Other,FAQ,2800,3000,2900,18-Jan-25
6266,Nadia,Ranaghat,Onion,Other,FAQ,3000,3200,3100,03-Jan-25
6267,Nadia,Ranaghat,Onion,Other,FAQ,3200,3350,3300,15-Jan-25
6268,Sirsa,Rania,Onion,Other,FAQ,1500,1700,1600,25-Jan-25
6269,Ranipet,Ranipettai(Uzhavar Sandhai ),Onion,Bellary,Local,2500,4800,4800,05-Jan-25
6270,Ranipet,Ranipettai(Uzhavar Sandhai ),Onion,Bellary,Local,4000,4500,4500,02-Jan-25
6271,Ranipet,Ranipettai(Uzhavar Sandhai ),Onion,Bellary,Local,4000,4500,4500,28-Jan-25
6272,Ballia,Rasda,Onion,Red,FAQ,2045,2175,2100,01-Feb-25
6273,Ballia,Rasda,Onion,Red,FAQ,2280,2410,2345,17-Jan-25
6274,Fatehabad,Ratia,Onion,Other,FAQ,1700,2000,1850,30-Jan-25
6275,Ratlam,Ratlam,Onion,Nasik,FAQ,151,1351,1351,30-Jan-25
6276,Ratlam,Ratlam,Onion,Onion,FAQ,200,2471,1780,20-Jan-25
6277,Ratlam,Ratlam,Onion,Onion,FAQ,400,2420,1900,27-Jan-25
6278,Ratlam,Ratlam,Onion,Red,FAQ,1781,2226,2026,24-Jan-25
6279,Ratlam,Ratlam,Onion,White,FAQ,1756,2025,2025,30-Jan-25
6280,Hanumangarh,Rawatsar,Onion,1st Sort,FAQ,1800,1800,1800,13-Jan-25
6281,Hanumangarh,Rawatsar,Onion,1st Sort,FAQ,1900,2000,1950,29-Jan-25
6282,Hanumangarh,Rawatsar,Onion,1st Sort,FAQ,2100,2100,2100,25-Jan-25
6283,Amritsar,Rayya,Onion,Red,FAQ,2300,2300,2300,01-Jan-25
6284,Rewari,Rewari,Onion,Medium,FAQ,1000,2600,1800,15-Jan-25
6285,Rewari,Rewari,Onion,Medium,FAQ,1000,3200,2100,05-Jan-25
6286,Rewari,Rewari,Onion,Medium,Non-FAQ,1000,3000,2000,26-Jan-25
6287,Rewari,Rewari,Onion,Medium,Non-FAQ,1000,3000,2000,29-Jan-25
6288,Dehradoon,Rishikesh,Onion,Other,FAQ,2400,3000,2750,06-Jan-25
6289,Dehradoon,Rishikesh,Onion,Other,Non-FAQ,2000,2450,2200,22-Jan-25
6290,Sonbhadra,Robertsganj,Onion,Red,FAQ,2300,2520,2410,16-Jan-25
6291,Sonbhadra,Robertsganj,Onion,Red,FAQ,2365,2515,2450,10-Jan-25
6292,Sonbhadra,Robertsganj,Onion,Red,FAQ,2375,2540,2450,13-Jan-25
6293,Rohtak,Rohtak,Onion,Other,FAQ,1000,2000,1500,29-Jan-25
6294,Haridwar,Roorkee,Onion,Other,FAQ,2000,4000,3000,01-Jan-25
6295,Ghaziabad,Ghaziabad,Onion,Red,FAQ,2460,2560,2510,09-Jan-25
6296,Ghaziabad,Ghaziabad,Onion,Red,FAQ,2475,2575,2525,08-Jan-25
6297,Mainpuri,Ghiraur,Onion,Red,FAQ,2320,2520,2420,16-Jan-25
6298,Mainpuri,Ghiraur,Onion,Red,Non-FAQ,2200,2400,2300,23-Jan-25
6299,Muktsar,Giddarbaha,Onion,Onion,FAQ,2500,2600,2600,15-Jan-25
6300,Villupuram,Gingee(Uzhavar Sandhai ),Onion,Bellary,Local,4000,4000,4000,30-Jan-25
6301,Villupuram,Gingee(Uzhavar Sandhai ),Onion,Bellary,Local,4000,5000,5000,02-Jan-25
6302,Erode,Gobichettipalayam(Uzhavar Sandhai ),Onion,Bellary,Local,4200,4600,4600,22-Jan-25
6303,Erode,Gobichettipalayam(Uzhavar Sandhai ),Onion,Bellary,Local,4500,4800,4800,01-Feb-25
6304,Erode,Gobichettipalayam(Uzhavar Sandhai ),Onion,Bellary,Local,5000,5500,5500,10-Jan-25
6305,Sonipat,Gohana,Onion,Other,FAQ,2000,2500,2200,24-Jan-25
6306,Hanumangarh,Goluwala,Onion,1st Sort,FAQ,2000,2100,2100,21-Jan-25
6307,Hanumangarh,Goluwala,Onion,1st Sort,FAQ,2000,2200,2200,15-Jan-25
6308,Hanumangarh,Goluwala,Onion,1st Sort,FAQ,2200,2400,2400,06-Jan-25
6309,Hanumangarh,Goluwala,Onion,1st Sort,FAQ,2400,2600,2600,03-Jan-25
6310,Gonda,Gonda,Onion,Red,FAQ,2100,2400,2200,27-Jan-25
6311,Gonda,Gonda,Onion,Red,FAQ,2100,2400,2200,31-Jan-25
6312,Rajkot,Gondal,Onion,Red,FAQ,655,2280,1655,16-Jan-25
6313,Rajkot,Gondal,Onion,White,FAQ,1055,1580,1405,11-Jan-25
6314,Bhadohi(Sant Ravi Nagar),Gopiganj,Onion,Red,FAQ,2120,2220,2170,28-Jan-25
6315,Bhadohi(Sant Ravi Nagar),Gopiganj,Onion,Red,FAQ,2150,2260,2200,25-Jan-25
6316,Bhadohi(Sant Ravi Nagar),Gopiganj,Onion,Red,FAQ,2450,2550,2500,14-Jan-25
6317,Gorakhpur,Gorakhpur,Onion,Red,FAQ,2150,2250,2200,22-Jan-25
6318,Gorakhpur,Gorakhpur,Onion,Red,FAQ,2175,2275,2225,27-Jan-25
6319,The Nilgiris,Gudalur(Uzhavar Sandhai ),Onion,Bellary,Local,4200,4400,4400,17-Jan-25
6320,The Nilgiris,Gudalur(Uzhavar Sandhai ),Onion,Bellary,Local,4200,4500,4500,18-Jan-25
6321,The Nilgiris,Gudalur(Uzhavar Sandhai ),Onion,Bellary,Local,4500,5000,5000,22-Jan-25
6322,The Nilgiris,Gudalur(Uzhavar Sandhai ),Onion,Bellary,Local,4500,5000,5000,23-Jan-25
6323,Hyderabad,Gudimalkapur,Onion,1st Sort,FAQ,800,4000,2000,11-Jan-25
6324,Vellore,Gudiyatham(Uzhavar Sandhai ),Onion,Bellary,Local,4500,4500,4500,21-Jan-25
6325,Vellore,Gudiyatham(Uzhavar Sandhai ),Onion,Bellary,Local,4600,4600,4600,08-Jan-25
6326,Chengalpattu,Guduvancheri(Uzhavar Sandhai ),Onion,Bellary,Local,3500,4000,4000,18-Jan-25
6327,Chengalpattu,Guduvancheri(Uzhavar Sandhai ),Onion,Bellary,Local,4000,4500,4500,31-Jan-25
6328,Chengalpattu,Guduvancheri(Uzhavar Sandhai ),Onion,Bellary,Local,4000,5000,5000,02-Jan-25
6329,Gurdaspur,Gurdaspur,Onion,Other,FAQ,2200,2400,2300,29-Jan-25
6330,Gurdaspur,Gurdaspur,Onion,Other,FAQ,2200,2400,2300,30-Jan-25
6331,Gurdaspur,Gurdaspur,Onion,Other,FAQ,2200,2600,2400,10-Jan-25
6332,Jhansi,Gurusarai,Onion,Red,FAQ,2015,2080,2065,21-Jan-25
6333,Hathras,Haathras,Onion,Red,FAQ,2020,2220,2120,01-Feb-25
6334,Hathras,Haathras,Onion,Red,FAQ,2020,2220,2120,30-Jan-25
6335,Hathras,Haathras,Onion,Red,FAQ,2120,2320,2220,07-Jan-25
6336,Hathras,Haathras,Onion,Red,FAQ,2300,2500,2400,13-Jan-25
6337,North 24 Parganas,Habra,Onion,Other,FAQ,2600,2800,2800,07-Jan-25
6338,North 24 Parganas,Habra,Onion,Other,FAQ,2600,2800,2800,09-Jan-25
6339,North 24 Parganas,Habra,Onion,Other,FAQ,3000,3200,3200,24-Jan-25
6340,Hamirpur,Hamirpur,Onion,Other,FAQ,2800,3200,3000,24-Jan-25
6341,Hissar,Hansi,Onion,Other,FAQ,2000,3000,2500,02-Jan-25
6342,Hanumangarh,Hanumangarh(Urlivas),Onion,1st Sort,FAQ,2500,2600,2550,15-Jan-25
6343,Hardoi,Hardoi,Onion,Pusa-Red,FAQ,2380,2500,2440,16-Jan-25
6344,Hardoi,Hardoi,Onion,Pusa-Red,FAQ,2420,2470,2455,10-Jan-25
6345,Ropar (Rupnagar),Ropar,Onion,Other,FAQ,2200,2400,2300,21-Jan-25
6346,Ropar (Rupnagar),Ropar,Onion,Other,FAQ,2200,2600,2400,23-Jan-25
6347,Coimbatore,RSPuram(Uzhavar Sandhai ),Onion,Bellary,Local,3700,4000,4000,01-Jan-25
6348,Ayodhya,Rudauli,Onion,Red,FAQ,2250,2400,2300,09-Jan-25
6349,UdhamSinghNagar,Rudrapur,Onion,Other,FAQ,2000,2800,2500,31-Jan-25
6350,UdhamSinghNagar,Rudrapur,Onion,Other,FAQ,2000,3000,2500,12-Jan-25
6351,Morena,Sabalgarh(F&V),Onion,Onion,FAQ,900,1000,950,02-Jan-25
6352,Medak,Sadasivpet,Onion,1st Sort,Non-FAQ,816,2504,2261,30-Jan-25
6353,Yamuna Nagar,Sadhaura,Onion,Onion,FAQ,1500,2000,1800,06-Jan-25
6354,Barabanki,Safdarganj,Onion,Red,FAQ,2100,2200,2150,29-Jan-25
6355,Barabanki,Safdarganj,Onion,Red,FAQ,2350,2450,2400,07-Jan-25
6356,Jind,Safidon,Onion,Other,FAQ,2000,2000,2000,22-Jan-25
6357,Saharanpur,Saharanpur,Onion,Red,FAQ,2300,2700,2500,04-Jan-25
6358,Saharanpur,Saharanpur,Onion,Red,Non-FAQ,1200,1900,1500,01-Feb-25
6359,Keonjhar,Saharpada,Onion,Other,FAQ,3000,3500,3500,12-Jan-25
6360,Siddharth Nagar,Sahiyapur,Onion,Red,FAQ,1500,1520,1510,23-Jan-25
6361,Ludhiana,Sahnewal,Onion,Onion,FAQ,2600,2600,2600,14-Jan-25
6362,Ratlam,Sailana,Onion,Medium,FAQ,800,1900,1900,03-Jan-25
6363,Ratlam,Sailana(F&V),Onion,Local,FAQ,540,1844,1600,15-Jan-25
6364,Ratlam,Sailana(F&V),Onion,Local,FAQ,610,2300,1450,29-Jan-25
6365,Ratlam,Sailana(F&V),Onion,Local,FAQ,681,2005,1343,09-Jan-25
6366,Ratlam,Sailana(F&V),Onion,Local,FAQ,690,1950,1300,04-Jan-25
6367,Ratlam,Sailana(F&V),Onion,Local,FAQ,710,1401,1251,10-Jan-25
6368,Birbhum,Sainthia,Onion,Onion,FAQ,2500,2700,2600,05-Jan-25
6369,Raebarelli,Salon,Onion,1st Sort,FAQ,2575,2585,2580,08-Jan-25
6370,Raebarelli,Salon,Onion,1st Sort,Non-FAQ,2350,2365,2360,23-Jan-25
6371,Panipat,Samalkha,Onion,Local,FAQ,2000,2000,2000,26-Jan-25
6372,Sambhal,Sambhal,Onion,Red,FAQ,1200,1650,1400,20-Jan-25
6373,Sambhal,Sambhal,Onion,Red,FAQ,2000,2300,2250,04-Jan-25
6374,Sambhal,Sambhal,Onion,Red,FAQ,2000,2400,2250,09-Jan-25
6375,Erode,Sampath Nagar(Uzhavar Sandhai ),Onion,Bellary,Local,4400,4600,4600,19-Jan-25
6376,Rohtak,Sampla,Onion,Other,FAQ,2500,2500,2500,27-Jan-25
6377,Rohtak,Sampla,Onion,Other,FAQ,3000,3000,3000,31-Jan-25
6378,Ludhiana,Samrala,Onion,Other,FAQ,1500,2000,1800,01-Jan-25
6379,Ludhiana,Samrala,Onion,Other,FAQ,1800,2100,2000,13-Jan-25
6380,Khandwa,Sanawad(F&V),Onion,Onion,FAQ,1500,2000,1800,24-Jan-25
6381,Khandwa,Sanawad(F&V),Onion,Onion,FAQ,1800,2500,2000,14-Jan-25
6382,Khandwa,Sanawad(F&V),Onion,Onion,FAQ,2000,3000,2500,16-Jan-25
6383,Khandwa,Sanawad(F&V),Onion,Onion,FAQ,3000,4000,3500,03-Jan-25
6384,Hardoi,Sandi,Onion,Pusa-Red,FAQ,2300,2370,2330,20-Jan-25
6385,Hardoi,Sandi,Onion,Pusa-Red,FAQ,2300,2400,2350,19-Jan-25
6386,Hardoi,Sandi,Onion,Pusa-Red,FAQ,2500,2600,2545,03-Jan-25
6387,Hardoi,Sandila,Onion,Red,FAQ,2300,2380,2340,19-Jan-25
6388,Ahmednagar,Sangamner,Onion,Red,FAQ,500,3511,2005,08-Jan-25
6389,Ahmednagar,Sangamner,Onion,Red,FAQ,500,3511,2005,09-Jan-25
6390,Sangli,"Sangli(Phale, Bhajipura Market)",Onion,Local,FAQ,500,2700,1600,11-Jan-25
6391,Hanumangarh,Sangriya,Onion,Onion,FAQ,2200,2800,2600,03-Jan-25
6392,Hanumangarh,Sangriya,Onion,Onion,FAQ,2400,3100,2700,06-Jan-25
6393,Tenkasi,Sankarankoil(Uzhavar Sandhai ),Onion,Bellary,Local,4000,5000,5000,12-Jan-25
6394,Tenkasi,Sankarankoil(Uzhavar Sandhai ),Onion,Bellary,Local,4500,5000,5000,09-Jan-25
6395,Tenkasi,Sankarankoil(Uzhavar Sandhai ),Onion,Bellary,Local,4500,5000,5000,24-Jan-25
6396,Tenkasi,Sankarankoil(Uzhavar Sandhai ),Onion,Bellary,Local,4500,5000,5000,27-Jan-25
6397,Kancheepuram,Kundrathur(Uzhavar Sandhai ),Onion,Bellary,Local,3000,4000,4000,05-Jan-25
6398,Kancheepuram,Kundrathur(Uzhavar Sandhai ),Onion,Bellary,Local,3500,4000,4000,11-Jan-25
6399,Kancheepuram,Kundrathur(Uzhavar Sandhai ),Onion,Bellary,Local,4000,5000,5000,18-Jan-25
6400,Mohali,Kurali,Onion,Other,FAQ,2500,2610,2550,16-Jan-25
6401,Sholapur,Kurdwadi(Modnimb),Onion,Red,Local,500,2900,1600,30-Jan-25
6402,Coimbatore,Kurichi(Uzhavar Sandhai ),Onion,Bellary,Local,3500,3800,3800,29-Jan-25
6403,Coimbatore,Kurichi(Uzhavar Sandhai ),Onion,Bellary,Local,4000,4400,4400,24-Jan-25
6404,Kurnool,Kurnool,Onion,Local,FAQ,967,2589,1795,17-Jan-25
6405,Kottayam,Kuruppanthura,Onion,Big,FAQ,4000,5000,4600,13-Jan-25
6406,Kurukshetra,Ladwa,Onion,Onion,FAQ,2000,3000,2500,16-Jan-25
6407,Kurukshetra,Ladwa,Onion,Onion,FAQ,2200,2600,2400,13-Jan-25
6408,Lakhimpur,Lakhimpur,Onion,Red,FAQ,2070,2140,2100,31-Jan-25
6409,Lakhimpur,Lakhimpur,Onion,Red,FAQ,2480,2560,2510,14-Jan-25
6410,Raebarelli,Lalganj,Onion,Red,FAQ,2200,2300,2250,30-Jan-25
6411,Raebarelli,Lalganj,Onion,Red,FAQ,2300,2400,2350,11-Jan-25
6412,Raebarelli,Lalganj,Onion,Red,FAQ,2300,2400,2350,12-Jan-25
6413,Raebarelli,Lalganj,Onion,Red,FAQ,2650,2750,2700,01-Jan-25
6414,Thiruchirappalli,Lalgudi(Uzhavar Sandhai ),Onion,Bellary,Local,4600,6000,6000,07-Jan-25
6415,Lalitpur,Lalitpur,Onion,Red,FAQ,1900,1980,1960,03-Jan-25
6416,Lalitpur,Lalitpur,Onion,Red,FAQ,1960,2000,1980,17-Jan-25
6417,Mohali,Lalru,Onion,Other,FAQ,3000,3000,3000,12-Jan-25
6418,Mohali,Lalru,Onion,Other,FAQ,3000,3000,3000,31-Jan-25
6419,Imphal East,Lamlong Bazaar,Onion,Other,FAQ,5000,6000,5500,10-Jan-25
6420,Nashik,Lasalgaon,Onion,Red,FAQ,800,2453,2000,15-Jan-25
6421,Nashik,Lasalgaon(Niphad),Onion,Red,FAQ,861,2230,1850,10-Jan-25
6422,Nashik,Lasalgaon(Vinchur),Onion,Red,Local,1000,2611,2250,27-Jan-25
6423,Sholapur,Laxmi Sopan Agriculture Produce Marketing Co Ltd,Onion,Other,FAQ,400,3700,2200,02-Jan-25
6424,Sangrur,Lehra Gaga,Onion,Other,FAQ,2400,2400,2400,22-Jan-25
6425,Bhiwani,Loharu,Onion,Other,FAQ,2500,2500,2500,09-Jan-25
6426,Ludhiana,Ludhiana,Onion,Other,FAQ,650,2500,1800,14-Jan-25
6427,Ludhiana,Ludhiana,Onion,Other,FAQ,700,2200,1900,01-Feb-25
6428,Ludhiana,Ludhiana,Onion,Other,FAQ,700,2200,1900,29-Jan-25
6429,Ludhiana,Ludhiana,Onion,Other,FAQ,800,3100,2000,08-Jan-25
6430,Ajmer,Madanganj Kishangarh,Onion,1st Sort,FAQ,2500,3000,2800,21-Jan-25
6431,Ajmer,Madanganj Kishangarh,Onion,1st Sort,FAQ,2800,3200,3000,23-Jan-25
6432,Ajmer,Madanganj Kishangarh,Onion,1st Sort,FAQ,3000,3500,3200,10-Jan-25
6433,Alappuzha,Madhavapuram,Onion,Other,FAQ,6000,7000,6500,26-Jan-25
6434,Hardoi,Madhoganj,Onion,Red,FAQ,2450,2500,2480,09-Jan-25
6435,Chengalpattu,Madhuranthagam(Uzhavar Sandhai ),Onion,Bellary,Local,4500,5000,5000,07-Jan-25
6436,Hyderabad,Mahboob Manison,Onion,1st Sort,FAQ,2500,3600,2700,22-Jan-25
6437,Hyderabad,Mahboob Manison,Onion,1st Sort,FAQ,2600,3200,2700,09-Jan-25
6438,Ujjain,Mahidpur(F&V),Onion,Onion,FAQ,635,2314,695,29-Jan-25
6439,Bhavnagar,Mahuva(Station Road),Onion,Red,FAQ,630,2345,1490,11-Jan-25
6440,Bhavnagar,Mahuva(Station Road),Onion,Red,FAQ,755,2345,1550,10-Jan-25
6441,Khiri (Lakhimpur),Maigalganj,Onion,Red,FAQ,2800,2860,2830,22-Jan-25
6442,Khiri (Lakhimpur),Maigalganj,Onion,Red,FAQ,2800,2870,2840,30-Jan-25
6443,Khiri (Lakhimpur),Maigalganj,Onion,Red,FAQ,2900,2975,2940,10-Jan-25
6444,Mainpuri,Mainpuri,Onion,Red,FAQ,2200,2400,2300,21-Jan-25
6445,Sangrur,Malerkotla,Onion,Other,FAQ,1500,2500,1800,29-Jan-25
6446,Muktsar,Malout,Onion,Onion,FAQ,1800,2200,2000,16-Jan-25
6447,Muktsar,Malout,Onion,Onion,FAQ,1800,2400,2200,14-Jan-25
6448,Hardoi,Hardoi,Onion,Pusa-Red,FAQ,2500,2640,2570,06-Jan-25
6449,Dharmapuri,Harur(Uzhavar Sandhai ),Onion,Bellary,Local,4300,4500,4500,08-Jan-25
6450,Dharmapuri,Harur(Uzhavar Sandhai ),Onion,Bellary,Local,4300,4500,4500,13-Jan-25
6451,Dharmapuri,Harur(Uzhavar Sandhai ),Onion,Bellary,Local,4300,4500,4500,21-Jan-25
6452,Amroha,Hasanpur,Onion,Nasik,FAQ,1410,1500,1450,07-Jan-25
6453,Salem,Hasthampatti(Uzhavar Sandhai ),Onion,Bellary,Local,5500,6000,6000,02-Jan-25
6454,Nagpur,Hingna,Onion,Red,FAQ,3000,3000,3000,17-Jan-25
6455,Ganjam,Hinjilicut,Onion,Other,FAQ,2500,4000,3000,28-Jan-25
6456,Hoshangabad,Hoshangabad(F&V),Onion,Onion,FAQ,1390,2330,1710,22-Jan-25
6457,Hoshiarpur,Hoshiarpur,Onion,Other,FAQ,2200,2400,2300,28-Jan-25
6458,Hoshiarpur,Hoshiarpur,Onion,Other,FAQ,3000,3200,3100,06-Jan-25
6459,Hoshiarpur,Hoshiarpur,Onion,Other,FAQ,3000,3200,3100,20-Jan-25
6460,Hoshiarpur,Hoshiarpur,Onion,Other,FAQ,3100,3300,3200,09-Jan-25
6461,Hoshiarpur,Hoshiarpur,Onion,Other,FAQ,3400,3800,3700,17-Jan-25
6462,Dharwad,Hubli (Amaragol),Onion,Local,FAQ,300,2410,1150,24-Jan-25
6463,Dharwad,Hubli (Amaragol),Onion,Local,Ref grade-1,200,2800,1400,30-Jan-25
6464,Dharwad,Hubli (Amaragol),Onion,Puna,FAQ,500,4000,1800,02-Jan-25
6465,Dharwad,Hubli (Amaragol),Onion,Telagi,Ref grade-1,500,2300,1300,01-Feb-25
6466,Imphal West,Imphal,Onion,Other,FAQ,4200,5000,4600,10-Jan-25
6467,Imphal West,Imphal,Onion,Other,FAQ,4200,5000,4600,21-Jan-25
6468,Imphal West,Imphal,Onion,Other,FAQ,4200,5000,4600,27-Jan-25
6469,Imphal West,Imphal,Onion,Other,FAQ,5200,6000,5600,08-Jan-25
6470,Indore,Indore,Onion,Onion,FAQ,722,2165,2165,31-Jan-25
6471,Indore,Indore,Onion,Onion,Non-FAQ,1269,2308,1575,24-Jan-25
6472,Amethi,Jafarganj,Onion,Red,FAQ,2280,2360,2320,15-Jan-25
6473,Yamuna Nagar,Jagadhri,Onion,Other,FAQ,2000,2300,2100,27-Jan-25
6474,Yamuna Nagar,Jagadhri,Onion,Other,FAQ,2050,2390,2200,31-Jan-25
6475,Agra,Jagnair,Onion,Red,FAQ,1800,2000,1900,22-Jan-25
6476,Ludhiana,Jagraon,Onion,Other,FAQ,1800,2500,2300,28-Jan-25
6477,Ludhiana,Jagraon,Onion,Other,FAQ,2200,2800,2600,01-Jan-25
6478,Madhubani,Jahajharpur,Onion,Medium,FAQ,2500,2700,2600,03-Jan-25
6479,Madhubani,Jahajharpur,Onion,Medium,FAQ,3000,3200,3100,10-Jan-25
6480,Bulandshahar,Jahangirabad,Onion,Red,FAQ,2100,2270,2180,23-Jan-25
6481,Bulandshahar,Jahangirabad,Onion,Red,FAQ,2258,2465,2360,15-Jan-25
6482,Madhubani,Jainagar,Onion,Medium,FAQ,3000,3200,3100,14-Jan-25
6483,Madhubani,Jainagar,Onion,Medium,FAQ,3000,3200,3100,16-Jan-25
6484,Madhubani,Jainagar,Onion,Medium,FAQ,3000,3200,3100,26-Jan-25
6485,Madhubani,Jainagar,Onion,Medium,FAQ,3000,3200,3100,27-Jan-25
6486,Madhubani,Jainagar,Onion,Medium,FAQ,3800,4000,3900,09-Jan-25
6487,Jaipur,Jaipur (F&V),Onion,Other,FAQ,1500,2500,2000,08-Jan-25
6488,Jaipur,Jaipur (F&V),Onion,Other,FAQ,1500,2600,2050,13-Jan-25
6489,Jaipur,Jaipur (F&V),Onion,Other,FAQ,1700,2600,2150,29-Jan-25
6490,Jaipur,Jaipur (F&V),Onion,Other,FAQ,1700,2600,2150,30-Jan-25
6491,Fatehabad,Jakhal,Onion,Other,FAQ,2000,2000,2000,26-Jan-25
6492,Fatehabad,Jakhal,Onion,Other,FAQ,2000,2000,2000,31-Jan-25
6493,Salem,Jalagandapuram(Uzhavar Sandhai ),Onion,Bellary,Local,5000,5500,5500,24-Jan-25
6494,Fazilka,Jalalabad,Onion,Other,FAQ,2100,2300,2200,02-Jan-25
6495,Fazilka,Jalalabad,Onion,Other,FAQ,2500,2700,2600,29-Jan-25
6496,Jalandhar,Jalandhar City(Jalandhar),Onion,Other,FAQ,800,1800,1300,02-Jan-25
6497,Jalandhar,Jalandhar City(Jalandhar),Onion,Other,Non-FAQ,400,1400,900,25-Jan-25
6498,Jalgaon,Jalgaon,Onion,Red,FAQ,500,2062,1275,16-Jan-25
6499,Jalgaon,Jalgaon,Onion,Red,Local,500,2250,1377,28-Jan-25
6500,Hamirpur,Muskara,Onion,Red,FAQ,2250,2450,2350,11-Jan-25
6501,Hamirpur,Muskara,Onion,Red,FAQ,2300,2400,2360,21-Jan-25
6502,Yamuna Nagar,Mustafabad,Onion,Other,FAQ,1400,1500,1400,30-Jan-25
6503,Yamuna Nagar,Mustafabad,Onion,Other,FAQ,2800,3000,2800,23-Jan-25
6504,Thiruvarur,Muthupettai(Uzhavar Sandhai ),Onion,Bellary,Local,5000,5000,5000,23-Jan-25
6505,Muzaffarnagar,Muzzafarnagar,Onion,Red,FAQ,2200,2400,2275,27-Jan-25
6506,Muzaffarnagar,Muzzafarnagar,Onion,Red,FAQ,2200,2550,2350,20-Jan-25
6507,Muzaffarnagar,Muzzafarnagar,Onion,Red,FAQ,2400,2650,2500,13-Jan-25
6508,Muzaffarnagar,Muzzafarnagar,Onion,Red,FAQ,2400,2700,2500,12-Jan-25
6509,Nagercoil (Kannyiakumari),Myladi(Uzhavar Sandhai ),Onion,Bellary,Local,4500,5000,5000,23-Jan-25
6510,Nagercoil (Kannyiakumari),Myladi(Uzhavar Sandhai ),Onion,Bellary,Local,4500,5000,5000,28-Jan-25
6511,Mysore,Mysore (Bandipalya),Onion,Other,FAQ,2400,3600,3000,28-Jan-25
6512,Patiala,Nabha,Onion,Other,FAQ,1600,2500,2000,09-Jan-25
6513,Patiala,Nabha,Onion,Other,FAQ,1700,2700,2200,01-Feb-25
6514,Nadia,Nadia,Onion,Other,FAQ,2200,2525,2400,01-Jan-25
6515,Nadia,Nadia,Onion,Other,FAQ,2800,3000,2800,05-Jan-25
6516,Nadia,Nadia,Onion,Other,FAQ,2800,3050,2900,14-Jan-25
6517,Kheda,Nadiyad(Piplag),Onion,Onion,FAQ,1500,2200,1800,18-Jan-25
6518,Kheda,Nadiyad(Piplag),Onion,Onion,FAQ,2400,2700,2600,05-Jan-25
6519,Nagapattinam,Nagapattinam(Uzhavar Sandhai ),Onion,Bellary,Local,2500,3500,3500,24-Jan-25
6520,Nagapattinam,Nagapattinam(Uzhavar Sandhai ),Onion,Bellary,Local,3000,3500,3500,08-Jan-25
6521,Nagpur,Nagpur,Onion,Red,FAQ,1600,2600,2425,14-Jan-25
6522,Nagpur,Nagpur,Onion,Red,FAQ,1600,2800,2500,04-Jan-25
6523,Namakkal,Namakkal(Uzhavar Sandhai ),Onion,Bellary,Local,3200,4000,4000,15-Jan-25
6524,Namakkal,Namakkal(Uzhavar Sandhai ),Onion,Bellary,Local,3500,4000,4000,19-Jan-25
6525,Namakkal,Namakkal(Uzhavar Sandhai ),Onion,Bellary,Local,4000,4500,4500,01-Jan-25
6526,Namakkal,Namakkal(Uzhavar Sandhai ),Onion,Bellary,Local,4000,5000,5000,08-Jan-25
6527,Namakkal,Namakkal(Uzhavar Sandhai ),Onion,Bellary,Local,4500,5000,5000,05-Jan-25
6528,Nashik,Nampur,Onion,Red,FAQ,300,2851,2200,09-Jan-25
6529,Nashik,Nampur,Onion,Red,Local,400,2350,1800,31-Jan-25
6530,Chengalpattu,Nanganallur(Uzhavar Sandhai ),Onion,Bellary,Local,3000,4000,4000,09-Jan-25
6531,Chengalpattu,Nanganallur(Uzhavar Sandhai ),Onion,Bellary,Local,3500,4500,4500,02-Jan-25
6532,Chengalpattu,Nanganallur(Uzhavar Sandhai ),Onion,Bellary,Local,3500,4600,4600,14-Jan-25
6533,Ambala,Naraingarh,Onion,Onion,FAQ,1800,2200,2000,21-Jan-25
6534,Ambala,Naraingarh,Onion,Onion,FAQ,2000,2800,2300,09-Jan-25
6535,Thiruvellore,Naravarikuppam(Uzhavar Sandhai ),Onion,Bellary,Local,4500,4500,4500,01-Jan-25
6536,Thiruvellore,Naravarikuppam(Uzhavar Sandhai ),Onion,Bellary,Local,4500,4500,4500,23-Jan-25
6537,Thiruvellore,Naravarikuppam(Uzhavar Sandhai ),Onion,Bellary,Local,5000,5000,5000,08-Jan-25
6538,Mahendragarh-Narnaul,Narnaul,Onion,Onion,FAQ,2000,2500,2500,01-Feb-25
6539,Rajgarh,Narsinghgarh,Onion,Onion,FAQ,430,430,430,17-Jan-25
6540,Rajgarh,Narsinghgarh,Onion,Onion,FAQ,1870,1870,1870,07-Jan-25
6541,Jammu,Narwal Jammu (F&V),Onion,Other,Non-FAQ,2700,2900,2800,30-Jan-25
6542,Jind,Narwana,Onion,Other,FAQ,2000,2000,2000,23-Jan-25
6543,Jind,Narwana,Onion,Other,FAQ,2000,2200,2100,28-Jan-25
6544,Jind,Narwana,Onion,Other,FAQ,2500,2500,2500,14-Jan-25
6545,Jind,Narwana,Onion,Other,FAQ,2500,2500,2500,15-Jan-25
6546,Jind,Narwana,Onion,Other,FAQ,2500,2500,2500,22-Jan-25
6547,Thirupathur,Natrampalli(Uzhavar Sandhai ),Onion,Bellary,Local,5500,6000,6000,04-Jan-25
6548,Maharajganj,Nautnava,Onion,Red,FAQ,2300,2500,2400,16-Jan-25
6549,Maharajganj,Nautnava,Onion,Red,FAQ,2400,2600,2500,13-Jan-25
6550,Kallakuruchi,Sankarapuram(Uzhavar Sandhai ),Onion,Bellary,Local,4000,5000,5000,12-Jan-25
6551,Kallakuruchi,Sankarapuram(Uzhavar Sandhai ),Onion,Bellary,Local,4000,5000,5000,17-Jan-25
6552,Kallakuruchi,Sankarapuram(Uzhavar Sandhai ),Onion,Bellary,Local,4000,5000,5000,30-Jan-25
6553,Una,Santoshgarh,Onion,Onion,FAQ,3000,3200,3100,14-Jan-25
6554,Sundergarh,Sargipali,Onion,Other,FAQ,3000,3500,3200,05-Jan-25
6555,Nashik,Satana,Onion,Red,Local,325,2485,1950,31-Jan-25
6556,Satara,Satara,Onion,Other,FAQ,1000,2500,1750,12-Jan-25
6557,Satara,Satara,Onion,Other,FAQ,1000,3300,2100,06-Jan-25
6558,Satara,Satara,Onion,Other,FAQ,1000,3400,2200,05-Jan-25
6559,Satara,Satara,Onion,Other,FAQ,1500,2000,1750,16-Jan-25
6560,Erode,Sathiyamagalam(Uzhavar Sandhai ),Onion,Bellary,Local,3500,4000,4000,01-Feb-25
6561,Erode,Sathiyamagalam(Uzhavar Sandhai ),Onion,Bellary,Local,4000,4500,4500,20-Jan-25
6562,Virudhunagar,Sathur(Uzhavar Sandhai ),Onion,Bellary,Local,4000,4500,4500,21-Jan-25
6563,Sehore,Sehore,Onion,Onion,FAQ,1001,2643,2643,06-Jan-25
6564,Sehore,Sehore,Onion,Onion,FAQ,1350,2095,2095,24-Jan-25
6565,Sehore,Sehore,Onion,Onion,FAQ,1660,2221,2221,27-Jan-25
6566,Badwani,Sendhwa(F&V),Onion,Red,FAQ,500,2000,1500,12-Jan-25
6567,Hathras,Shadabad,Onion,Red,FAQ,2100,2200,2150,08-Jan-25
6568,Hathras,Shadabad,Onion,Red,FAQ,2100,2200,2150,13-Jan-25
6569,Hathras,Shadabad,Onion,Red,FAQ,2100,2200,2150,14-Jan-25
6570,Hathras,Shadabad,Onion,Red,FAQ,3100,3200,3150,27-Jan-25
6571,Kurukshetra,Shahabad,Onion,Onion,FAQ,1800,2500,2000,24-Jan-25
6572,Kurukshetra,Shahabad,Onion,Onion,FAQ,1800,2500,2200,22-Jan-25
6573,Kurukshetra,Shahabad,Onion,Onion,FAQ,2000,2800,2500,11-Jan-25
6574,Badaun,Shahaswan,Onion,Red,FAQ,2500,2800,2600,07-Jan-25
6575,Badaun,Shahaswan,Onion,Red,Non-FAQ,2300,2550,2500,24-Jan-25
6576,Jaunpur,Shahganj,Onion,Red,FAQ,2050,2200,2100,31-Jan-25
6577,Jaunpur,Shahganj,Onion,Red,FAQ,2500,2600,2530,13-Jan-25
6578,Ambala,Shahzadpur,Onion,Local,FAQ,2000,2000,2000,21-Jan-25
6579,Ambala,Shahzadpur,Onion,Local,FAQ,2000,3000,2000,02-Jan-25
6580,Shajapur,Shajapur,Onion,Medium,FAQ,309,2100,2000,04-Jan-25
6581,Shajapur,Shajapur,Onion,Medium,FAQ,435,2200,2012,21-Jan-25
6582,Shajapur,Shajapur,Onion,Medium,Non-FAQ,725,1933,1900,29-Jan-25
6583,Shajapur,Shajapur,Onion,Onion,FAQ,1000,1907,1907,22-Jan-25
6584,Shajapur,Shajapur,Onion,Onion,FAQ,1860,1860,1860,10-Jan-25
6585,Mandsaur,Shamgarh,Onion,Onion,FAQ,130,1918,1401,24-Jan-25
6586,Mandsaur,Shamgarh,Onion,Onion,FAQ,575,1456,1160,16-Jan-25
6587,Shamli,Shamli,Onion,Red,FAQ,2200,2300,2250,27-Jan-25
6588,Shamli,Shamli,Onion,Red,FAQ,2350,2450,2400,16-Jan-25
6589,Sheohar,Sheohar,Onion,Medium,FAQ,3000,3300,3200,13-Jan-25
6590,Sheohar,Sheohar,Onion,Medium,FAQ,3200,3500,3300,25-Jan-25
6591,Sheohar,Sheohar,Onion,Medium,FAQ,3200,3500,3300,26-Jan-25
6592,Hooghly,Sheoraphuly,Onion,Nasik,FAQ,2750,3000,2900,15-Jan-25
6593,Ahmednagar,Shevgaon,Onion,2nd Sort,FAQ,1800,2400,2100,02-Jan-25
6594,Ahmednagar,Shevgaon,Onion,Other,Local,500,1400,1400,01-Feb-25
6595,Shimoga,Shimoga,Onion,Onion,FAQ,2500,3600,2800,17-Jan-25
6596,Shimoga,Shimoga,Onion,Onion,FAQ,3300,4500,4000,21-Jan-25
6597,Dhule,Shirpur,Onion,Red,FAQ,200,2750,2275,03-Jan-25
6598,Nashik,Shivsiddha Govind Producer Company Limited Sanchal,Onion,Red,FAQ,1200,3000,2500,06-Jan-25
6599,Nashik,Shivsiddha Govind Producer Company Limited Sanchal,Onion,Red,FAQ,2100,2800,2550,23-Jan-25
6600,Nashik,Shree Rameshwar Krushi Market ,Onion,Red,FAQ,451,2651,1869.36,27-Jan-25
6601,Ahmednagar,Shrigonda,Onion,Other,Local,400,2500,2000,29-Jan-25
6602,Jalore,Jalore,Onion,Other,FAQ,2500,3000,2800,20-Jan-25
6603,Jalpaiguri,Jalpaiguri Sadar,Onion,Nasik,FAQ,2600,2800,2700,01-Jan-25
6604,Jalpaiguri,Jalpaiguri Sadar,Onion,Nasik,FAQ,2800,3000,2900,21-Jan-25
6605,Chengalpattu,Jameenrayapettai(Uzhavar Sandhai ),Onion,Bellary,Local,3500,5000,5000,03-Jan-25
6606,Chengalpattu,Jameenrayapettai(Uzhavar Sandhai ),Onion,Bellary,Local,3500,5000,5000,31-Jan-25
6607,Jamui,Jamui,Onion,Medium,FAQ,2000,2100,2100,24-Jan-25
6608,Jamui,Jamui,Onion,Medium,FAQ,2400,2500,2500,10-Jan-25
6609,Jamui,Jamui,Onion,Medium,FAQ,2700,2800,2800,13-Jan-25
6610,Ratlam,Jaora,Onion,Onion,FAQ,601,1910,1001,01-Feb-25
6611,Etawah,Jasvantnagar,Onion,Red,FAQ,1965,2065,2015,17-Jan-25
6612,Jaunpur,Jaunpur,Onion,Red,FAQ,2050,2150,2100,01-Jan-25
6613,Raebarelli,Jayas,Onion,Red,FAQ,2150,2250,2200,31-Jan-25
6614,Raebarelli,Jayas,Onion,Red,FAQ,2300,2400,2350,22-Jan-25
6615,Raebarelli,Jayas,Onion,Red,FAQ,2350,2400,2380,08-Jan-25
6616,Rajkot,Jetpur(Dist.Rajkot),Onion,Onion,FAQ,625,2130,1750,22-Jan-25
6617,Rajkot,Jetpur(Dist.Rajkot),Onion,Onion,FAQ,655,2030,1705,27-Jan-25
6618,Ariyalur,Jeyankondam (Uzhavar Sandhai ),Onion,Bellary,Local,4000,4600,4600,15-Jan-25
6619,Ariyalur,Jeyankondam (Uzhavar Sandhai ),Onion,Bellary,Local,4000,4800,4800,26-Jan-25
6620,Jhajar,Jhajjar,Onion,Other,FAQ,1900,2100,2000,14-Jan-25
6621,Jhansi,Jhansi,Onion,Red,Non-FAQ,1950,2100,2000,25-Jan-25
6622,Jharsuguda,Jharsuguda,Onion,Other,FAQ,3500,3500,3500,20-Jan-25
6623,Jharsuguda,Jharsuguda,Onion,Other,Non-FAQ,3500,3500,3500,26-Jan-25
6624,Jharsuguda,Jharsuguda,Onion,Other,Non-FAQ,3500,3500,3500,29-Jan-25
6625,Jind,Jind,Onion,Other,FAQ,1500,2200,2150,01-Jan-25
6626,Jind,Jind,Onion,Other,FAQ,1500,2400,2200,28-Jan-25
6627,Jind,Jind,Onion,Other,FAQ,1800,2500,2400,20-Jan-25
6628,Jind,Jind,Onion,Other,FAQ,2000,2300,2100,12-Jan-25
6629,Jodhpur,Jodhpur (F&V),Onion,Other,FAQ,1000,2200,1600,27-Jan-25
6630,Pune,Junnar,Onion,Other,FAQ,2100,3000,2500,09-Jan-25
6631,Pune,Junnar(Narayangaon),Onion,Other,FAQ,2000,2500,2250,20-Jan-25
6632,Pune,Junnar(Narayangaon),Onion,Other,Local,1000,3000,2000,27-Jan-25
6633,Pune,Junnar(Otur),Onion,Other,FAQ,1000,2610,2200,12-Jan-25
6634,Pune,Junnar(Otur),Onion,Other,FAQ,1000,3500,2500,02-Jan-25
6635,Mandya,K.R. Pet,Onion,Onion,FAQ,3000,3000,3000,09-Jan-25
6636,Beed,Kada,Onion,Red,FAQ,300,3100,2000,22-Jan-25
6637,Beed,Kada,Onion,Red,FAQ,500,3100,2200,19-Jan-25
6638,North Tripura,Kadamtala,Onion,Nasik,FAQ,3300,3500,3400,30-Jan-25
6639,Vellore,Kahithapattarai(Uzhavar Sandhai ),Onion,Bellary,Local,4000,4200,4200,14-Jan-25
6640,Vellore,Kahithapattarai(Uzhavar Sandhai ),Onion,Bellary,Local,4000,4200,4200,16-Jan-25
6641,Vellore,Kahithapattarai(Uzhavar Sandhai ),Onion,Bellary,Local,4000,4200,4200,30-Jan-25
6642,Vellore,Kahithapattarai(Uzhavar Sandhai ),Onion,Bellary,Local,4200,4200,4200,02-Jan-25
6643,Shamli,Kairana,Onion,Red,FAQ,1300,1400,1350,15-Jan-25
6644,Shamli,Kairana,Onion,Red,Non-FAQ,1100,1200,1150,25-Jan-25
6645,Shajapur,Kalapipal(F&V),Onion,Onion,FAQ,500,1150,1070,15-Jan-25
6646,Shajapur,Kalapipal(F&V),Onion,Onion,FAQ,600,1050,920,18-Jan-25
6647,Hooghly,Kalipur,Onion,Nasik,FAQ,3000,3400,3200,02-Jan-25
6648,Kallakuruchi,Kallakurichi(Uzhavar Sandhai ),Onion,Bellary,Local,4000,5000,5000,09-Jan-25
6649,Nashik,Kalvan,Onion,Red,FAQ,1100,3000,2200,20-Jan-25
6650,Nashik,Kalvan,Onion,Red,FAQ,1200,2810,2211,24-Jan-25
6651,Thane,Kalyan,Onion,1st Sort,FAQ,2000,2500,2250,15-Jan-25
6652,Thane,Kalyan,Onion,1st Sort,FAQ,2200,2500,2350,18-Jan-25
6653,Thane,Kalyan,Onion,2nd Sort,FAQ,2500,2900,2700,08-Jan-25
6654,Gonda,Nawabganj,Onion,Red,FAQ,2150,2250,2200,02-Jan-25
6655,Gonda,Nawabganj,Onion,Red,FAQ,2250,2350,2300,03-Jan-25
6656,Gonda,Nawabganj,Onion,Red,Non-FAQ,2150,2250,2200,17-Jan-25
6657,Kasargod,Neeleswaram,Onion,Big,FAQ,3800,4200,4000,22-Jan-25
6658,Kasargod,Neeleswaram,Onion,Big,FAQ,3800,4200,4000,29-Jan-25
6659,Kasargod,Neeleswaram,Onion,Big,FAQ,3800,4200,4000,30-Jan-25
6660,Faridabad,"New Grain Market , Faridabad",Onion,Onion,Non-FAQ,2500,3000,2750,20-Jan-25
6661,Panchkula,"New Grain Market , Panchkula",Onion,Other,FAQ,2500,3500,3000,30-Jan-25
6662,Karnal,"New Grain Market(main), Karnal",Onion,Other,FAQ,1600,2500,2000,06-Jan-25
6663,Ahmednagar,Newasa(Ghodegaon),Onion,Red,FAQ,1000,3300,2800,04-Jan-25
6664,Ahmednagar,Newasa(Ghodegaon),Onion,Red,Local,1000,2800,2500,27-Jan-25
6665,Thirunelveli,NGO Colony(Uzhavar Sandhai ),Onion,Bellary,Local,4000,4400,4400,06-Jan-25
6666,Moga,Nihal Singh Wala,Onion,Other,FAQ,4200,4800,4500,07-Jan-25
6667,Ghaziabad,Noida,Onion,Red,FAQ,2345,2450,2400,13-Jan-25
6668,Ghaziabad,Noida,Onion,Red,FAQ,2360,2460,2415,14-Jan-25
6669,Nongpoh (R-Bhoi),Nongpoh (R-Bhoi),Onion,Local,Local,3000,5000,4000,17-Jan-25
6670,Ernakulam,North Paravur,Onion,1st Sort,FAQ,7000,8000,7500,01-Feb-25
6671,Ernakulam,North Paravur,Onion,1st Sort,FAQ,8000,9000,8500,07-Jan-25
6672,Kancheepuram,Padappai(Uzhavar Sandhai ),Onion,Bellary,Local,4000,4500,4500,16-Jan-25
6673,Vadodara(Baroda),Padra,Onion,Other,FAQ,2000,2750,2400,17-Jan-25
6674,Kottayam,Pala,Onion,Big,FAQ,4600,5000,4800,03-Jan-25
6675,Kottayam,Pala,Onion,Big,FAQ,4600,5000,4800,25-Jan-25
6676,Dharmapuri,Palacode(Uzhavar Sandhai ),Onion,Bellary,Local,4500,5000,5000,18-Jan-25
6677,Palakad,Palakkad,Onion,Big,FAQ,4200,5000,4700,25-Jan-25
6678,Palakad,Palakkad,Onion,Small,FAQ,9000,10000,9600,04-Jan-25
6679,Kangra,Palampur,Onion,Other,FAQ,3200,3300,3250,15-Jan-25
6680,Madurai,Palanganatham(Uzhavar Sandhai ),Onion,Bellary,Local,4500,5200,5200,21-Jan-25
6681,Madurai,Palanganatham(Uzhavar Sandhai ),Onion,Bellary,Local,5000,5400,5400,02-Jan-25
6682,Dindigul,Palani(Uzhavar Sandhai ),Onion,Bellary,Local,3000,4400,4400,14-Jan-25
6683,Kozhikode(Calicut),Palayam,Onion,Other,FAQ,2900,3000,2900,31-Jan-25
6684,Kozhikode(Calicut),Palayam,Onion,Other,FAQ,3500,3600,3500,01-Jan-25
6685,Thirunelveli,Palayamkottai(Uzhavar Sandhai ),Onion,Bellary,Local,2800,3600,3600,16-Jan-25
6686,Thirunelveli,Palayamkottai(Uzhavar Sandhai ),Onion,Bellary,Local,3600,4200,4200,29-Jan-25
6687,Thirunelveli,Palayamkottai(Uzhavar Sandhai ),Onion,Bellary,Local,3800,4600,4600,21-Jan-25
6688,Bhavnagar,Palitana,Onion,Red,FAQ,1100,1375,1235,03-Jan-25
6689,Thirupur,Palladam(Uzhavar Sandhai ),Onion,Bellary,Local,3500,4000,4000,26-Jan-25
6690,Thirupur,Palladam(Uzhavar Sandhai ),Onion,Bellary,Local,3500,4000,4000,30-Jan-25
6691,Thirupur,Palladam(Uzhavar Sandhai ),Onion,Bellary,Local,4000,4500,4500,21-Jan-25
6692,Chengalpattu,Pallavaram(Uzhavar Sandhai ),Onion,Bellary,Local,3000,5000,5000,27-Jan-25
6693,Balrampur,Panchpedwa,Onion,Red,FAQ,1800,2000,1900,02-Jan-25
6694,Sonepur,Pandkital,Onion,Other,FAQ,3000,3150,3120,10-Jan-25
6695,Panipat,Panipat,Onion,Other,FAQ,1000,1500,1250,01-Feb-25
6696,Panipat,Panipat,Onion,Other,FAQ,1000,1500,1250,12-Jan-25
6697,North Tripura,Panisagar,Onion,Nasik,FAQ,3700,3800,3750,01-Jan-25
6698,North Tripura,Panisagar,Onion,Nasik,FAQ,3700,3800,3750,12-Jan-25
6699,North Tripura,Panisagar,Onion,Nasik,FAQ,3900,4000,3950,09-Jan-25
6700,Cuddalore,Panruti(Uzhavar Sandhai ),Onion,Bellary,Local,3500,5000,5000,18-Jan-25
6701,Cuddalore,Panruti(Uzhavar Sandhai ),Onion,Bellary,Local,4000,5000,5000,09-Jan-25
6702,Thanjavur,Papanasam(Uzhavar Sandhai ),Onion,Bellary,Local,3600,4800,4800,04-Jan-25
6703,Ramanathapuram,Paramakudi(Uzhavar Sandhai ),Onion,Bellary,Local,4500,5000,5000,17-Jan-25
6704,Mainpuri,Mainpuri,Onion,Red,FAQ,2260,2450,2375,17-Jan-25
6705,Ferozpur,Mamdot,Onion,Other,FAQ,3200,3400,3300,07-Jan-25
6706,Ferozpur,Mamdot,Onion,Other,FAQ,3500,3700,3600,03-Jan-25
6707,Thiruchirappalli,Manachanallur(Uzhavar Sandhai ),Onion,Bellary,Local,4000,5000,5000,30-Jan-25
6708,Thiruchirappalli,Manachanallur(Uzhavar Sandhai ),Onion,Bellary,Local,4000,5600,5600,26-Jan-25
6709,Thiruchirappalli,Manapparai(Uzhavar Sandhai ),Onion,Bellary,Local,5000,5600,5600,09-Jan-25
6710,Neemuch,Manasa,Onion,Medium,Non-FAQ,421,1501,1501,24-Jan-25
6711,Neemuch,Manasa,Onion,Onion-Organic,FAQ,450,450,450,07-Jan-25
6712,Pune,Manchar,Onion,Other,FAQ,2300,3510,2905,07-Jan-25
6713,Pune,Manchar,Onion,Other,Local,2200,2400,2350,27-Jan-25
6714,Mandi,Mandi(Mandi),Onion,Onion,FAQ,2000,3000,2500,31-Jan-25
6715,Mandi,Mandi(Mandi),Onion,Onion,FAQ,2800,3000,2900,23-Jan-25
6716,Mandi,Mandi(Takoli),Onion,Other,FAQ,2500,3000,3000,18-Jan-25
6717,Mandsaur,Mandsaur,Onion,Onion,FAQ,153,2030,1500,23-Jan-25
6718,Mandsaur,Mandsaur,Onion,Onion,Non-FAQ,253,2182,1700,30-Jan-25
6719,Sholapur,Mangal Wedha,Onion,Local,FAQ,300,3100,2600,10-Jan-25
6720,Haridwar,Manglaur,Onion,Other,FAQ,1300,1500,1400,26-Jan-25
6721,Malappuram,Manjeri,Onion,Other,FAQ,3500,3600,3550,27-Jan-25
6722,Malappuram,Manjeri,Onion,Other,FAQ,3700,3800,3750,13-Jan-25
6723,Malappuram,Manjeri,Onion,Other,FAQ,3700,3800,3750,14-Jan-25
6724,Malappuram,Manjeri,Onion,Other,FAQ,3700,3800,3750,15-Jan-25
6725,Malappuram,Manjeri,Onion,Other,FAQ,3700,3800,3750,22-Jan-25
6726,Kaushambi,Manjhanpur,Onion,Red,FAQ,2050,2240,2135,17-Jan-25
6727,Nashik,Manmad,Onion,Red,Local,400,2600,2100,29-Jan-25
6728,Nashik,Manmad,Onion,White,FAQ,760,1400,1225,10-Jan-25
6729,Nashik,Manmad,Onion,White,Local,300,1630,1230,31-Jan-25
6730,Thiruvarur,Mannargudi I(Uzhavar Sandhai ),Onion,Bellary,Local,4400,5600,5600,06-Jan-25
6731,Thiruvarur,Mannargudi I(Uzhavar Sandhai ),Onion,Bellary,Local,4400,6000,6000,20-Jan-25
6732,Thiruvarur,Mannargudi II(Uzhavar Sandhai ),Onion,Bellary,Local,4000,6000,6000,27-Jan-25
6733,Thiruvarur,Mannargudi II(Uzhavar Sandhai ),Onion,Bellary,Local,4400,5600,5600,10-Jan-25
6734,Thiruvarur,Mannargudi II(Uzhavar Sandhai ),Onion,Bellary,Local,4400,6000,6000,16-Jan-25
6735,Thiruvarur,Mannargudi II(Uzhavar Sandhai ),Onion,Bellary,Local,4400,6000,6000,21-Jan-25
6736,Thiruvarur,Mannargudi II(Uzhavar Sandhai ),Onion,Bellary,Local,6000,6000,6000,17-Jan-25
6737,North Goa,Mapusa,Onion,Onion,FAQ,2500,2500,2500,06-Jan-25
6738,North Goa,Mapusa,Onion,Onion,FAQ,2500,2500,2500,17-Jan-25
6739,North Goa,Mapusa,Onion,Onion,FAQ,2500,2500,2500,20-Jan-25
6740,Mathura,Mathura,Onion,Red,FAQ,1800,2150,2000,01-Feb-25
6741,Mathura,Mathura,Onion,Red,FAQ,1960,2260,2150,08-Jan-25
6742,Bhatinda,Maur,Onion,Other,FAQ,2300,3000,2500,15-Jan-25
6743,Bhatinda,Maur,Onion,Other,FAQ,2500,2800,2600,31-Jan-25
6744,Bhatinda,Maur,Onion,Other,FAQ,2500,3000,2800,23-Jan-25
6745,Bhatinda,Maur,Onion,Other,FAQ,2600,3300,2800,09-Jan-25
6746,Jhansi,Mauranipur,Onion,Red,FAQ,2010,2100,2045,23-Jan-25
6747,Nagapattinam,Mayiladuthurai(Uzhavar Sandhai ),Onion,Bellary,Local,2500,3000,3000,07-Jan-25
6748,Nagapattinam,Mayiladuthurai(Uzhavar Sandhai ),Onion,Bellary,Local,3000,3500,3500,24-Jan-25
6749,Nagapattinam,Mayiladuthurai(Uzhavar Sandhai ),Onion,Bellary,Local,3000,3500,3500,25-Jan-25
6750,Chengalpattu,Medavakkam(Uzhavar Sandhai ),Onion,Bellary,Local,3000,4000,4000,19-Jan-25
6751,Chengalpattu,Medavakkam(Uzhavar Sandhai ),Onion,Bellary,Local,3000,4000,4000,27-Jan-25
6752,Chengalpattu,Medavakkam(Uzhavar Sandhai ),Onion,Bellary,Local,4000,5000,5000,28-Jan-25
6753,Medinipur(W),Medinipur(West),Onion,Onion,FAQ,2500,2600,2550,01-Feb-25
6754,Shajapur,Shujalpur,Onion,Red,FAQ,100,2194,1850,30-Jan-25
6755,Shajapur,Shujalpur,Onion,Red,FAQ,700,2312,2312,02-Jan-25
6756,Bulandshahar,Sikanderabad,Onion,Medium,FAQ,2000,2400,2200,07-Jan-25
6757,Sikar,Sikar,Onion,1st Sort,FAQ,1000,1800,1400,09-Jan-25
6758,Bulandshahar,Sikarpur,Onion,Red,FAQ,1300,1400,1350,29-Jan-25
6759,Darjeeling,Siliguri,Onion,Other,FAQ,2500,2700,2600,18-Jan-25
6760,Darjeeling,Siliguri,Onion,Other,FAQ,2500,2700,2600,28-Jan-25
6761,Darjeeling,Siliguri,Onion,Other,FAQ,3100,3300,3200,01-Jan-25
6762,Sivaganga,Singampunari(Uzhavar Sandhai ),Onion,Bellary,Local,5000,5500,5500,14-Jan-25
6763,Sivaganga,Singampunari(Uzhavar Sandhai ),Onion,Bellary,Local,5000,5500,5500,19-Jan-25
6764,Sivaganga,Singampunari(Uzhavar Sandhai ),Onion,Bellary,Local,5000,5500,5500,27-Jan-25
6765,Sivaganga,Singampunari(Uzhavar Sandhai ),Onion,Bellary,Local,5000,5500,5500,29-Jan-25
6766,Coimbatore,Singanallur(Uzhavar Sandhai ),Onion,Bellary,Local,4000,4600,4600,09-Jan-25
6767,Nashik,Sinner,Onion,Red,FAQ,500,2676,2350,20-Jan-25
6768,Fatehgarh,Sirhind,Onion,Other,FAQ,2300,2800,2500,08-Jan-25
6769,Nagapattinam,Sirkali(Uzhavar Sandhai ),Onion,Bellary,Local,4000,5000,5000,12-Jan-25
6770,Nagapattinam,Sirkali(Uzhavar Sandhai ),Onion,Bellary,Local,4500,5000,5000,11-Jan-25
6771,Firozabad,Sirsaganj,Onion,Red,FAQ,1000,1200,1100,29-Jan-25
6772,Firozabad,Sirsaganj,Onion,Red,FAQ,1500,1700,1600,01-Feb-25
6773,Firozabad,Sirsaganj,Onion,Red,FAQ,1600,1800,1700,13-Jan-25
6774,UdhamSinghNagar,Sitarganj,Onion,Other,FAQ,1500,2000,1800,15-Jan-25
6775,UdhamSinghNagar,Sitarganj,Onion,Other,Non-FAQ,1500,2200,2000,26-Jan-25
6776,Mandsaur,Sitmau,Onion,Onion,FAQ,1200,1260,1260,24-Jan-25
6777,Sivaganga,Sivagangai (Uzhavar Sandhai ),Onion,Bellary,Local,5000,5200,5200,12-Jan-25
6778,Sivaganga,Sivagangai (Uzhavar Sandhai ),Onion,Bellary,Local,5000,5200,5200,23-Jan-25
6779,Sivaganga,Sivagangai (Uzhavar Sandhai ),Onion,Bellary,Local,5000,5200,5200,25-Jan-25
6780,Sivaganga,Sivagangai (Uzhavar Sandhai ),Onion,Bellary,Local,5000,5200,5200,30-Jan-25
6781,Sivaganga,Sivagangai (Uzhavar Sandhai ),Onion,Bellary,Local,5200,5500,5500,03-Jan-25
6782,Virudhunagar,Sivakasi(Uzhavar Sandhai ),Onion,Bellary,Local,4800,5000,5000,07-Jan-25
6783,Bulandshahar,Siyana,Onion,Red,FAQ,2100,2230,2170,26-Jan-25
6784,Gurgaon,Sohna,Onion,Onion,FAQ,2000,2200,2200,01-Feb-25
6785,Gurgaon,Sohna,Onion,Onion,FAQ,2000,2500,2400,22-Jan-25
6786,Solan,Solan,Onion,Other,FAQ,2300,3200,2800,05-Jan-25
6787,Solan,Solan(Nalagarh),Onion,Other,FAQ,2800,3000,2900,07-Jan-25
6788,Solan,Solan(Nalagarh),Onion,Other,FAQ,2800,3000,2900,10-Jan-25
6789,Solan,Solan(Nalagarh),Onion,Other,FAQ,2800,3000,2900,30-Jan-25
6790,Solan,Solan(Nalagarh),Onion,Other,FAQ,2800,3000,2900,31-Jan-25
6791,Sholapur,Solapur,Onion,Red,FAQ,300,3650,1800,18-Jan-25
6792,Sonipat,Sonepat,Onion,Other,FAQ,1800,2000,1800,02-Jan-25
6793,Sonipat,Sonepat(Kharkhoda),Onion,Other,FAQ,1800,2400,2000,26-Jan-25
6794,Sonipat,Sonepat(Kharkhoda),Onion,Other,FAQ,1800,2500,2200,16-Jan-25
6795,Shajapur,Soyatkalan,Onion,Onion,FAQ,1250,1795,1795,07-Jan-25
6796,Ganganagar,Sriganganagar (F&V),Onion,Other,FAQ,2200,2600,2400,31-Jan-25
6797,Ganganagar,Sriganganagar (F&V),Onion,Other,FAQ,2500,2900,2700,10-Jan-25
6798,Virudhunagar,Srivilliputhur(Uzhavar Sandhai ),Onion,Bellary,Local,3500,4000,4000,29-Jan-25
6799,Virudhunagar,Srivilliputhur(Uzhavar Sandhai ),Onion,Bellary,Local,4800,6000,6000,26-Jan-25
6800,Churu,Sujangarh,Onion,Other,FAQ,2000,2200,2100,28-Jan-25
6801,Churu,Sujangarh,Onion,Other,FAQ,2100,2300,2200,03-Jan-25
6802,Churu,Sujangarh,Onion,Other,FAQ,2100,2300,2200,17-Jan-25
6803,Churu,Sujangarh,Onion,Other,FAQ,2300,2500,2400,19-Jan-25
6804,Ramanathapuram,Paramakudi(Uzhavar Sandhai ),Onion,Bellary,Local,4500,5000,5000,28-Jan-25
6805,Namakkal,Paramathivelur(Uzhavar Sandhai ),Onion,Bellary,Local,5200,6000,6000,11-Jan-25
6806,Namakkal,Paramathivelur(Uzhavar Sandhai ),Onion,Bellary,Local,5400,6000,6000,05-Jan-25
6807,Malappuram,Parappanangadi,Onion,Other,FAQ,3000,3100,3100,15-Jan-25
6808,Malappuram,Parappanangadi,Onion,Other,FAQ,3800,3900,3900,06-Jan-25
6809,Malappuram,Parappanangadi,Onion,Small,FAQ,7000,7100,7100,28-Jan-25
6810,Malappuram,Parappanangadi,Onion,Small,FAQ,9000,9100,9100,15-Jan-25
6811,Ahmednagar,Parner,Onion,Red,FAQ,500,3300,2300,19-Jan-25
6812,Maharajganj,Partaval,Onion,Red,FAQ,2150,2300,2225,18-Jan-25
6813,Maharajganj,Partaval,Onion,Red,FAQ,2170,2325,2245,16-Jan-25
6814,Thiruvellore,Paruthipattu(Uzhavar Sandhai ),Onion,Bellary,Local,4000,4000,4000,06-Jan-25
6815,Thiruvellore,Paruthipattu(Uzhavar Sandhai ),Onion,Bellary,Local,4000,4000,4000,25-Jan-25
6816,Thiruvellore,Paruthipattu(Uzhavar Sandhai ),Onion,Bellary,Local,5000,5000,5000,12-Jan-25
6817,Gurgaon,Pataudi,Onion,Other,FAQ,2000,2300,2200,11-Jan-25
6818,Gurgaon,Pataudi,Onion,Other,FAQ,2100,2400,2200,28-Jan-25
6819,Gurgaon,Pataudi,Onion,Other,FAQ,2300,2500,2400,24-Jan-25
6820,Patiala,Patiala,Onion,Onion,FAQ,1600,2000,1800,25-Jan-25
6821,Patiala,Patran,Onion,Other,FAQ,1500,2000,1710,27-Jan-25
6822,Patiala,Patran,Onion,Other,FAQ,1500,2400,1750,10-Jan-25
6823,Patiala,Patran,Onion,Other,FAQ,1600,2400,1850,17-Jan-25
6824,Palakad,Pattambi,Onion,Big,FAQ,3400,3800,3600,18-Jan-25
6825,Palakad,Pattambi,Onion,Big,FAQ,3600,4000,3800,31-Jan-25
6826,Palakad,Pattambi,Onion,Big,FAQ,3700,4000,3800,19-Jan-25
6827,Tarntaran,Patti,Onion,Other,FAQ,1500,2000,1800,28-Jan-25
6828,Tarntaran,Patti,Onion,Other,FAQ,2000,2400,2200,31-Jan-25
6829,Tarntaran,Patti,Onion,Other,FAQ,2000,2800,2500,02-Jan-25
6830,Thanjavur,Pattukottai(Uzhavar Sandhai ),Onion,Bellary,Local,4000,5000,5000,03-Jan-25
6831,Thanjavur,Pattukottai(Uzhavar Sandhai ),Onion,Bellary,Local,4000,5000,5000,24-Jan-25
6832,Shravasti,Payagpur,Onion,Red,FAQ,2500,2800,2600,07-Jan-25
6833,Dharmapuri,Pennagaram(Uzhavar Sandhai ),Onion,Bellary,Local,4400,5000,5000,02-Jan-25
6834,Dharmapuri,Pennagaram(Uzhavar Sandhai ),Onion,Bellary,Local,4800,4800,4800,22-Jan-25
6835,Dharmapuri,Pennagaram(Uzhavar Sandhai ),Onion,Bellary,Local,4800,4800,4800,23-Jan-25
6836,Thiruvellore,Perambakkam(Uzhavar Sandhai ),Onion,Bellary,Local,4000,4000,4000,01-Jan-25
6837,Thiruvellore,Perambakkam(Uzhavar Sandhai ),Onion,Bellary,Local,4000,4000,4000,07-Jan-25
6838,Thiruvellore,Perambakkam(Uzhavar Sandhai ),Onion,Bellary,Local,4000,4000,4000,30-Jan-25
6839,Thiruvellore,Perambakkam(Uzhavar Sandhai ),Onion,Bellary,Local,4500,4500,4500,31-Jan-25
6840,Thiruvellore,Perambakkam(Uzhavar Sandhai ),Onion,Bellary,Local,5000,5000,5000,20-Jan-25
6841,Perambalur,Perambalur(Uzhavar Sandhai ),Onion,Bellary,Local,4800,4800,4800,31-Jan-25
6842,Perambalur,Perambalur(Uzhavar Sandhai ),Onion,Bellary,Local,4800,5000,5000,18-Jan-25
6843,Perambalur,Perambalur(Uzhavar Sandhai ),Onion,Bellary,Local,5000,5400,5400,06-Jan-25
6844,Perambalur,Perambalur(Uzhavar Sandhai ),Onion,Bellary,Local,5200,5400,5400,24-Jan-25
6845,Malappuram,Perinthalmanna,Onion,Onion,FAQ,3400,3800,3600,09-Jan-25
6846,Malappuram,Perinthalmanna,Onion,Onion,FAQ,3600,4200,4000,10-Jan-25
6847,Theni,Periyakulam(Uzhavar Sandhai ),Onion,Bellary,Local,4000,4000,4000,13-Jan-25
6848,Theni,Periyakulam(Uzhavar Sandhai ),Onion,Bellary,Local,4000,4500,4500,03-Jan-25
6849,Ernakulam,Perumbavoor,Onion,Onion,FAQ,3000,4000,3500,03-Jan-25
6850,Erode,Perundurai(Uzhavar Sandhai ),Onion,Bellary,Local,4500,5000,5000,13-Jan-25
6851,Jalandhar,Phillaur(Apra Mandi),Onion,Other,FAQ,2500,2500,2500,10-Jan-25
6852,Jalandhar,Phillaur(Apra Mandi),Onion,Other,FAQ,2500,2500,2500,16-Jan-25
6853,Muktsar,Malout,Onion,Onion,FAQ,1900,2300,2100,01-Feb-25
6854,Kolar,Malur,Onion,Onion,FAQ,3200,4000,3571,03-Jan-25
6855,Ferozpur,Mamdot,Onion,Other,FAQ,3100,3300,3200,11-Jan-25
6856,Ferozpur,Mamdot,Onion,Other,FAQ,3400,3600,3500,06-Jan-25
6857,Thiruchirappalli,Manachanallur(Uzhavar Sandhai ),Onion,Bellary,Local,4000,5600,5600,25-Jan-25
6858,Thiruchirappalli,Manachanallur(Uzhavar Sandhai ),Onion,Bellary,Local,4600,5600,5600,16-Jan-25
6859,Thiruchirappalli,Manachanallur(Uzhavar Sandhai ),Onion,Bellary,Local,5400,5400,5400,04-Jan-25
6860,Thiruchirappalli,Manachanallur(Uzhavar Sandhai ),Onion,Bellary,Local,5400,5400,5400,15-Jan-25
6861,Thiruchirappalli,Manapparai(Uzhavar Sandhai ),Onion,Bellary,Local,4000,5600,5600,11-Jan-25
6862,Thiruchirappalli,Manapparai(Uzhavar Sandhai ),Onion,Bellary,Local,4000,5600,5600,30-Jan-25
6863,Neemuch,Manasa,Onion,Medium,FAQ,100,1200,500,03-Jan-25
6864,Neemuch,Manasa,Onion,Medium,Non-FAQ,511,1351,1311,29-Jan-25
6865,Neemuch,Manasa,Onion,Onion,FAQ,560,1875,1500,20-Jan-25
6866,Dhar,Manawar(F&V),Onion,Onion,FAQ,1811,2011,1911,02-Jan-25
6867,Dhar,Manawar(F&V),Onion,Onion,FAQ,1811,2011,1911,05-Jan-25
6868,Mandi,Mandi(Mandi),Onion,Onion,FAQ,2700,3100,2900,24-Jan-25
6869,Mandi,Mandi(Takoli),Onion,Other,FAQ,2000,3000,2500,19-Jan-25
6870,Mandi,Mandi(Takoli),Onion,Other,FAQ,2500,2800,2800,30-Jan-25
6871,Mandi,Mandi(Takoli),Onion,Other,FAQ,2500,3000,3000,12-Jan-25
6872,Mandsaur,Mandsaur,Onion,Onion,Non-FAQ,200,2153,1100,22-Jan-25
6873,Mandsaur,Mandsaur,Onion,Onion,Non-FAQ,300,11200,1000,27-Jan-25
6874,Mandsaur,Mandsaur,Onion,Onion,Non-FAQ,523,2025,1652,01-Feb-25
6875,Sholapur,Mangal Wedha,Onion,Local,FAQ,650,3650,2500,03-Jan-25
6876,Sholapur,Mangal Wedha,Onion,Local,Local,710,2400,2000,01-Feb-25
6877,Haridwar,Manglaur,Onion,Other,FAQ,1500,1700,1600,18-Jan-25
6878,Kaushambi,Manjhanpur,Onion,Red,FAQ,1700,1875,1780,01-Feb-25
6879,Kaushambi,Manjhanpur,Onion,Red,FAQ,1980,2150,2060,04-Jan-25
6880,Kaushambi,Manjhanpur,Onion,Red,FAQ,2060,2235,2140,06-Jan-25
6881,Kaushambi,Manjhanpur,Onion,Red,FAQ,2065,2240,2150,16-Jan-25
6882,Nashik,Manmad,Onion,Red,FAQ,300,2480,1900,18-Jan-25
6883,Nashik,Manmad,Onion,Red,Local,200,2476,1900,01-Feb-25
6884,Nashik,Manmad,Onion,Red,Local,200,2550,1900,25-Jan-25
6885,Nashik,Manmad,Onion,Red,Local,400,2700,2100,31-Jan-25
6886,Alappuzha,Mannar,Onion,Big,FAQ,4200,4300,4300,28-Jan-25
6887,Thiruvarur,Mannargudi I(Uzhavar Sandhai ),Onion,Bellary,Local,4400,6000,6000,19-Jan-25
6888,Thiruvarur,Mannargudi II(Uzhavar Sandhai ),Onion,Bellary,Local,4400,6000,6000,12-Jan-25
6889,Thiruvarur,Mannargudi II(Uzhavar Sandhai ),Onion,Bellary,Local,4400,6000,6000,13-Jan-25
6890,Thiruvarur,Mannargudi II(Uzhavar Sandhai ),Onion,Bellary,Local,5400,6000,6000,09-Jan-25
6891,North Goa,Mapusa,Onion,Onion,FAQ,2500,2500,2500,25-Jan-25
6892,North Goa,Mapusa,Onion,Onion,FAQ,2500,2500,2500,31-Jan-25
6893,Mathura,Mathura,Onion,Red,FAQ,2000,2350,2200,07-Jan-25
6894,Mathura,Mathura,Onion,Red,FAQ,2100,2380,2260,24-Jan-25
6895,Bhatinda,Maur,Onion,Other,FAQ,2600,3200,2800,10-Jan-25
6896,Jhansi,Mauranipur,Onion,Red,FAQ,2040,2100,2080,17-Jan-25
6897,Nagapattinam,Mayiladuthurai(Uzhavar Sandhai ),Onion,Bellary,Local,3000,3500,3500,02-Jan-25
6898,Nagapattinam,Mayiladuthurai(Uzhavar Sandhai ),Onion,Bellary,Local,3000,3500,3500,04-Jan-25
6899,Nagapattinam,Mayiladuthurai(Uzhavar Sandhai ),Onion,Bellary,Local,3000,3500,3500,06-Jan-25
6900,Chengalpattu,Medavakkam(Uzhavar Sandhai ),Onion,Bellary,Local,3000,4000,4000,26-Jan-25
6901,Chengalpattu,Medavakkam(Uzhavar Sandhai ),Onion,Bellary,Local,3500,4000,4000,20-Jan-25
6902,Chengalpattu,Medavakkam(Uzhavar Sandhai ),Onion,Bellary,Local,3500,4500,4500,05-Jan-25
6903,Amethi,Sultanpur,Onion,Red,FAQ,2100,2200,2140,29-Jan-25
6904,Amethi,Sultanpur,Onion,Red,FAQ,2300,2425,2360,12-Jan-25
6905,Coimbatore,Sulur(Uzhavar Sandhai ),Onion,Bellary,Local,4000,4600,4600,07-Jan-25
6906,Sangrur,Sunam,Onion,Nasik,FAQ,2000,2500,2200,30-Jan-25
6907,Coimbatore,Sundarapuram(Uzhavar Sandhai ),Onion,Bellary,Local,3000,3500,3500,31-Jan-25
6908,Coimbatore,Sundarapuram(Uzhavar Sandhai ),Onion,Bellary,Local,3500,3900,3900,12-Jan-25
6909,Kancheepuram,Sunguvarchatram(Uzhavar Sandhai ),Onion,Bellary,Local,4500,5000,5000,01-Jan-25
6910,Kannur,Taliparamba,Onion,Onion,FAQ,3700,3900,3800,21-Jan-25
6911,Kannur,Taliparamba,Onion,Onion,FAQ,3900,4100,4000,05-Jan-25
6912,Thiruvannamalai,Tamarainagar(Uzhavar Sandhai ),Onion,Bellary,Local,3500,4000,4000,01-Feb-25
6913,Thiruvannamalai,Tamarainagar(Uzhavar Sandhai ),Onion,Bellary,Local,3500,4000,4000,18-Jan-25
6914,Medinipur(E),Tamluk (Medinipur E),Onion,Onion,FAQ,2200,2600,2400,23-Jan-25
6915,Medinipur(E),Tamluk (Medinipur E),Onion,Onion,FAQ,2200,2600,2400,31-Jan-25
6916,Hoshiarpur,Tanda Urmur,Onion,Other,FAQ,2800,3200,3000,02-Jan-25
6917,Hoshiarpur,Tanda Urmur,Onion,Other,FAQ,3000,4000,3500,06-Jan-25
6918,Tarntaran,Tarantaran,Onion,Other,FAQ,2000,2500,2400,12-Jan-25
6919,Mewat,Tauru,Onion,Other,FAQ,2500,2500,2500,17-Jan-25
6920,Mewat,Tauru,Onion,Other,Non-FAQ,2500,2600,2500,28-Jan-25
6921,Tenkasi,Tenkasi(Uzhavar Sandhai ),Onion,Bellary,Local,4000,4000,4000,15-Jan-25
6922,Tenkasi,Tenkasi(Uzhavar Sandhai ),Onion,Bellary,Local,4000,4000,4000,28-Jan-25
6923,Kannur,Thalasserry,Onion,1st Sort,FAQ,3800,4100,4000,07-Jan-25
6924,Kannur,Thalasserry,Onion,1st Sort,FAQ,4300,4600,4500,02-Jan-25
6925,Erode,Thalavadi(Uzhavar Sandhai ),Onion,Bellary,Local,4000,4500,4500,01-Jan-25
6926,Erode,Thalavadi(Uzhavar Sandhai ),Onion,Bellary,Local,4000,4500,4500,07-Jan-25
6927,Virudhunagar,Thalavaipuram(Uzhavar Sandhai ),Onion,Bellary,Local,5000,5500,5500,16-Jan-25
6928,Virudhunagar,Thalavaipuram(Uzhavar Sandhai ),Onion,Bellary,Local,5000,6000,6000,06-Jan-25
6929,Kottayam,Thalayolaparambu,Onion,Big,FAQ,4000,4400,4200,20-Jan-25
6930,Kottayam,Thalayolaparambu,Onion,Onion,FAQ,8700,9000,8800,22-Jan-25
6931,Salem,Thammampatti (Uzhavar Sandhai ),Onion,Bellary,Local,5000,5500,5500,21-Jan-25
6932,Kurukshetra,Thanesar,Onion,Onion,FAQ,1000,2500,1800,14-Jan-25
6933,Kurukshetra,Thanesar,Onion,Onion,FAQ,1500,3000,2200,27-Jan-25
6934,Thanjavur,Thanjavur(Uzhavar Sandhai ),Onion,Bellary,Local,4600,4600,4600,01-Jan-25
6935,Thanjavur,Thanjavur(Uzhavar Sandhai ),Onion,Bellary,Local,4600,4600,4600,28-Jan-25
6936,Thanjavur,Thanjavur(Uzhavar Sandhai ),Onion,Bellary,Local,5000,5000,5000,12-Jan-25
6937,Salem,Thathakapatti(Uzhavar Sandhai ),Onion,Bellary,Local,5000,5400,5400,30-Jan-25
6938,Salem,Thathakapatti(Uzhavar Sandhai ),Onion,Bellary,Local,5500,5800,5800,25-Jan-25
6939,Theni,Theni(Uzhavar Sandhai ),Onion,Bellary,Local,4000,4500,4500,03-Jan-25
6940,Chengalpattu,Thirukalukundram(Uzhavar Sandhai ),Onion,Bellary,Local,4000,4500,4500,06-Jan-25
6941,Chengalpattu,Thirukalukundram(Uzhavar Sandhai ),Onion,Bellary,Local,4000,5000,5000,22-Jan-25
6942,Madurai,Thirumangalam(Uzhavar Sandhai ),Onion,Bellary,Local,4500,5000,5000,13-Jan-25
6943,Madurai,Thirumangalam(Uzhavar Sandhai ),Onion,Bellary,Local,4500,5000,5000,17-Jan-25
6944,Madurai,Thirumangalam(Uzhavar Sandhai ),Onion,Bellary,Local,4500,5000,5000,27-Jan-25
6945,Madurai,Thirumangalam(Uzhavar Sandhai ),Onion,Bellary,Local,4500,5200,5200,18-Jan-25
6946,Vellore,Thirupathur,Onion,Bellary,Local,4500,4500,4500,03-Jan-25
6947,Vellore,Thirupathur,Onion,Bellary,Local,4500,4500,4500,12-Jan-25
6948,Idukki,Thodupuzha,Onion,Big,FAQ,3300,3500,3500,19-Jan-25
6949,Idukki,Thodupuzha,Onion,Big,FAQ,3800,4000,4000,08-Jan-25
6950,Idukki,Thodupuzha,Onion,Big,FAQ,8300,8500,8500,15-Jan-25
6951,Idukki,Thodupuzha,Onion,Small,FAQ,9300,9500,9500,19-Jan-25
6952,Meerut,Meerut,Onion,Red,FAQ,2300,2400,2350,19-Jan-25
6953,Meerut,Meerut,Onion,Red,FAQ,2400,2560,2480,13-Jan-25
6954,Meerut,Meerut,Onion,Red,FAQ,2440,2600,2515,08-Jan-25
6955,Rohtak,Meham,Onion,Other,FAQ,1800,1800,1800,09-Jan-25
6956,Ranga Reddy,Mehndipatnam(Rythu Bazar),Onion,1st Sort,FAQ,3500,3500,3500,24-Jan-25
6957,Ranga Reddy,Mehndipatnam(Rythu Bazar),Onion,1st Sort,FAQ,3500,3500,3500,25-Jan-25
6958,Ranga Reddy,Mehndipatnam(Rythu Bazar),Onion,1st Sort,Non-FAQ,3200,3200,3200,23-Jan-25
6959,Mehsana,Mehsana(Mehsana Veg),Onion,Onion,FAQ,700,2400,1800,22-Jan-25
6960,Mehsana,Mehsana(Mehsana Veg),Onion,Onion,FAQ,700,2600,2000,08-Jan-25
6961,Mehsana,Mehsana(Mehsana Veg),Onion,Onion,FAQ,700,3000,2000,18-Jan-25
6962,Mehsana,Mehsana(Mehsana Veg),Onion,Onion,FAQ,1500,3500,2500,02-Jan-25
6963,Coochbehar,Mekhliganj,Onion,Other,FAQ,2700,2900,2800,17-Jan-25
6964,Coochbehar,Mekhliganj,Onion,Other,FAQ,2800,3000,2900,01-Jan-25
6965,Sepahijala,Melaghar,Onion,Small,FAQ,3500,3700,3600,24-Jan-25
6966,Sepahijala,Melaghar,Onion,Small,FAQ,3500,3700,3600,25-Jan-25
6967,Thirunelveli,Melapalayam(Uzhavar Sandhai ),Onion,Bellary,Local,3800,4400,4400,23-Jan-25
6968,Madurai,Melur(Uzhavar Sandhai ),Onion,Bellary,Local,4500,5000,5000,24-Jan-25
6969,Madurai,Melur(Uzhavar Sandhai ),Onion,Bellary,Local,4500,5000,5000,31-Jan-25
6970,Salem,Mettur(Uzhavar Sandhai ),Onion,Bellary,Local,3000,5000,5000,14-Jan-25
6971,Salem,Mettur(Uzhavar Sandhai ),Onion,Bellary,Local,4000,5000,5000,15-Jan-25
6972,Salem,Mettur(Uzhavar Sandhai ),Onion,Bellary,Local,4000,5000,5000,19-Jan-25
6973,Salem,Mettur(Uzhavar Sandhai ),Onion,Bellary,Local,4000,5500,5500,21-Jan-25
6974,Salem,Mettur(Uzhavar Sandhai ),Onion,Bellary,Local,4000,6000,6000,31-Jan-25
6975,Rampur,Milak,Onion,Red,FAQ,2080,2165,2120,26-Jan-25
6976,Rampur,Milak,Onion,Red,FAQ,2215,2300,2255,19-Jan-25
6977,Farukhabad,Mohamadabad,Onion,Red,FAQ,2250,2450,2350,07-Jan-25
6978,Farukhabad,Mohamadabad,Onion,Red,FAQ,2410,2610,2510,02-Jan-25
6979,Khiri (Lakhimpur),Mohammdi,Onion,Red,FAQ,2300,2380,2340,24-Jan-25
6980,Namakkal,Mohanur(Uzhavar Sandhai ),Onion,Bellary,Local,3600,5000,5000,20-Jan-25
6981,Namakkal,Mohanur(Uzhavar Sandhai ),Onion,Bellary,Local,4400,5000,5000,22-Jan-25
6982,Mahendragarh-Narnaul,Mohindergarh,Onion,Onion,FAQ,1500,2000,1800,06-Jan-25
6983,Morbi,Morbi,Onion,Onion,FAQ,500,2200,1350,20-Jan-25
6984,Morbi,Morbi,Onion,Onion,FAQ,500,2400,1450,06-Jan-25
6985,Jhansi,Moth,Onion,Red,FAQ,1970,2100,2050,22-Jan-25
6986,Jhansi,Moth,Onion,Red,FAQ,2000,2120,2080,11-Jan-25
6987,Jhansi,Moth,Onion,Red,FAQ,2000,2140,2100,07-Jan-25
6988,Jalpaiguri,Moynaguri,Onion,Nasik,FAQ,2800,3000,2900,24-Jan-25
6989,Jaunpur,Mugrabaadshahpur,Onion,Red,FAQ,2310,2510,2410,18-Jan-25
6990,Hoshiarpur,Mukerian(Talwara),Onion,Onion,FAQ,2200,2800,2500,13-Jan-25
6991,Hoshiarpur,Mukerian(Talwara),Onion,Onion,FAQ,2400,2800,2600,07-Jan-25
6992,Kozhikode(Calicut),Mukkom,Onion,Onion,FAQ,3500,3800,3600,31-Jan-25
6993,Kozhikode(Calicut),Mukkom,Onion,Onion,FAQ,3700,4000,3800,09-Jan-25
6994,Kozhikode(Calicut),Mukkom,Onion,Onion,FAQ,3800,4200,4000,03-Jan-25
6995,Muktsar,Muktsar,Onion,Other,FAQ,3000,3500,3200,07-Jan-25
6996,Sambhal,Muradabad,Onion,Red,FAQ,2050,2150,2100,28-Jan-25
6997,Sambhal,Muradabad,Onion,Red,FAQ,2180,2260,2220,21-Jan-25
6998,Madhepura,Murliganj,Onion,White,FAQ,2500,3000,2700,19-Jan-25
6999,Madhepura,Murliganj,Onion,White,FAQ,2500,3100,3000,15-Jan-25
7000,Thiruchirappalli,Musiri(Uzhavar Sandhai ),Onion,Bellary,Local,4000,5600,5600,07-Jan-25
7001,Thiruchirappalli,Musiri(Uzhavar Sandhai ),Onion,Bellary,Local,4500,5000,5000,21-Jan-25
7002,Jalandhar,Phillaur(Apra Mandi),Onion,Other,FAQ,2500,2500,2500,22-Jan-25
7003,Jalandhar,Phillaur(Apra Mandi),Onion,Other,FAQ,2500,2500,2500,27-Jan-25
7004,Jalandhar,Phillaur(Apra Mandi),Onion,Other,FAQ,2500,2500,2500,28-Jan-25
7005,Pillibhit,Pilibhit,Onion,Red,FAQ,2180,2260,2225,15-Jan-25
7006,Nashik,Pimpalgaon,Onion,Pole,FAQ,750,2940,2300,08-Jan-25
7007,Nashik,Pimpalgaon,Onion,Pole,FAQ,800,3001,2400,07-Jan-25
7008,Nashik,Pimpalgaon,Onion,Pole,Local,700,2760,2150,30-Jan-25
7009,Hoshangabad,Pipariya(F&V),Onion,Onion,FAQ,1200,2500,1700,12-Jan-25
7010,Hoshangabad,Pipariya(F&V),Onion,Onion,FAQ,1400,2800,2100,28-Jan-25
7011,Ernakulam,Piravam,Onion,Big,FAQ,4000,6000,5000,26-Jan-25
7012,Coimbatore,Pollachi(Uzhavar Sandhai ),Onion,Bellary,Local,4000,5500,5500,01-Jan-25
7013,Coimbatore,Pollachi(Uzhavar Sandhai ),Onion,Bellary,Local,4000,5500,5500,10-Jan-25
7014,Thiruvannamalai,Polur(Uzhavar Sandhai ),Onion,Bellary,Local,3300,4000,4000,03-Jan-25
7015,Porbandar,Porbandar,Onion,Other,FAQ,1500,2000,1750,21-Jan-25
7016,Porbandar,Porbandar,Onion,Other,FAQ,1500,2500,2000,24-Jan-25
7017,Porbandar,Porbandar,Onion,Other,FAQ,1500,2500,2000,25-Jan-25
7018,Thiruvananthapuram,Pothencode,Onion,Other,FAQ,46750,46800,46780,07-Jan-25
7019,Thiruvananthapuram,Pothencode,Onion,Other,FAQ,55250,55300,55280,04-Jan-25
7020,Pratapgarh,Pratapgarh,Onion,Other,FAQ,700,2240,1470,09-Jan-25
7021,Pratapgarh,Pratapgarh,Onion,Other,FAQ,800,2116,1451,17-Jan-25
7022,Pratapgarh,Pratapgarh,Onion,Other,FAQ,800,2200,1700,20-Jan-25
7023,Pratapgarh,Pratapgarh,Onion,Red,FAQ,2050,2300,2120,10-Jan-25
7024,Pratapgarh,Pratapgarh,Onion,Red,FAQ,2100,2350,2140,16-Jan-25
7025,Pudukkottai,Pudukottai(Uzhavar Sandhai ),Onion,Bellary,Local,4000,5000,5000,29-Jan-25
7026,Pudukkottai,Pudukottai(Uzhavar Sandhai ),Onion,Bellary,Local,4000,5000,5000,30-Jan-25
7027,Kanpur Dehat,Pukharayan,Onion,Red,FAQ,2435,2465,2450,09-Jan-25
7028,Pune,Pune,Onion,Local,FAQ,1400,2600,2000,16-Jan-25
7029,Pune,Pune(Khadiki),Onion,Local,FAQ,1000,2700,1850,08-Jan-25
7030,Pune,Pune(Khadiki),Onion,Local,FAQ,1300,2500,1900,04-Jan-25
7031,Pune,Pune(Moshi),Onion,Local,FAQ,700,3000,1850,19-Jan-25
7032,Pune,Pune(Moshi),Onion,Local,FAQ,800,3000,1900,24-Jan-25
7033,Pune,Pune(Pimpri),Onion,Local,FAQ,1200,2300,1750,13-Jan-25
7034,Pune,Pune(Pimpri),Onion,Local,FAQ,1200,2500,1850,22-Jan-25
7035,Pune,Pune(Pimpri),Onion,Local,FAQ,2800,2800,2800,09-Jan-25
7036,Puruliya,Purulia,Onion,Other,FAQ,1800,2800,2400,31-Jan-25
7037,Puruliya,Purulia,Onion,Other,FAQ,2000,3100,2500,24-Jan-25
7038,Puruliya,Purulia,Onion,Other,FAQ,2400,2800,2500,17-Jan-25
7039,Puruliya,Purulia,Onion,Other,FAQ,3000,3500,3200,02-Jan-25
7040,Unnao,Purwa,Onion,Red,FAQ,2050,2175,2100,01-Feb-25
7041,Unnao,Purwa,Onion,Red,FAQ,2275,2375,2325,21-Jan-25
7042,Unnao,Purwa,Onion,Red,FAQ,2700,2825,2750,05-Jan-25
7043,Shahjahanpur,Puwaha,Onion,Red,FAQ,2100,2300,2200,15-Jan-25
7044,Shahjahanpur,Puwaha,Onion,Red,FAQ,2150,2350,2250,10-Jan-25
7045,Shahjahanpur,Puwaha,Onion,Red,FAQ,2150,2350,2250,22-Jan-25
7046,Shahjahanpur,Puwaha,Onion,Red,FAQ,2150,2350,2250,27-Jan-25
7047,Kozhikode(Calicut),Quilandy,Onion,Other,FAQ,4100,4200,4200,10-Jan-25
7048,Yamuna Nagar,Radaur,Onion,Other,FAQ,2000,2400,2200,30-Jan-25
7049,Yamuna Nagar,Radaur,Onion,Other,FAQ,2000,2500,2200,23-Jan-25
7050,Yamuna Nagar,Radaur,Onion,Other,FAQ,2500,3200,3000,13-Jan-25
7051,Ahmednagar,Rahata,Onion,Red,Local,400,2800,2100,31-Jan-25
7052,Raebarelli,Raibareilly,Onion,Red,FAQ,2300,2400,2360,22-Jan-25
7053,Raebarelli,Raibareilly,Onion,Red,FAQ,2400,2500,2450,10-Jan-25
7054,Chengalpattu,Medavakkam(Uzhavar Sandhai ),Onion,Bellary,Local,4200,4600,4600,14-Jan-25
7055,Meerut,Meerut,Onion,Red,FAQ,2550,2700,2620,03-Jan-25
7056,Rohtak,Meham,Onion,Other,FAQ,2000,2000,2000,20-Jan-25
7057,Sitapur,Mehmoodabad,Onion,Red,FAQ,2285,2340,2310,22-Jan-25
7058,Sitapur,Mehmoodabad,Onion,Red,FAQ,2385,2440,2410,14-Jan-25
7059,Ranga Reddy,Mehndipatnam(Rythu Bazar),Onion,1st Sort,FAQ,3000,3000,3000,20-Jan-25
7060,Mehsana,Mehsana(Mehsana Veg),Onion,Onion,FAQ,800,3000,2000,23-Jan-25
7061,Sepahijala,Melaghar,Onion,Red,FAQ,3800,4000,3900,16-Jan-25
7062,Sepahijala,Melaghar,Onion,Red,FAQ,3900,4100,4000,13-Jan-25
7063,Sepahijala,Melaghar,Onion,Small,FAQ,3300,3500,3400,20-Jan-25
7064,Thirunelveli,Melapalayam(Uzhavar Sandhai ),Onion,Bellary,Local,3000,3600,3600,15-Jan-25
7065,Thirunelveli,Melapalayam(Uzhavar Sandhai ),Onion,Bellary,Local,3500,4400,4400,09-Jan-25
7066,Madurai,Melur(Uzhavar Sandhai ),Onion,Bellary,Local,4500,4800,4800,01-Jan-25
7067,Madurai,Melur(Uzhavar Sandhai ),Onion,Bellary,Local,4500,5000,5000,28-Jan-25
7068,Madurai,Melur(Uzhavar Sandhai ),Onion,Bellary,Local,4500,5200,5200,05-Jan-25
7069,Madurai,Melur(Uzhavar Sandhai ),Onion,Bellary,Local,4800,5200,5200,04-Jan-25
7070,Madurai,Melur(Uzhavar Sandhai ),Onion,Bellary,Local,4800,5400,5400,08-Jan-25
7071,Coimbatore,Mettupalayam(Uzhavar Sandhai ),Onion,Bellary,Local,4000,4600,4600,07-Jan-25
7072,Coimbatore,Mettupalayam(Uzhavar Sandhai ),Onion,Bellary,Local,4400,4800,4800,22-Jan-25
7073,Salem,Mettur(Uzhavar Sandhai ),Onion,Bellary,Local,4000,5000,5000,16-Jan-25
7074,Salem,Mettur(Uzhavar Sandhai ),Onion,Bellary,Local,4000,5500,5500,26-Jan-25
7075,Salem,Mettur(Uzhavar Sandhai ),Onion,Bellary,Local,4000,5500,5500,27-Jan-25
7076,Indore,Mhow(F&V),Onion,Onion,FAQ,1100,2000,1500,26-Jan-25
7077,Rampur,Milak,Onion,Red,FAQ,2070,2155,2115,01-Feb-25
7078,Mirzapur,Mirzapur,Onion,Red,FAQ,2100,2200,2165,24-Jan-25
7079,Farukhabad,Mohamadabad,Onion,Red,FAQ,2420,2620,2520,01-Jan-25
7080,Khiri (Lakhimpur),Mohammdi,Onion,Red,FAQ,2300,2360,2330,23-Jan-25
7081,Khiri (Lakhimpur),Mohammdi,Onion,Red,FAQ,2440,2530,2485,02-Jan-25
7082,Khiri (Lakhimpur),Mohammdi,Onion,Red,FAQ,2915,3015,2965,08-Jan-25
7083,Khiri (Lakhimpur),Mohammdi,Onion,Red,FAQ,2940,3020,2980,06-Jan-25
7084,Namakkal,Mohanur(Uzhavar Sandhai ),Onion,Bellary,Local,3800,5000,5000,18-Jan-25
7085,Namakkal,Mohanur(Uzhavar Sandhai ),Onion,Bellary,Local,4500,5000,5000,24-Jan-25
7086,Mahendragarh-Narnaul,Mohindergarh,Onion,Onion,FAQ,1200,2000,1800,07-Jan-25
7087,Mahendragarh-Narnaul,Mohindergarh,Onion,Onion,FAQ,1800,2200,2000,01-Feb-25
7088,Morena,Morena,Onion,Onion,FAQ,1200,1200,1200,09-Jan-25
7089,Jhansi,Moth,Onion,Red,FAQ,2000,2140,2080,09-Jan-25
7090,Jalpaiguri,Moynaguri,Onion,Nasik,FAQ,2900,3100,3000,04-Jan-25
7091,Jalpaiguri,Moynaguri,Onion,Nasik,FAQ,2900,3100,3000,06-Jan-25
7092,Jaunpur,Mugrabaadshahpur,Onion,Red,FAQ,2130,2330,2230,23-Jan-25
7093,Jaunpur,Mugrabaadshahpur,Onion,Red,FAQ,2215,2415,2315,03-Jan-25
7094,Jaunpur,Mugrabaadshahpur,Onion,Red,FAQ,2385,2585,2485,14-Jan-25
7095,Hoshiarpur,Mukerian,Onion,Onion,FAQ,2300,2700,2500,07-Jan-25
7096,Hoshiarpur,Mukerian(Talwara),Onion,Onion,FAQ,2200,2800,2500,11-Jan-25
7097,Kozhikode(Calicut),Mukkom,Onion,Onion,FAQ,3000,3400,3200,17-Jan-25
7098,Kozhikode(Calicut),Mukkom,Onion,Onion,FAQ,3500,3800,3600,28-Jan-25
7099,Kozhikode(Calicut),Mukkom,Onion,Onion,FAQ,4600,5000,4800,08-Jan-25
7100,Muktsar,Muktsar,Onion,Red,FAQ,3000,3500,3200,06-Jan-25
7101,Idukki,Munnar,Onion,Small,FAQ,5000,7000,6000,30-Jan-25
7102,Sambhal,Muradabad,Onion,Red,FAQ,2220,2300,2260,08-Jan-25
7103,Sambhal,Muradabad,Onion,Red,FAQ,2250,2350,2300,12-Jan-25
7104,Thiruchirappalli,Musiri(Uzhavar Sandhai ),Onion,Bellary,Local,5000,5400,5400,13-Jan-25
7105,Hamirpur,Muskara,Onion,Red,FAQ,2200,2400,2300,23-Jan-25
7106,Hamirpur,Muskara,Onion,Red,FAQ,2300,2400,2350,15-Jan-25
7107,Hamirpur,Muskara,Onion,Red,FAQ,2300,2500,2400,10-Jan-25
7108,Hamirpur,Muskara,Onion,Red,FAQ,2300,2500,2400,16-Jan-25
7109,Muzaffarnagar,Muzzafarnagar,Onion,Red,FAQ,2100,2500,2300,22-Jan-25
7110,Muzaffarnagar,Muzzafarnagar,Onion,Red,FAQ,2200,2500,2300,24-Jan-25
7111,Muzaffarnagar,Muzzafarnagar,Onion,Red,FAQ,2500,2700,2600,03-Jan-25
7112,Mysore,Mysore (Bandipalya),Onion,Other,FAQ,3000,4500,3800,02-Jan-25
7113,Patiala,Nabha,Onion,Other,FAQ,1500,2500,2000,07-Jan-25
7114,Patiala,Nabha,Onion,Other,FAQ,1600,2700,2100,14-Jan-25
7115,Patiala,Nabha,Onion,Other,FAQ,1700,2800,2400,08-Jan-25
7116,Nadia,Nadia,Onion,Other,FAQ,2200,2550,2400,02-Jan-25
7117,Nadia,Nadia,Onion,Other,Non-FAQ,2400,2750,2600,27-Jan-25
7118,Nadia,Nadia,Onion,Other,Non-FAQ,2450,2850,2550,24-Jan-25
7119,Kheda,Nadiyad(Piplag),Onion,Onion,FAQ,1500,2500,2000,16-Jan-25
7120,Kheda,Nadiyad(Piplag),Onion,Onion,FAQ,1600,1800,1650,28-Jan-25
7121,Nagapattinam,Nagapattinam(Uzhavar Sandhai ),Onion,Bellary,Local,2000,3000,3000,25-Jan-25
7122,Nagapattinam,Nagapattinam(Uzhavar Sandhai ),Onion,Bellary,Local,2500,3000,3000,09-Jan-25
7123,Nagapattinam,Nagapattinam(Uzhavar Sandhai ),Onion,Bellary,Local,2500,3500,3500,01-Feb-25
7124,Nagpur,Nagpur,Onion,Red,FAQ,1500,2500,2250,21-Jan-25
7125,Nagpur,Nagpur,Onion,Red,FAQ,1600,2600,2350,16-Jan-25
7126,Nagpur,Nagpur,Onion,White,FAQ,1600,2600,2350,21-Jan-25
7127,Nagpur,Nagpur,Onion,White,FAQ,1600,2800,2550,11-Jan-25
7128,Bijnor,Najibabad,Onion,Red,FAQ,1000,1400,1200,12-Jan-25
7129,Nashik,Nampur,Onion,Red,Local,400,2425,1900,27-Jan-25
7130,Nashik,Nandgaon,Onion,Red,FAQ,235,2600,1850,02-Jan-25
7131,Chengalpattu,Nanganallur(Uzhavar Sandhai ),Onion,Bellary,Local,3500,4000,4000,27-Jan-25
7132,Chengalpattu,Nanganallur(Uzhavar Sandhai ),Onion,Bellary,Local,3500,5000,5000,28-Jan-25
7133,Chengalpattu,Nanganallur(Uzhavar Sandhai ),Onion,Bellary,Local,4000,4500,4500,01-Jan-25
7134,Ambala,Naraingarh,Onion,Onion,FAQ,2000,2700,2500,01-Jan-25
7135,Thiruvellore,Naravarikuppam(Uzhavar Sandhai ),Onion,Bellary,Local,4500,4500,4500,03-Jan-25
7136,Thiruvellore,Naravarikuppam(Uzhavar Sandhai ),Onion,Bellary,Local,5000,5000,5000,18-Jan-25
7137,Mahendragarh-Narnaul,Narnaul,Onion,Other,FAQ,1000,2500,1800,23-Jan-25
7138,Mahendragarh-Narnaul,Narnaul,Onion,Other,FAQ,1400,2500,2000,24-Jan-25
7139,Mahendragarh-Narnaul,Narnaul,Onion,Other,FAQ,1500,2200,2000,26-Jan-25
7140,Rajgarh,Narsinghgarh,Onion,Onion,FAQ,590,1620,1620,18-Jan-25
7141,Jammu,Narwal Jammu (F&V),Onion,Other,FAQ,2400,2800,2600,18-Jan-25
7142,Nashik,Nasik,Onion,Pole,FAQ,1200,2641,2100,23-Jan-25
7143,Thirupathur,Natrampalli(Uzhavar Sandhai ),Onion,Bellary,Local,4000,4000,4000,01-Feb-25
7144,Thirupathur,Natrampalli(Uzhavar Sandhai ),Onion,Bellary,Local,5000,6000,6000,06-Jan-25
7145,Thirupathur,Natrampalli(Uzhavar Sandhai ),Onion,Bellary,Local,5000,6000,6000,11-Jan-25
7146,Maharajganj,Nautnava,Onion,Red,FAQ,2200,2500,2360,29-Jan-25
7147,Gonda,Nawabganj,Onion,Red,FAQ,2200,2300,2250,21-Jan-25
7148,Gonda,Nawabganj,Onion,Red,FAQ,2200,2300,2250,22-Jan-25
7149,Nawanshahr,Nawan Shahar(Subzi Mandi),Onion,Other,FAQ,2400,2600,2500,18-Jan-25
7150,Neemuch,Neemuch,Onion,Onion,FAQ,1271,1691,1490,29-Jan-25
7151,Neemuch,Neemuch,Onion,Red,FAQ,250,550,300,03-Jan-25
7152,Panchkula,"New Grain Market , Panchkula",Onion,Other,FAQ,3000,4000,3500,16-Jan-25
7153,Karnal,"New Grain Market(main), Karnal",Onion,Other,FAQ,1200,2200,1600,12-Jan-25
7154,The Nilgiris,Coonoor(Uzhavar Sandhai ),Onion,Bellary,Local,4000,5800,5800,31-Jan-25
7155,The Nilgiris,Coonoor(Uzhavar Sandhai ),Onion,Bellary,Local,4500,5000,5000,24-Jan-25
7156,The Nilgiris,Coonoor(Uzhavar Sandhai ),Onion,Bellary,Local,4500,5000,5000,25-Jan-25
7157,The Nilgiris,Coonoor(Uzhavar Sandhai ),Onion,Bellary,Local,5000,5200,5200,10-Jan-25
7158,Cuddalore,Cuddalore(Uzhavar Sandhai ),Onion,Bellary,Local,3500,5000,5000,23-Jan-25
7159,Cuddalore,Cuddalore(Uzhavar Sandhai ),Onion,Bellary,Local,4000,4000,4000,20-Jan-25
7160,Cuddalore,Cuddalore(Uzhavar Sandhai ),Onion,Bellary,Local,4000,5000,5000,19-Jan-25
7161,Sirsa,Dabwali,Onion,Other,FAQ,1500,1800,1700,03-Jan-25
7162,Gautam Budh Nagar,Dadri,Onion,Red,FAQ,2000,2275,2135,25-Jan-25
7163,Dahod,Dahod(Veg. Market),Onion,Onion,FAQ,700,2500,2200,04-Jan-25
7164,Patna,Danapur,Onion,Medium,FAQ,3400,3800,3600,10-Jan-25
7165,Gautam Budh Nagar,Dankaur,Onion,Red,FAQ,2400,2655,2520,04-Jan-25
7166,Hoshiarpur,Dasuya,Onion,Other,FAQ,2200,2600,2400,21-Jan-25
7167,Dehradoon,Dehradoon,Onion,Nasik,Non-FAQ,1800,2600,2500,17-Jan-25
7168,Krishnagiri,Denkanikottai(Uzhavar Sandhai ),Onion,Bellary,Local,4000,4500,4500,20-Jan-25
7169,Sagar,Deori,Onion,Onion,Non-FAQ,900,1500,1000,23-Jan-25
7170,Sivaganga,Devakottai (Uzhavar Sandhai ),Onion,Bellary,Local,4800,5400,5400,29-Jan-25
7171,Nashik,Devala,Onion,Red,FAQ,800,2555,2150,22-Jan-25
7172,Nashik,Devala,Onion,Red,FAQ,800,2580,2350,20-Jan-25
7173,Nashik,Devala,Onion,Red,FAQ,900,2500,2250,23-Jan-25
7174,Theni,Devaram(Uzhavar Sandhai ),Onion,Bellary,Local,4200,4200,4200,04-Jan-25
7175,Theni,Devaram(Uzhavar Sandhai ),Onion,Bellary,Local,4200,4500,4500,22-Jan-25
7176,Deoria,Devariya,Onion,Red,Non-FAQ,2240,2255,2245,25-Jan-25
7177,Dhar,Dhamnod(F&V),Onion,Onion,FAQ,1200,1500,1400,29-Jan-25
7178,Dhar,Dhamnod(F&V),Onion,Onion,FAQ,1500,2500,2000,14-Jan-25
7179,Dhar,Dhamnod(F&V),Onion,Onion,FAQ,1500,3000,1800,09-Jan-25
7180,Amroha,Dhanaura,Onion,Medium,FAQ,1000,1500,1200,09-Jan-25
7181,Amroha,Dhanaura,Onion,Medium,FAQ,1200,1500,1400,01-Jan-25
7182,Amroha,Dhanaura,Onion,Medium,Non-FAQ,1000,1500,1200,24-Jan-25
7183,Amroha,Dhanaura,Onion,Medium,Non-FAQ,1000,1500,1200,31-Jan-25
7184,Kaithal,Dhand,Onion,Other,FAQ,2500,2700,2680,13-Jan-25
7185,Kaithal,Dhand,Onion,Other,FAQ,2500,3000,2900,11-Jan-25
7186,Mandi,Dhanotu (Mandi),Onion,Other,FAQ,2500,2800,2650,21-Jan-25
7187,Thirupur,Dharapuram(Uzhavar Sandhai ),Onion,Bellary,Local,4000,4800,4800,26-Jan-25
7188,Thirupur,Dharapuram(Uzhavar Sandhai ),Onion,Bellary,Local,4000,5000,5000,06-Jan-25
7189,Dharashiv(Usmanabad),Dharashiv,Onion,Red,FAQ,1800,3100,2450,23-Jan-25
7190,Dharashiv(Usmanabad),Dharashiv,Onion,Red,FAQ,2000,4300,3150,02-Jan-25
7191,Gurdaspur,Dhariwal,Onion,Other,FAQ,1600,1900,1700,06-Jan-25
7192,Dharmapuri,Dharmapuri(Uzhavar Sandhai ),Onion,Bellary,Local,4200,4400,4400,19-Jan-25
7193,Dharmapuri,Dharmapuri(Uzhavar Sandhai ),Onion,Bellary,Local,4400,4800,4800,29-Jan-25
7194,Jalpaiguri,Dhupguri,Onion,Nasik,FAQ,2800,2900,2900,29-Jan-25
7195,Jalpaiguri,Dhupguri,Onion,Nasik,FAQ,2900,3000,3000,14-Jan-25
7196,Sangrur,Dhuri,Onion,Other,FAQ,2000,2700,2500,19-Jan-25
7197,Sangrur,Dhuri,Onion,Other,FAQ,2100,2700,2350,09-Jan-25
7198,Sounth 24 Parganas,Diamond Harbour(South 24-pgs),Onion,Red,FAQ,3200,3300,3250,10-Jan-25
7199,Gurdaspur,Dinanagar,Onion,Other,FAQ,2500,3000,3000,07-Jan-25
7200,Dindigul,Dindigul(Uzhavar Sandhai ),Onion,Bellary,Local,4000,5000,5000,27-Jan-25
7201,Dindigul,Dindigul(Uzhavar Sandhai ),Onion,Bellary,Local,8000,9000,9000,18-Jan-25
7202,Nashik,Dindori(Vani),Onion,Red,FAQ,1800,2941,2471,23-Jan-25
7203,Coochbehar,Dinhata,Onion,Onion,FAQ,2700,3000,2800,11-Jan-25
7204,Raebarelli,Raibareilly,Onion,Red,FAQ,2400,2500,2450,16-Jan-25
7205,Raebarelli,Raibareilly,Onion,Red,FAQ,2500,2600,2550,05-Jan-25
7206,Raigarh,Raigarh,Onion,Local,Local,1800,2200,2000,13-Jan-25
7207,Raigarh,Raigarh,Onion,Local,Local,2000,2800,2400,15-Jan-25
7208,Panchkula,Raipur Rai,Onion,Other,FAQ,2500,2600,2500,29-Jan-25
7209,Virudhunagar,Rajapalayam(Uzhavar Sandhai ),Onion,Bellary,Local,4500,5000,5000,06-Jan-25
7210,Virudhunagar,Rajapalayam(Uzhavar Sandhai ),Onion,Bellary,Local,4500,5000,5000,30-Jan-25
7211,Virudhunagar,Rajapalayam(Uzhavar Sandhai ),Onion,Bellary,Local,5000,5500,5500,13-Jan-25
7212,Rajkot,Rajkot(Veg.Sub Yard),Onion,Onion,FAQ,450,2075,1600,08-Jan-25
7213,Rajkot,Rajkot(Veg.Sub Yard),Onion,Onion,FAQ,650,2200,1675,28-Jan-25
7214,Rajnandgaon,Rajnandgaon,Onion,Onion,Local,1800,2300,2000,18-Jan-25
7215,Rajnandgaon,Rajnandgaon,Onion,Onion,Local,2100,2500,2300,01-Jan-25
7216,Rajouri,Rajouri (F&V),Onion,Other,FAQ,3400,3600,3500,07-Jan-25
7217,Rajouri,Rajouri (F&V),Onion,Other,FAQ,3400,3600,3500,09-Jan-25
7218,Rajouri,Rajouri (F&V),Onion,Other,Non-FAQ,3000,3200,3100,24-Jan-25
7219,Patiala,Rajpura,Onion,Local,FAQ,1800,2400,2100,17-Jan-25
7220,Bhatinda,Raman,Onion,Other,FAQ,2345,2410,2375,17-Jan-25
7221,Howrah,Ramkrishanpur(Howrah),Onion,Other,FAQ,3200,3800,3500,28-Jan-25
7222,Howrah,Ramkrishanpur(Howrah),Onion,Other,FAQ,3200,3800,3600,31-Jan-25
7223,Nanital,Ramnagar,Onion,Other,FAQ,1600,2000,1800,13-Jan-25
7224,Nanital,Ramnagar,Onion,Other,FAQ,1800,2000,1900,01-Feb-25
7225,Nanital,Ramnagar,Onion,Other,FAQ,2000,2500,2250,16-Jan-25
7226,Rampur,Rampur,Onion,Red,FAQ,2230,2325,2270,19-Jan-25
7227,Rampur,Rampur,Onion,Red,FAQ,2240,2330,2280,11-Jan-25
7228,Bhatinda,Rampuraphul(Nabha Mandi),Onion,Other,Non-FAQ,2000,3800,2500,20-Jan-25
7229,Nadia,Ranaghat,Onion,Other,FAQ,2900,3050,3000,22-Jan-25
7230,Sirsa,Rania,Onion,Other,FAQ,1300,1600,1500,24-Jan-25
7231,Sirsa,Rania,Onion,Other,FAQ,1900,2200,2100,17-Jan-25
7232,Ranipet,Ranipettai(Uzhavar Sandhai ),Onion,Bellary,Local,4000,4800,4800,10-Jan-25
7233,Ranipet,Ranipettai(Uzhavar Sandhai ),Onion,Bellary,Local,4000,5000,5000,01-Feb-25
7234,Ballia,Rasda,Onion,Red,FAQ,2110,2245,2180,03-Jan-25
7235,Namakkal,Rasipuram(Uzhavar Sandhai ),Onion,Bellary,Local,4400,5000,5000,31-Jan-25
7236,Fatehabad,Ratia,Onion,Other,FAQ,1800,2200,2000,22-Jan-25
7237,Ratlam,Ratlam,Onion,Nasik,FAQ,200,1500,200,13-Jan-25
7238,Ratlam,Ratlam,Onion,Onion,Non-FAQ,250,2300,1761,01-Feb-25
7239,Hanumangarh,Rawatsar,Onion,1st Sort,FAQ,2000,2100,2050,28-Jan-25
7240,Rayagada,Rayagada,Onion,Other,FAQ,3500,3600,3600,03-Jan-25
7241,Amritsar,Rayya,Onion,Red,FAQ,1800,1800,1800,25-Jan-25
7242,Amritsar,Rayya,Onion,Red,FAQ,2000,2000,2000,29-Jan-25
7243,Amritsar,Rayya,Onion,Red,FAQ,2200,2200,2200,04-Jan-25
7244,Amritsar,Rayya,Onion,Red,FAQ,2500,2500,2500,08-Jan-25
7245,Rewari,Rewari,Onion,Medium,Non-FAQ,1000,2200,1600,21-Jan-25
7246,Dehradoon,Rishikesh,Onion,Other,Non-FAQ,2000,2500,2200,25-Jan-25
7247,Dehradoon,Rishikesh,Onion,Other,Non-FAQ,2100,2700,2500,20-Jan-25
7248,Dehradoon,Rishikesh,Onion,Other,Non-FAQ,2200,2600,2400,28-Jan-25
7249,Sonbhadra,Robertsganj,Onion,Red,FAQ,2350,2560,2430,07-Jan-25
7250,Shimla,Rohroo,Onion,1st Sort,FAQ,3000,3500,3000,11-Jan-25
7251,Shimla,Rohroo,Onion,1st Sort,FAQ,3500,3800,3500,16-Jan-25
7252,Rohtak,Rohtak,Onion,Other,FAQ,600,1500,1000,17-Jan-25
7253,Rohtak,Rohtak,Onion,Other,FAQ,1500,2500,2000,30-Jan-25
7254,Haridwar,Roorkee,Onion,Other,FAQ,2000,4000,3000,20-Jan-25
7255,Haridwar,Roorkee,Onion,Other,FAQ,2000,4000,3000,24-Jan-25
7256,Bangalore,Doddaballa Pur,Onion,Onion,FAQ,3000,4000,3500,27-Jan-25
7257,Mau(Maunathbhanjan),Doharighat,Onion,Red,Non-FAQ,3400,3500,3460,30-Jan-25
7258,Ludhiana,Doraha,Onion,Other,FAQ,2200,3000,2700,14-Jan-25
7259,Ludhiana,Doraha,Onion,Other,FAQ,2300,3000,2500,09-Jan-25
7260,Ludhiana,Doraha,Onion,Other,Non-FAQ,2300,3000,2750,21-Jan-25
7261,Patiala,Dudhansadhan,Onion,Other,FAQ,3200,3500,3300,11-Jan-25
7262,Durg,Durg,Onion,Onion,Local,2000,2500,2500,07-Jan-25
7263,Durg,Durg,Onion,Onion,Local,2500,3000,2500,04-Jan-25
7264,Durg,Durg,Onion,Onion,Local,2600,2800,2800,10-Jan-25
7265,Durg,Durg,Onion,Onion,Non-FAQ,2000,2500,2500,19-Jan-25
7266,Durg,Durg,Onion,Onion,Non-FAQ,2000,2500,2500,26-Jan-25
7267,Durg,Durg,Onion,Onion,Non-FAQ,2200,2400,2400,22-Jan-25
7268,Paschim Bardhaman,Durgapur,Onion,Other,FAQ,2700,2850,2750,18-Jan-25
7269,Paschim Bardhaman,Durgapur,Onion,Other,FAQ,2700,2850,2800,05-Jan-25
7270,Paschim Bardhaman,Durgapur,Onion,Other,FAQ,2700,2900,2850,21-Jan-25
7271,Paschim Bardhaman,Durgapur,Onion,Other,FAQ,2950,3250,3050,11-Jan-25
7272,Salem,Edapadi (Uzhavar Sandhai ),Onion,Bellary,Local,4000,6000,6000,02-Jan-25
7273,Salem,Edapadi (Uzhavar Sandhai ),Onion,Bellary,Local,4000,6000,6000,26-Jan-25
7274,Salem,Edapadi (Uzhavar Sandhai ),Onion,Bellary,Local,5500,6000,6000,07-Jan-25
7275,Medinipur(E),Egra/contai,Onion,Onion,FAQ,2800,3000,2900,15-Jan-25
7276,Medinipur(E),Egra/contai,Onion,Onion,FAQ,2800,3000,2900,22-Jan-25
7277,Medinipur(E),Egra/contai,Onion,Onion,FAQ,3000,3200,3100,13-Jan-25
7278,Medinipur(E),Egra/contai,Onion,Onion,FAQ,3000,3200,3100,14-Jan-25
7279,Malda,English Bazar,Onion,Other,FAQ,2000,2800,2500,15-Jan-25
7280,Malda,English Bazar,Onion,Other,FAQ,2500,3000,2700,05-Jan-25
7281,Malda,English Bazar,Onion,Other,FAQ,2600,3000,2700,02-Jan-25
7282,Etah,Etah,Onion,Red,FAQ,2000,2500,2250,23-Jan-25
7283,Etawah,Etawah,Onion,Red,FAQ,2100,2400,2300,07-Jan-25
7284,Kottayam,Ettumanoor,Onion,Big,FAQ,3800,4000,3900,13-Jan-25
7285,Gurdaspur,F.G.Churian,Onion,Onion,FAQ,2800,3000,2900,29-Jan-25
7286,Ayodhya,Faizabad,Onion,Red,FAQ,2270,2400,2340,12-Jan-25
7287,Ayodhya,Faizabad,Onion,Red,FAQ,2300,2500,2450,02-Jan-25
7288,Alipurduar,Falakata,Onion,Other,Non-FAQ,3000,3300,3200,01-Feb-25
7289,Faridabad,Faridabad,Onion,Other,FAQ,1500,3500,2500,06-Jan-25
7290,Faridkot,Faridkot,Onion,Onion,FAQ,2000,2500,2200,20-Jan-25
7291,Gurgaon,Farukh Nagar,Onion,Other,FAQ,2200,2500,2200,04-Jan-25
7292,Farukhabad,Farukhabad,Onion,Red,FAQ,1975,2250,2100,31-Jan-25
7293,Farukhabad,Farukhabad,Onion,Red,FAQ,2200,2400,2300,06-Jan-25
7294,Fatehabad,Fatehabad,Onion,Other,FAQ,2000,3500,2500,26-Jan-25
7295,Agra,Fatehabad,Onion,Red,FAQ,1600,1700,1650,06-Jan-25
7296,Fatehpur,Fatehpur,Onion,Red,FAQ,1700,1900,1800,28-Jan-25
7297,Fatehpur,Fatehpur,Onion,Red,FAQ,1700,1960,1850,27-Jan-25
7298,Fatehpur,Fatehpur,Onion,Red,FAQ,1950,2250,2100,01-Jan-25
7299,Fatehpur,Fatehpur,Onion,Red,FAQ,2000,2300,2150,07-Jan-25
7300,Agra,Fatehpur Sikri,Onion,Red,FAQ,2300,2500,2385,15-Jan-25
7301,Agra,Fatehpur Sikri,Onion,Red,Non-FAQ,1700,1800,1750,31-Jan-25
7302,Fazilka,Fazilka,Onion,Other,FAQ,2000,2500,2200,22-Jan-25
7303,Fazilka,Fazilka,Onion,Other,FAQ,2000,2500,2200,27-Jan-25
7304,Firozabad,Firozabad,Onion,Red,FAQ,2285,2450,2370,01-Jan-25
7305,Firozabad,Firozabad,Onion,Red,FAQ,2285,2460,2375,18-Jan-25
7306,Ferozpur,Firozepur City,Onion,Other,FAQ,3000,3500,3250,17-Jan-25
7307,Ferozpur,Firozepur City,Onion,Other,FAQ,3000,4000,3500,10-Jan-25
7308,Hoshiarpur,Hoshiarpur,Onion,Other,FAQ,2000,2300,2100,24-Jan-25
7309,Hoshiarpur,Hoshiarpur,Onion,Other,FAQ,2700,2900,2800,15-Jan-25
7310,Dharwad,Hubli (Amaragol),Onion,Local,FAQ,200,2500,1200,28-Jan-25
7311,Dharwad,Hubli (Amaragol),Onion,Local,FAQ,900,2100,1500,07-Jan-25
7312,Dharwad,Hubli (Amaragol),Onion,Puna,FAQ,500,3500,1800,21-Jan-25
7313,Dharwad,Hubli (Amaragol),Onion,Puna,Ref grade-1,500,3500,1750,30-Jan-25
7314,Dharwad,Hubli (Amaragol),Onion,Telagi,FAQ,500,2870,1750,22-Jan-25
7315,Dharwad,Hubli (Amaragol),Onion,Telagi,FAQ,1000,3000,1800,18-Jan-25
7316,Indore,Indore,Onion,Onion,FAQ,1156,2621,2505,04-Jan-25
7317,Indore,Indore,Onion,Onion,Non-FAQ,514,2329,2329,30-Jan-25
7318,Indore,Indore,Onion,Other,FAQ,1311,2597,2597,06-Jan-25
7319,Yamuna Nagar,Jagadhri,Onion,Other,FAQ,2000,2480,2200,08-Jan-25
7320,Madhubani,Jahajharpur,Onion,Medium,FAQ,2800,3000,2900,24-Jan-25
7321,Madhubani,Jahajharpur,Onion,Medium,FAQ,2900,3100,3000,22-Jan-25
7322,Madhubani,Jainagar,Onion,Medium,FAQ,3000,3200,3100,15-Jan-25
7323,Madhubani,Jainagar,Onion,Medium,FAQ,3800,4000,3900,04-Jan-25
7324,Jaipur,Jaipur (F&V),Onion,Other,FAQ,1700,2500,2100,20-Jan-25
7325,Jaipur,Jaipur (F&V),Onion,Other,FAQ,1700,2500,2100,24-Jan-25
7326,Fatehabad,Jakhal,Onion,Other,FAQ,2000,2500,2500,06-Jan-25
7327,Fazilka,Jalalabad,Onion,Other,FAQ,2500,2800,2600,16-Jan-25
7328,Jalana,Jalana,Onion,Local,FAQ,250,1600,800,01-Jan-25
7329,Balasore,Jaleswar,Onion,Other,FAQ,2800,3200,3000,29-Jan-25
7330,Balasore,Jaleswar,Onion,Other,FAQ,3300,3700,3500,11-Jan-25
7331,Jalgaon,Jalgaon,Onion,Red,Local,500,2250,1375,29-Jan-25
7332,Jalpaiguri,Jalpaiguri Sadar,Onion,Nasik,FAQ,3000,3100,3100,12-Jan-25
7333,Jalpaiguri,Jalpaiguri Sadar,Onion,Nasik,FAQ,3000,3200,3100,06-Jan-25
7334,Chengalpattu,Jameenrayapettai(Uzhavar Sandhai ),Onion,Bellary,Local,3500,5000,5000,21-Jan-25
7335,Jamnagar,Jamnagar,Onion,Other,FAQ,600,2500,1675,27-Jan-25
7336,Jamui,Jamui,Onion,Medium,FAQ,2100,2300,2200,20-Jan-25
7337,Jamui,Jamui,Onion,Medium,FAQ,2400,2600,2500,04-Jan-25
7338,Jamui,Jamui,Onion,Medium,FAQ,2400,2600,2500,19-Jan-25
7339,Jamui,Jamui,Onion,Medium,FAQ,2600,2800,2700,11-Jan-25
7340,Prayagraj,Jasra,Onion,Red,FAQ,1820,1960,1885,24-Jan-25
7341,Prayagraj,Jasra,Onion,Red,FAQ,2150,2300,2220,07-Jan-25
7342,Etawah,Jasvantnagar,Onion,Red,FAQ,2165,2265,2215,19-Jan-25
7343,Jaunpur,Jaunpur,Onion,Red,FAQ,2075,2175,2125,02-Jan-25
7344,Jaunpur,Jaunpur,Onion,Red,FAQ,2100,2150,2125,30-Jan-25
7345,Raebarelli,Jayas,Onion,Red,FAQ,2300,2350,2320,25-Jan-25
7346,Rajkot,Jetpur(Dist.Rajkot),Onion,Onion,FAQ,505,2155,1705,10-Jan-25
7347,Rajkot,Jetpur(Dist.Rajkot),Onion,Onion,FAQ,605,2205,1755,23-Jan-25
7348,Ariyalur,Jeyankondam (Uzhavar Sandhai ),Onion,Bellary,Local,4000,4600,4600,08-Jan-25
7349,Ariyalur,Jeyankondam (Uzhavar Sandhai ),Onion,Bellary,Local,4000,4600,4600,13-Jan-25
7350,Jhajar,Jhajjar,Onion,Other,FAQ,2800,3200,3000,02-Jan-25
7351,Jharsuguda,Jharsuguda,Onion,Other,Non-FAQ,3500,3500,3500,22-Jan-25
7352,Jind,Jind,Onion,Other,FAQ,1800,2200,2100,17-Jan-25
7353,Jind,Jind,Onion,Other,FAQ,1800,2200,2150,18-Jan-25
7354,Jind,Jind,Onion,Other,FAQ,2000,2500,2200,03-Jan-25
7355,Jind,Jind,Onion,Other,Non-FAQ,1500,2400,2100,30-Jan-25
7356,Jodhpur,Jodhpur (F&V),Onion,Other,FAQ,1000,2000,1500,20-Jan-25
7357,Jodhpur,Jodhpur (F&V),Onion,Other,FAQ,1000,2000,1500,24-Jan-25
7358,Pune,Junnar(Alephata),Onion,Other,FAQ,1200,3810,2800,05-Jan-25
7359,North Tripura,Kadamtala,Onion,Nasik,FAQ,3300,3500,3400,29-Jan-25
7360,North Tripura,Kadamtala,Onion,Nasik,FAQ,3500,3600,3550,21-Jan-25
7361,Thiruchirappalli,Musiri(Uzhavar Sandhai ),Onion,Bellary,Local,3500,5000,5000,31-Jan-25
7362,Yamuna Nagar,Mustafabad,Onion,Other,FAQ,2500,3000,2600,08-Jan-25
7363,Thiruvarur,Muthupettai(Uzhavar Sandhai ),Onion,Bellary,Local,5000,5000,5000,01-Feb-25
7364,Thiruvarur,Muthupettai(Uzhavar Sandhai ),Onion,Bellary,Local,5000,5000,5000,04-Jan-25
7365,Muzaffarnagar,Muzzafarnagar,Onion,Red,FAQ,2200,2500,2300,26-Jan-25
7366,Muzaffarnagar,Muzzafarnagar,Onion,Red,FAQ,2600,2900,2800,01-Jan-25
7367,Muzaffarnagar,Muzzafarnagar,Onion,Red,Non-FAQ,1000,1800,1400,29-Jan-25
7368,Muzaffarnagar,Muzzafarnagar,Onion,Red,Non-FAQ,1000,2000,1500,01-Feb-25
7369,Nagercoil (Kannyiakumari),Myladi(Uzhavar Sandhai ),Onion,Bellary,Local,4500,5000,5000,25-Jan-25
7370,Nagercoil (Kannyiakumari),Myladi(Uzhavar Sandhai ),Onion,Bellary,Local,4500,5500,5500,09-Jan-25
7371,Nagercoil (Kannyiakumari),Myladi(Uzhavar Sandhai ),Onion,Bellary,Local,4500,5500,5500,12-Jan-25
7372,Nagercoil (Kannyiakumari),Myladi(Uzhavar Sandhai ),Onion,Bellary,Local,4500,5500,5500,14-Jan-25
7373,Mysore,Mysore (Bandipalya),Onion,Other,Ref grade-1,2500,3000,2800,01-Feb-25
7374,Patiala,Nabha,Onion,Other,FAQ,1600,2700,2300,23-Jan-25
7375,Patiala,Nabha,Onion,Other,FAQ,1700,2700,2380,22-Jan-25
7376,Patiala,Nabha,Onion,Other,FAQ,2000,3000,2600,02-Jan-25
7377,Nadia,Nadia,Onion,Other,FAQ,2500,2750,2600,07-Jan-25
7378,Nadia,Nadia,Onion,Other,FAQ,2600,2800,2600,06-Jan-25
7379,Nadia,Nadia,Onion,Other,Non-FAQ,2450,2700,2550,25-Jan-25
7380,Nadia,Nadia,Onion,Other,Non-FAQ,2500,2675,2550,30-Jan-25
7381,Kheda,Nadiyad(Piplag),Onion,Onion,FAQ,1650,1800,1700,27-Jan-25
7382,Kheda,Nadiyad(Piplag),Onion,Onion,Non-FAQ,1600,2000,1800,21-Jan-25
7383,Nagapattinam,Nagapattinam(Uzhavar Sandhai ),Onion,Bellary,Local,2000,3000,3000,17-Jan-25
7384,Nagapattinam,Nagapattinam(Uzhavar Sandhai ),Onion,Bellary,Local,2000,3000,3000,28-Jan-25
7385,Nagpur,Nagpur,Onion,Red,FAQ,1500,2500,2250,23-Jan-25
7386,Nagpur,Nagpur,Onion,Red,FAQ,1600,2600,2350,09-Jan-25
7387,Nagpur,Nagpur,Onion,Red,FAQ,1600,2600,2350,11-Jan-25
7388,Nagpur,Nagpur,Onion,Red,Local,1500,2500,2250,27-Jan-25
7389,Nagpur,Nagpur,Onion,Red,Local,1500,2500,2250,29-Jan-25
7390,Nagpur,Nagpur,Onion,White,Local,1600,2600,2350,28-Jan-25
7391,Namakkal,Namakkal(Uzhavar Sandhai ),Onion,Bellary,Local,4000,4700,4700,30-Jan-25
7392,Nashik,Nandgaon,Onion,Red,FAQ,200,2201,1850,16-Jan-25
7393,Chengalpattu,Nanganallur(Uzhavar Sandhai ),Onion,Bellary,Local,3500,4000,4000,20-Jan-25
7394,Ambala,Naraingarh,Onion,Onion,FAQ,2000,2000,2000,27-Jan-25
7395,Ambala,Naraingarh,Onion,Onion,FAQ,2000,2500,2400,01-Feb-25
7396,Thiruvellore,Naravarikuppam(Uzhavar Sandhai ),Onion,Bellary,Local,4500,4500,4500,25-Jan-25
7397,Mahendragarh-Narnaul,Narnaul,Onion,Other,FAQ,1500,2000,2000,09-Jan-25
7398,Mahendragarh-Narnaul,Narnaul,Onion,Other,FAQ,1500,2200,2200,17-Jan-25
7399,Rajgarh,Narsinghgarh,Onion,Onion,FAQ,210,1860,1350,09-Jan-25
7400,Rajgarh,Narsinghgarh,Onion,Onion,FAQ,1680,2560,2560,02-Jan-25
7401,Jammu,Narwal Jammu (F&V),Onion,Other,FAQ,3000,3200,3100,04-Jan-25
7402,Jind,Narwana,Onion,Other,FAQ,2500,2500,2500,17-Jan-25
7403,Nashik,Nasik,Onion,Pole,FAQ,1100,2655,2250,06-Jan-25
7404,Nashik,Nasik,Onion,Pole,FAQ,1200,2700,2250,03-Jan-25
7405,Thirupathur,Natrampalli(Uzhavar Sandhai ),Onion,Bellary,Local,5000,6000,6000,07-Jan-25
7406,Maharajganj,Nautnava,Onion,Red,FAQ,2260,2500,2355,24-Jan-25
7407,Maharajganj,Nautnava,Onion,Red,FAQ,2300,2500,2400,03-Jan-25
7408,Jhunjhunu,Nawalgarh,Onion,Red,FAQ,1100,1300,1200,31-Jan-25
7409,Nawanshahr,Nawan Shahar(Subzi Mandi),Onion,Other,FAQ,2400,2700,2600,03-Jan-25
7410,Thiruvarur,Needamangalam(Uzhavar Sandhai ),Onion,Bellary,Local,5400,5400,5400,30-Jan-25
7411,Maharajganj,Gadaura,Onion,Red,FAQ,2300,2500,2400,18-Jan-25
7412,Maharajganj,Gadaura,Onion,Red,FAQ,2600,2800,2700,07-Jan-25
7413,Malda,Gajol,Onion,Other,FAQ,2000,3000,2400,27-Jan-25
7414,Pudukkottai,Gandarvakottai(Uzhavar Sandhai ),Onion,Bellary,Local,4000,5000,5000,17-Jan-25
7415,Saharanpur,Gangoh,Onion,Red,FAQ,2000,2200,2100,12-Jan-25
7416,Saharanpur,Gangoh,Onion,Red,FAQ,2000,2500,2400,23-Jan-25
7417,Saharanpur,Gangoh,Onion,Red,FAQ,2200,2500,2230,08-Jan-25
7418,Medinipur(W),Garbeta(Medinipur),Onion,Onion,FAQ,2400,2800,2600,04-Jan-25
7419,Hoshiarpur,Garh Shankar(Mahalpur),Onion,Onion,FAQ,2000,2500,2300,31-Jan-25
7420,Hoshiarpur,Garh Shankar(Mahalpur),Onion,Onion,FAQ,2000,2800,2500,17-Jan-25
7421,Sagar,Garhakota,Onion,Onion,FAQ,1100,1100,1100,13-Jan-25
7422,Sagar,Garhakota,Onion,Onion,FAQ,1100,1150,1100,04-Jan-25
7423,Mandsaur,Garoth,Onion,Local,FAQ,510,2161,2161,07-Jan-25
7424,Mandsaur,Garoth,Onion,Onion,Non-FAQ,1210,2110,2110,23-Jan-25
7425,Ghazipur,Gazipur,Onion,Red,FAQ,2105,2155,2135,02-Jan-25
7426,Ghazipur,Gazipur,Onion,Red,FAQ,2380,2420,2400,16-Jan-25
7427,Patiala,Ghanaur,Onion,Other,FAQ,2000,2500,2200,20-Jan-25
7428,Medinipur(W),Ghatal,Onion,Onion,FAQ,2600,3000,2700,05-Jan-25
7429,Medinipur(W),Ghatal,Onion,Onion,FAQ,2600,3000,2700,09-Jan-25
7430,Ghaziabad,Ghaziabad,Onion,Red,FAQ,2240,2340,2290,24-Jan-25
7431,Ghaziabad,Ghaziabad,Onion,Red,FAQ,2350,2450,2400,16-Jan-25
7432,Ghaziabad,Ghaziabad,Onion,Red,FAQ,2600,2700,2650,03-Jan-25
7433,Mainpuri,Ghiraur,Onion,Red,Non-FAQ,2065,2265,2165,28-Jan-25
7434,Muktsar,Giddarbaha,Onion,Onion,FAQ,2400,2600,2500,28-Jan-25
7435,Villupuram,Gingee(Uzhavar Sandhai ),Onion,Bellary,Local,4000,4000,4000,24-Jan-25
7436,Villupuram,Gingee(Uzhavar Sandhai ),Onion,Bellary,Local,4000,4000,4000,25-Jan-25
7437,Villupuram,Gingee(Uzhavar Sandhai ),Onion,Bellary,Local,4000,4000,4000,31-Jan-25
7438,Villupuram,Gingee(Uzhavar Sandhai ),Onion,Bellary,Local,4000,5000,5000,08-Jan-25
7439,Villupuram,Gingee(Uzhavar Sandhai ),Onion,Bellary,Local,4000,5000,5000,14-Jan-25
7440,Erode,Gobichettipalayam(Uzhavar Sandhai ),Onion,Bellary,Local,4500,4800,4800,01-Jan-25
7441,Sonipat,Gohana,Onion,Other,FAQ,2000,2500,2200,22-Jan-25
7442,Sonipat,Gohana,Onion,Other,FAQ,2000,2500,2200,30-Jan-25
7443,Lakhimpur,Golagokarnath,Onion,Red,FAQ,2400,2500,2460,16-Jan-25
7444,Lakhimpur,Golagokarnath,Onion,Red,FAQ,2900,3000,2970,08-Jan-25
7445,Hanumangarh,Goluwala,Onion,1st Sort,FAQ,2000,2200,2200,23-Jan-25
7446,Gonda,Gonda,Onion,Red,FAQ,2200,2400,2250,23-Jan-25
7447,Gonda,Gonda,Onion,Red,FAQ,2400,2600,2500,07-Jan-25
7448,Gonda,Gonda,Onion,Red,FAQ,2400,2650,2500,13-Jan-25
7449,Rajkot,Gondal,Onion,White,FAQ,905,1230,1030,30-Jan-25
7450,Rajkot,Gondal,Onion,White,FAQ,1055,1605,1380,15-Jan-25
7451,Bhadohi(Sant Ravi Nagar),Gopiganj,Onion,Red,FAQ,2350,2450,2390,18-Jan-25
7452,Gorakhpur,Gorakhpur,Onion,Red,FAQ,2100,2320,2200,01-Feb-25
7453,Gorakhpur,Gorakhpur,Onion,Red,FAQ,2150,2250,2200,18-Jan-25
7454,The Nilgiris,Gudalur(Uzhavar Sandhai ),Onion,Bellary,Local,4700,5000,5000,03-Jan-25
7455,Hyderabad,Gudimalkapur,Onion,1st Sort,FAQ,1500,3500,2300,24-Jan-25
7456,Chengalpattu,Guduvancheri(Uzhavar Sandhai ),Onion,Bellary,Local,3000,4000,4000,23-Jan-25
7457,Chengalpattu,Guduvancheri(Uzhavar Sandhai ),Onion,Bellary,Local,3500,4000,4000,21-Jan-25
7458,Chengalpattu,Guduvancheri(Uzhavar Sandhai ),Onion,Bellary,Local,3500,4000,4000,30-Jan-25
7459,Chengalpattu,Guduvancheri(Uzhavar Sandhai ),Onion,Bellary,Local,4000,5000,5000,15-Jan-25
7460,Bulandshahar,Gulavati,Onion,Red,FAQ,2900,3100,3000,02-Jan-25
7461,Ropar (Rupnagar),Ropar,Onion,Other,FAQ,2000,2400,2200,11-Jan-25
7462,Ropar (Rupnagar),Ropar,Onion,Other,FAQ,2000,2400,2200,30-Jan-25
7463,Ropar (Rupnagar),Ropar,Onion,Other,FAQ,2000,2600,2400,02-Jan-25
7464,Ropar (Rupnagar),Ropar,Onion,Other,FAQ,2400,2800,2600,17-Jan-25
7465,Coimbatore,RSPuram(Uzhavar Sandhai ),Onion,Bellary,Local,3800,4200,4200,05-Jan-25
7466,Ayodhya,Rudauli,Onion,Red,FAQ,2200,2400,2300,25-Jan-25
7467,Ayodhya,Rudauli,Onion,Red,FAQ,2250,2350,2300,06-Jan-25
7468,Morena,Sabalgarh(F&V),Onion,Onion,FAQ,900,1000,950,13-Jan-25
7469,Medak,Sadasivpet,Onion,1st Sort,FAQ,776,2360,2272,01-Feb-25
7470,Medak,Sadasivpet,Onion,1st Sort,Non-FAQ,916,2727,2569,20-Jan-25
7471,Barabanki,Safdarganj,Onion,Red,FAQ,2300,2400,2350,10-Jan-25
7472,Saharanpur,Saharanpur,Onion,Red,FAQ,2000,2800,2400,16-Jan-25
7473,Siddharth Nagar,Sahiyapur,Onion,Red,FAQ,1500,1560,1510,22-Jan-25
7474,Siddharth Nagar,Sahiyapur,Onion,Red,FAQ,1800,1850,1850,31-Jan-25
7475,Ratlam,Sailana,Onion,Medium,FAQ,500,1859,1300,21-Jan-25
7476,Ratlam,Sailana,Onion,Medium,FAQ,1790,1790,1790,04-Jan-25
7477,Ratlam,Sailana(F&V),Onion,Local,FAQ,600,1927,1260,30-Jan-25
7478,Birbhum,Sainthia,Onion,Onion,FAQ,2500,2700,2600,21-Jan-25
7479,Birbhum,Sainthia,Onion,Onion,FAQ,2500,2700,2600,23-Jan-25
7480,Panipat,Samalkha,Onion,Local,FAQ,2000,2000,2000,15-Jan-25
7481,Panipat,Samalkha,Onion,Local,FAQ,2500,2500,2500,06-Jan-25
7482,Panipat,Samalkha,Onion,Local,FAQ,3000,3000,3000,10-Jan-25
7483,Sambhal,Sambhal,Onion,Red,FAQ,2000,2300,2050,01-Jan-25
7484,Sambhal,Sambhal,Onion,Red,FAQ,2000,2400,2250,14-Jan-25
7485,Erode,Sampath Nagar(Uzhavar Sandhai ),Onion,Bellary,Local,3800,4200,4200,14-Jan-25
7486,Erode,Sampath Nagar(Uzhavar Sandhai ),Onion,Bellary,Local,3800,4200,4200,18-Jan-25
7487,Erode,Sampath Nagar(Uzhavar Sandhai ),Onion,Bellary,Local,4200,4600,4600,01-Jan-25
7488,Erode,Sampath Nagar(Uzhavar Sandhai ),Onion,Bellary,Local,4500,4800,4800,12-Jan-25
7489,Erode,Sampath Nagar(Uzhavar Sandhai ),Onion,Bellary,Local,4500,5200,5200,04-Jan-25
7490,Erode,Sampath Nagar(Uzhavar Sandhai ),Onion,Bellary,Local,4800,5200,5200,06-Jan-25
7491,Rohtak,Sampla,Onion,Other,FAQ,2500,2500,2500,24-Jan-25
7492,Ludhiana,Samrala,Onion,Other,FAQ,2000,2300,2100,01-Feb-25
7493,Agra,Samsabad,Onion,Red,FAQ,2100,2300,2200,05-Jan-25
7494,Malda,Samsi,Onion,Onion,FAQ,2300,3000,2500,14-Jan-25
7495,Khandwa,Sanawad(F&V),Onion,Onion,FAQ,1500,2000,1800,23-Jan-25
7496,Khandwa,Sanawad(F&V),Onion,Onion,FAQ,1500,2000,1800,27-Jan-25
7497,Hardoi,Sandi,Onion,Pusa-Red,FAQ,2500,2550,2530,04-Jan-25
7498,Hardoi,Sandi,Onion,Pusa-Red,FAQ,2500,2600,2550,02-Jan-25
7499,Hardoi,Sandila,Onion,Red,FAQ,2400,2500,2450,10-Jan-25
7500,Hardoi,Sandila,Onion,Red,FAQ,2500,2580,2540,02-Jan-25
7501,Ahmednagar,Sangamner,Onion,Red,Local,500,2800,1650,27-Jan-25
7502,Sangli,"Sangli(Phale, Bhajipura Market)",Onion,Local,FAQ,500,2800,1650,09-Jan-25
7503,Hanumangarh,Sangriya,Onion,Onion,FAQ,2000,2800,2500,01-Jan-25
7504,Tenkasi,Sankarankoil(Uzhavar Sandhai ),Onion,Bellary,Local,4000,5000,5000,31-Jan-25
7505,Tenkasi,Sankarankoil(Uzhavar Sandhai ),Onion,Bellary,Local,4500,5000,5000,26-Jan-25
7506,Kallakuruchi,Sankarapuram(Uzhavar Sandhai ),Onion,Bellary,Local,4000,5000,5000,06-Jan-25
7507,Kallakuruchi,Sankarapuram(Uzhavar Sandhai ),Onion,Bellary,Local,4000,5000,5000,18-Jan-25
7508,Sundergarh,Sargipali,Onion,Other,FAQ,3000,3500,3200,02-Jan-25
7509,Sundergarh,Sargipali,Onion,Other,Non-FAQ,2500,3000,2700,24-Jan-25
7510,Rohtas,Sasaram,Onion,Medium,FAQ,1900,2300,2100,25-Jan-25
7511,Erode,Sathiyamagalam(Uzhavar Sandhai ),Onion,Bellary,Local,4000,4400,4400,02-Jan-25
7512,Karnal,"New Grain Market(main), Karnal",Onion,Other,FAQ,1500,2500,2000,18-Jan-25
7513,Ahmednagar,Newasa(Ghodegaon),Onion,Red,FAQ,1000,3200,2800,20-Jan-25
7514,Thirunelveli,NGO Colony(Uzhavar Sandhai ),Onion,Bellary,Local,3000,3600,3600,15-Jan-25
7515,Thirunelveli,NGO Colony(Uzhavar Sandhai ),Onion,Bellary,Local,3500,4400,4400,09-Jan-25
7516,Thirunelveli,NGO Colony(Uzhavar Sandhai ),Onion,Bellary,Local,3500,4400,4400,12-Jan-25
7517,Moga,Nihal Singh Wala,Onion,Other,FAQ,2500,3200,2800,01-Feb-25
7518,Ghaziabad,Noida,Onion,Red,FAQ,2375,2475,2425,12-Jan-25
7519,Ghaziabad,Noida,Onion,Red,FAQ,2450,2540,2500,10-Jan-25
7520,Ernakulam,North Paravur,Onion,1st Sort,FAQ,7000,8000,7500,28-Jan-25
7521,Ernakulam,North Paravur,Onion,1st Sort,FAQ,8800,10000,9500,15-Jan-25
7522,Mewat,Nuh,Onion,Other,Non-FAQ,1500,1800,1800,30-Jan-25
7523,Mewat,Nuh,Onion,Other,Non-FAQ,1800,1800,1800,21-Jan-25
7524,Ahmednagar,Om Chaitanya Multistate Agro Purpose CoOp Society ,Onion,Red,FAQ,500,2500,2050,31-Jan-25
7525,Jalaun (Orai),Orai,Onion,Red,FAQ,1800,2400,2100,04-Jan-25
7526,Jalaun (Orai),Orai,Onion,Red,FAQ,2200,2850,2500,12-Jan-25
7527,Unokoti,Pabiacherra,Onion,Nasik,FAQ,3500,3700,3600,01-Feb-25
7528,Unokoti,Pabiacherra,Onion,Nasik,FAQ,3600,3800,3700,14-Jan-25
7529,Kancheepuram,Padappai(Uzhavar Sandhai ),Onion,Bellary,Local,3500,4000,4000,13-Jan-25
7530,Kancheepuram,Padappai(Uzhavar Sandhai ),Onion,Bellary,Local,3500,4000,4000,14-Jan-25
7531,Vadodara(Baroda),Padra,Onion,Other,FAQ,2000,3000,2500,16-Jan-25
7532,Vadodara(Baroda),Padra,Onion,Other,FAQ,2000,3000,2500,21-Jan-25
7533,Kottayam,Pala,Onion,Big,Non-FAQ,9800,10400,10000,23-Jan-25
7534,Kottayam,Pala,Onion,Big,Non-FAQ,9800,11000,10500,27-Jan-25
7535,Palakad,Palakkad,Onion,Big,FAQ,4200,5000,4700,23-Jan-25
7536,Palakad,Palakkad,Onion,Small,FAQ,6000,7000,6600,31-Jan-25
7537,Palakad,Palakkad,Onion,Small,FAQ,8800,10000,9500,15-Jan-25
7538,Kangra,Palampur,Onion,Other,FAQ,3400,3500,3450,08-Jan-25
7539,Madurai,Palanganatham(Uzhavar Sandhai ),Onion,Bellary,Local,4000,5000,5000,28-Jan-25
7540,Madurai,Palanganatham(Uzhavar Sandhai ),Onion,Bellary,Local,4000,5200,5200,07-Jan-25
7541,Kozhikode(Calicut),Palayam,Onion,Other,FAQ,3500,3600,3500,04-Jan-25
7542,Thirunelveli,Palayamkottai(Uzhavar Sandhai ),Onion,Bellary,Local,3000,4400,4400,09-Jan-25
7543,Thirunelveli,Palayamkottai(Uzhavar Sandhai ),Onion,Bellary,Local,3400,4000,4000,01-Feb-25
7544,Bhavnagar,Palitana,Onion,Red,FAQ,1250,2150,1700,31-Jan-25
7545,Thirupur,Palladam(Uzhavar Sandhai ),Onion,Bellary,Local,3500,4000,4000,02-Jan-25
7546,Thirupur,Palladam(Uzhavar Sandhai ),Onion,Bellary,Local,3500,4000,4000,06-Jan-25
7547,Chengalpattu,Pallavaram(Uzhavar Sandhai ),Onion,Bellary,Local,3000,5000,5000,11-Jan-25
7548,Chengalpattu,Pallavaram(Uzhavar Sandhai ),Onion,Bellary,Local,3000,5000,5000,13-Jan-25
7549,Chengalpattu,Pallavaram(Uzhavar Sandhai ),Onion,Bellary,Local,3000,5000,5000,14-Jan-25
7550,Chengalpattu,Pallavaram(Uzhavar Sandhai ),Onion,Bellary,Local,3000,5000,5000,15-Jan-25
7551,Chengalpattu,Pallavaram(Uzhavar Sandhai ),Onion,Bellary,Local,3000,5000,5000,22-Jan-25
7552,Chengalpattu,Pallavaram(Uzhavar Sandhai ),Onion,Bellary,Local,3000,5000,5000,30-Jan-25
7553,Kottayam,Pampady,Onion,Big,FAQ,3300,4500,4000,14-Jan-25
7554,Kottayam,Pampady,Onion,Big,FAQ,3500,4500,4000,13-Jan-25
7555,Panchkula,Panchkul(Kalka),Onion,Other,FAQ,2500,3500,3000,22-Jan-25
7556,Balrampur,Panchpedwa,Onion,Red,FAQ,1800,2200,2000,22-Jan-25
7557,Sholapur,Pandharpur,Onion,Red,FAQ,400,3000,2400,10-Jan-25
7558,Sholapur,Pandharpur,Onion,Red,Local,440,3200,2200,27-Jan-25
7559,Sonepur,Pandkital,Onion,Other,FAQ,3000,3200,3100,04-Jan-25
7560,Cuddalore,Panruti(Uzhavar Sandhai ),Onion,Bellary,Local,3500,4000,4000,03-Jan-25
7561,Bulandshahar,Gulavati,Onion,Red,FAQ,2900,3100,3000,06-Jan-25
7562,Bulandshahar,Gulavati,Onion,Red,FAQ,2900,3100,3000,20-Jan-25
7563,Gurdaspur,Gurdaspur,Onion,Other,FAQ,2200,2500,2400,08-Jan-25
7564,Gurgaon,Gurgaon,Onion,Other,FAQ,2000,3000,2500,25-Jan-25
7565,Gurgaon,Gurgaon,Onion,Other,Non-FAQ,2000,2500,2250,18-Jan-25
7566,Hathras,Haathras,Onion,Red,FAQ,2000,2200,2100,31-Jan-25
7567,Hathras,Haathras,Onion,Red,FAQ,2100,2300,2200,28-Jan-25
7568,North 24 Parganas,Habra,Onion,Other,FAQ,2500,3000,2800,17-Jan-25
7569,Nanital,Haldwani,Onion,Other,FAQ,1800,2200,2000,06-Jan-25
7570,Nanital,Haldwani,Onion,Other,FAQ,2000,2400,2200,17-Jan-25
7571,Nanital,Haldwani,Onion,Other,FAQ,2000,2500,2300,02-Jan-25
7572,Nanital,Haldwani,Onion,Other,FAQ,2500,3000,2800,31-Jan-25
7573,Hamirpur,Hamirpur,Onion,Other,FAQ,3000,3200,3100,29-Jan-25
7574,Hissar,Hansi,Onion,Other,FAQ,2000,3000,2500,08-Jan-25
7575,Hanumangarh,Hanumangarh(Urlivas),Onion,1st Sort,FAQ,2000,2200,2100,26-Jan-25
7576,Hanumangarh,Hanumangarh(Urlivas),Onion,1st Sort,FAQ,2000,2300,2150,19-Jan-25
7577,Hanumangarh,Hanumangarh(Urlivas),Onion,1st Sort,FAQ,2000,2500,2250,18-Jan-25
7578,Hardoi,Hardoi,Onion,Pusa-Red,FAQ,2200,2290,2260,28-Jan-25
7579,Haridwar,Haridwar Union,Onion,Onion,FAQ,2000,2600,2400,28-Jan-25
7580,Dharmapuri,Harur(Uzhavar Sandhai ),Onion,Bellary,Local,4000,4500,4500,30-Jan-25
7581,Dharmapuri,Harur(Uzhavar Sandhai ),Onion,Bellary,Local,4300,4500,4500,04-Jan-25
7582,Hassan,Hassan,Onion,Other,Ref grade-1,2741,2741,2741,30-Jan-25
7583,Salem,Hasthampatti(Uzhavar Sandhai ),Onion,Bellary,Local,5500,6000,6000,23-Jan-25
7584,Dhenkanal,Hindol,Onion,Other,FAQ,3500,4000,3800,11-Jan-25
7585,Nagpur,Hingna,Onion,Red,FAQ,2000,3000,2614,20-Jan-25
7586,Nagpur,Hingna,Onion,Red,FAQ,3000,3000,3000,01-Jan-25
7587,Nagpur,Hingna,Onion,Red,FAQ,3000,3000,3000,21-Jan-25
7588,Ganjam,Hinjilicut,Onion,Other,FAQ,2500,4000,3000,18-Jan-25
7589,Ganjam,Hinjilicut,Onion,Other,FAQ,2600,3500,3000,31-Jan-25
7590,Hissar,Hissar,Onion,Other,FAQ,1500,2200,2000,20-Jan-25
7591,Hissar,Hissar,Onion,Other,FAQ,1500,3000,2500,03-Jan-25
7592,Hissar,Hissar,Onion,Other,Non-FAQ,1400,2700,2200,25-Jan-25
7593,Hoshangabad,Hoshangabad(F&V),Onion,Onion,FAQ,1350,2260,1740,20-Jan-25
7594,Hoshiarpur,Hoshiarpur,Onion,Other,FAQ,2000,2500,2400,16-Jan-25
7595,Hoshiarpur,Hoshiarpur,Onion,Other,FAQ,2300,2500,2400,26-Jan-25
7596,Hoshiarpur,Hoshiarpur,Onion,Other,FAQ,3000,3200,3100,01-Jan-25
7597,Krishnagiri,Hosur(Uzhavar Sandhai ),Onion,Bellary,Local,3500,4000,4000,01-Feb-25
7598,Krishnagiri,Hosur(Uzhavar Sandhai ),Onion,Bellary,Local,4000,4500,4500,24-Jan-25
7599,Krishnagiri,Hosur(Uzhavar Sandhai ),Onion,Bellary,Local,4000,4500,4500,25-Jan-25
7600,Dharwad,Hubli (Amaragol),Onion,Puna,FAQ,500,4000,2100,04-Jan-25
7601,Sehore,Ichhawar(F&V),Onion,Onion,FAQ,1500,1960,1960,07-Jan-25
7602,Imphal West,Imphal,Onion,Other,FAQ,5200,6000,5600,06-Jan-25
7603,Indore,Indore,Onion,Onion,FAQ,439,2260,2047,10-Jan-25
7604,Indore,Indore,Onion,Onion,FAQ,947,2541,2438,02-Jan-25
7605,Indore,Indore,Onion,Onion,FAQ,1073,2942,2942,01-Jan-25
7606,Indore,Indore,Onion,Other,FAQ,421,2403,2403,23-Jan-25
7607,Indore,Indore,Onion,Other,FAQ,1455,2353,1751,20-Jan-25
7608,Karnal,Indri,Onion,Other,FAQ,2000,2500,2500,31-Jan-25
7609,Amethi,Jafarganj,Onion,Red,FAQ,2300,2380,2340,21-Jan-25
7610,Amethi,Jafarganj,Onion,Red,FAQ,2380,2470,2420,08-Jan-25
7611,Agra,Jagnair,Onion,Red,FAQ,400,600,500,30-Jan-25
7612,Madhubani,Jahajharpur,Onion,Medium,FAQ,3200,3400,3300,13-Jan-25
7613,Thiruvarur,Needamangalam(Uzhavar Sandhai ),Onion,Bellary,Local,5800,5800,5800,13-Jan-25
7614,Kasargod,Neeleswaram,Onion,Big,FAQ,3800,4200,4000,02-Jan-25
7615,Karnal,"New Grain Market(main), Karnal",Onion,Other,FAQ,1400,2200,1800,07-Jan-25
7616,Karnal,"New Grain Market(main), Karnal",Onion,Other,FAQ,2000,2500,2300,01-Feb-25
7617,Thirunelveli,NGO Colony(Uzhavar Sandhai ),Onion,Bellary,Local,3500,4600,4600,03-Jan-25
7618,Moga,Nihal Singh Wala,Onion,Other,FAQ,2200,2700,2500,16-Jan-25
7619,Moga,Nihal Singh Wala,Onion,Other,FAQ,2500,3000,2800,28-Jan-25
7620,Moga,Nihal Singh Wala,Onion,Other,FAQ,3200,3800,3500,04-Jan-25
7621,Moga,Nihal Singh Wala,Onion,Other,FAQ,3500,4200,3800,13-Jan-25
7622,Ghaziabad,Noida,Onion,Red,FAQ,2500,2600,2550,06-Jan-25
7623,Ernakulam,North Paravur,Onion,1st Sort,FAQ,8000,9000,8500,03-Jan-25
7624,Ernakulam,North Paravur,Onion,1st Sort,FAQ,8800,10000,9500,18-Jan-25
7625,Ernakulam,North Paravur,Onion,1st Sort,FAQ,9200,10000,9500,24-Jan-25
7626,Ernakulam,North Paravur,Onion,1st Sort,FAQ,9200,10000,9500,27-Jan-25
7627,Mewat,Nuh,Onion,Other,Non-FAQ,2000,2000,2000,01-Feb-25
7628,Jalaun (Orai),Orai,Onion,Red,FAQ,1750,2250,2000,18-Jan-25
7629,Jalaun (Orai),Orai,Onion,Red,FAQ,1850,2400,2150,03-Jan-25
7630,Jalaun (Orai),Orai,Onion,Red,FAQ,1900,2400,2200,25-Jan-25
7631,Unokoti,Pabiacherra,Onion,Nasik,FAQ,3500,3700,3600,07-Jan-25
7632,Unokoti,Pabiacherra,Onion,Nasik,FAQ,3600,3800,3700,16-Jan-25
7633,Kancheepuram,Padappai(Uzhavar Sandhai ),Onion,Bellary,Local,2000,4000,4000,09-Jan-25
7634,Kancheepuram,Padappai(Uzhavar Sandhai ),Onion,Bellary,Local,4000,5000,5000,04-Jan-25
7635,Vadodara(Baroda),Padra,Onion,Other,FAQ,2000,3000,2500,13-Jan-25
7636,Vadodara(Baroda),Padra,Onion,Other,FAQ,2000,3000,2500,22-Jan-25
7637,Kottayam,Pala,Onion,Big,Non-FAQ,7000,9000,8000,01-Feb-25
7638,Kottayam,Pala,Onion,Big,Non-FAQ,9800,11000,10500,28-Jan-25
7639,Kottayam,Pala,Onion,Onion,FAQ,9800,10400,10000,15-Jan-25
7640,Dharmapuri,Palacode(Uzhavar Sandhai ),Onion,Bellary,Local,3600,4000,4000,11-Jan-25
7641,Dharmapuri,Palacode(Uzhavar Sandhai ),Onion,Bellary,Local,4500,5000,5000,24-Jan-25
7642,Dharmapuri,Palacode(Uzhavar Sandhai ),Onion,Bellary,Local,4500,5000,5000,27-Jan-25
7643,Dharmapuri,Palacode(Uzhavar Sandhai ),Onion,Bellary,Local,4500,5000,5000,31-Jan-25
7644,Palakad,Palakkad,Onion,Big,FAQ,4000,5000,4600,27-Jan-25
7645,Palakad,Palakkad,Onion,Big,FAQ,4200,5000,4700,07-Jan-25
7646,Palakad,Palakkad,Onion,Big,FAQ,4300,5000,4700,22-Jan-25
7647,Palakad,Palakkad,Onion,Small,FAQ,6500,7500,7100,27-Jan-25
7648,Palakad,Palakkad,Onion,Small,FAQ,9000,10000,9600,10-Jan-25
7649,Palakad,Palakkad,Onion,Small,FAQ,9000,10000,9600,16-Jan-25
7650,Kangra,Palampur,Onion,Other,FAQ,2900,3000,2950,20-Jan-25
7651,Kangra,Palampur,Onion,Other,FAQ,2900,3200,3000,24-Jan-25
7652,Kangra,Palampur,Onion,Other,FAQ,3000,3200,3100,22-Jan-25
7653,Madurai,Palanganatham(Uzhavar Sandhai ),Onion,Bellary,Local,4800,5200,5200,03-Jan-25
7654,Kozhikode(Calicut),Palayam,Onion,Other,FAQ,3100,3200,3100,08-Jan-25
7655,Kozhikode(Calicut),Palayam,Onion,Other,FAQ,3300,3400,3300,07-Jan-25
7656,Thirunelveli,Palayamkottai(Uzhavar Sandhai ),Onion,Bellary,Local,3000,4000,4000,27-Jan-25
7657,Thirunelveli,Palayamkottai(Uzhavar Sandhai ),Onion,Bellary,Local,3000,4400,4400,07-Jan-25
7658,Thirunelveli,Palayamkottai(Uzhavar Sandhai ),Onion,Bellary,Local,3500,4400,4400,05-Jan-25
7659,Thirunelveli,Palayamkottai(Uzhavar Sandhai ),Onion,Bellary,Local,4000,4600,4600,03-Jan-25
7660,Bhavnagar,Palitana,Onion,Red,FAQ,1250,1930,1590,06-Jan-25
7661,Bhavnagar,Palitana,Onion,Red,FAQ,1285,2305,1795,20-Jan-25
7662,Bhavnagar,Palitana,Onion,Red,FAQ,1350,2110,1730,17-Jan-25
7663,Bhavnagar,Palitana,Onion,Red,FAQ,1900,2110,2005,23-Jan-25
7664,Thoubal,Thoubal,Onion,Other,FAQ,4500,5000,4750,13-Jan-25
7665,Ernakulam,Thrippunithura,Onion,Big,FAQ,4400,4800,4400,08-Jan-25
7666,Thirssur,Thrissur,Onion,Onion,FAQ,5700,5700,5700,18-Jan-25
7667,Thirssur,Thrissur,Onion,Onion,FAQ,6000,6000,6000,10-Jan-25
7668,Thirssur,Thrissur,Onion,Onion,FAQ,6000,6000,6000,16-Jan-25
7669,Thiruchirappalli,Thuraiyur,Onion,Bellary,Local,4500,5500,5500,22-Jan-25
7670,Shahjahanpur,Tilhar,Onion,Red,FAQ,2140,2240,2190,13-Jan-25
7671,Villupuram,Tindivanam,Onion,Bellary,Local,4000,5000,5000,13-Jan-25
7672,Villupuram,Tindivanam,Onion,Bellary,Local,4000,5000,5000,15-Jan-25
7673,Bilaspur,Tiphra,Onion,Local,Non-FAQ,2000,2500,2200,31-Jan-25
7674,Namakkal,Tiruchengode,Onion,Bellary,Local,4500,5000,5000,28-Jan-25
7675,Sivaganga,Tirupatthur(Uzhavar Sandhai ),Onion,Bellary,Local,5000,5500,5500,05-Jan-25
7676,Sivaganga,Tirupatthur(Uzhavar Sandhai ),Onion,Bellary,Local,5200,5500,5500,11-Jan-25
7677,Thirupur,Tiruppur (North) (Uzhavar Sandhai ),Onion,Bellary,Local,3400,3800,3800,14-Jan-25
7678,Thirupur,Tiruppur (North) (Uzhavar Sandhai ),Onion,Bellary,Local,3400,3800,3800,19-Jan-25
7679,Thirupur,Tiruppur (North) (Uzhavar Sandhai ),Onion,Bellary,Local,3400,3800,3800,23-Jan-25
7680,Thirupur,Tiruppur (South) (Uzhavar Sandhai ),Onion,Bellary,Local,3500,4000,4000,31-Jan-25
7681,Thiruvellore,Tiruvallur(Uzhavar Sandhai ),Onion,Bellary,Local,3700,3700,3700,11-Jan-25
7682,Thiruvellore,Tiruvallur(Uzhavar Sandhai ),Onion,Bellary,Local,4600,4600,4600,24-Jan-25
7683,Thiruvannamalai,Tiruvannamalai(Uzhavar Sandhai ),Onion,Bellary,Local,4000,5000,5000,20-Jan-25
7684,Thiruvannamalai,Tiruvannamalai(Uzhavar Sandhai ),Onion,Bellary,Local,4500,5000,5000,13-Jan-25
7685,Thiruvannamalai,Tiruvannamalai(Uzhavar Sandhai ),Onion,Bellary,Local,4500,5000,5000,22-Jan-25
7686,Thiruvarur,Tiruvarur(Uzhavar Sandhai ),Onion,Bellary,Local,4000,5000,5000,10-Jan-25
7687,Thiruvarur,Tiruvarur(Uzhavar Sandhai ),Onion,Bellary,Local,4400,6000,6000,27-Jan-25
7688,Fatehabad,Tohana(New Veg Market),Onion,Onion,FAQ,2500,2500,2500,09-Jan-25
7689,Fatehabad,Tohana(New Veg Market),Onion,Onion,FAQ,2500,2600,2600,01-Feb-25
7690,Firozabad,Tundla,Onion,Red,FAQ,2025,2100,2050,29-Jan-25
7691,Firozabad,Tundla,Onion,Red,FAQ,2085,2120,2100,01-Feb-25
7692,Firozabad,Tundla,Onion,Red,FAQ,2825,2875,2850,04-Jan-25
7693,Udaipur,Udaipur (F&V),Onion,Other,FAQ,1000,2000,1500,28-Jan-25
7694,Mayurbhanja,Udala,Onion,Onion,FAQ,3300,3700,3400,17-Jan-25
7695,Mayurbhanja,Udala,Onion,Onion,FAQ,3400,3700,3500,21-Jan-25
7696,Mayurbhanja,Udala,Onion,Onion,FAQ,3500,3600,3500,05-Jan-25
7697,The Nilgiris,Udhagamandalam(Uzhavar Sandhai ),Onion,Bellary,Local,4200,4500,4500,13-Jan-25
7698,The Nilgiris,Udhagamandalam(Uzhavar Sandhai ),Onion,Bellary,Local,4500,4800,4800,21-Jan-25
7699,Udhampur,Udhampur,Onion,Other,FAQ,3000,3200,3100,23-Jan-25
7700,Coimbatore,Udumalpet,Onion,Bellary,Local,4000,4400,4400,15-Jan-25
7701,Badaun,Ujhani,Onion,Red,FAQ,2150,2250,2200,05-Jan-25
7702,Badaun,Ujhani,Onion,Red,FAQ,2200,2250,2230,01-Feb-25
7703,Badaun,Ujhani,Onion,Red,FAQ,2200,2300,2250,31-Jan-25
7704,Ujjain,Ujjain,Onion,Onion,FAQ,424,2100,2100,18-Jan-25
7705,Ujjain,Ujjain,Onion,Onion,FAQ,1372,2187,2100,22-Jan-25
7706,Ujjain,Ujjain,Onion,Onion,Non-FAQ,770,2000,2000,28-Jan-25
7707,Hissar,Uklana,Onion,Onion,FAQ,2400,2500,2500,25-Jan-25
7708,Villupuram,Ulundurpettai,Onion,Bellary,Local,4000,5000,5000,10-Jan-25
7709,Villupuram,Ulundurpettai,Onion,Bellary,Local,4000,5000,5000,16-Jan-25
7710,Nashik,Umrane,Onion,Red,FAQ,700,2770,1850,02-Jan-25
7711,Una,Una,Onion,Onion,FAQ,2500,3000,2750,15-Jan-25
7712,Unnao,Unnao,Onion,Red,FAQ,2225,2350,2300,21-Jan-25
7713,Unnao,Unnao,Onion,Red,FAQ,2500,2625,2550,08-Jan-25
7714,Cuddalore,Panruti(Uzhavar Sandhai ),Onion,Bellary,Local,4000,5000,5000,21-Jan-25
7715,Thanjavur,Papanasam(Uzhavar Sandhai ),Onion,Bellary,Local,3600,4800,4800,01-Jan-25
7716,Thanjavur,Papanasam(Uzhavar Sandhai ),Onion,Bellary,Local,3600,4800,4800,28-Jan-25
7717,Thanjavur,Papanasam(Uzhavar Sandhai ),Onion,Bellary,Local,3600,4800,4800,29-Jan-25
7718,Ramanathapuram,Paramakudi(Uzhavar Sandhai ),Onion,Bellary,Local,4500,5000,5000,07-Jan-25
7719,Namakkal,Paramathivelur(Uzhavar Sandhai ),Onion,Bellary,Local,5500,6000,6000,28-Jan-25
7720,Namakkal,Paramathivelur(Uzhavar Sandhai ),Onion,Bellary,Local,5500,6000,6000,29-Jan-25
7721,Dharashiv(Usmanabad),Paranda,Onion,Red,FAQ,800,3200,2100,23-Jan-25
7722,Malappuram,Parappanangadi,Onion,Other,FAQ,3800,3800,3800,02-Jan-25
7723,Malappuram,Parappanangadi,Onion,Small,FAQ,7300,7300,7300,02-Jan-25
7724,Malappuram,Parappanangadi,Onion,Small,FAQ,8000,8100,8100,13-Jan-25
7725,Malappuram,Parappanangadi,Onion,Small,FAQ,8000,8100,8100,14-Jan-25
7726,Srinagar,Parimpore,Onion,Other,FAQ,2600,3000,2800,22-Jan-25
7727,Ahmednagar,Parner,Onion,Red,Local,500,3100,1800,26-Jan-25
7728,Thiruvellore,Paruthipattu(Uzhavar Sandhai ),Onion,Bellary,Local,5000,5000,5000,24-Jan-25
7729,Gurgaon,Pataudi,Onion,Other,FAQ,2000,2400,2200,01-Feb-25
7730,Patiala,Patiala,Onion,Onion,FAQ,1600,2000,1800,31-Jan-25
7731,Patiala,Patiala,Onion,Onion,FAQ,2000,3000,2500,07-Jan-25
7732,Patiala,Patiala,Onion,Onion,FAQ,2000,3000,2500,16-Jan-25
7733,Patiala,Patran,Onion,Other,FAQ,800,2400,1800,18-Jan-25
7734,Palakad,Pattambi,Onion,Big,FAQ,3800,4000,3900,06-Jan-25
7735,Palakad,Pattambi,Onion,Small,FAQ,8000,8500,8200,03-Jan-25
7736,Tarntaran,Patti,Onion,Other,FAQ,1800,2200,2000,01-Jan-25
7737,Tarntaran,Patti,Onion,Other,FAQ,1800,2200,2000,29-Jan-25
7738,Thanjavur,Pattukottai(Uzhavar Sandhai ),Onion,Bellary,Local,4000,5000,5000,05-Jan-25
7739,Shravasti,Payagpur,Onion,Red,FAQ,2500,2700,2600,31-Jan-25
7740,Shravasti,Payagpur,Onion,Red,FAQ,2800,3000,2900,22-Jan-25
7741,Kurukshetra,Pehowa,Onion,Other,FAQ,500,852,600,27-Jan-25
7742,Dharmapuri,Pennagaram(Uzhavar Sandhai ),Onion,Bellary,Local,4800,4800,4800,25-Jan-25
7743,Thiruvellore,Perambakkam(Uzhavar Sandhai ),Onion,Bellary,Local,5000,5000,5000,11-Jan-25
7744,Thiruvellore,Perambakkam(Uzhavar Sandhai ),Onion,Bellary,Local,5000,5000,5000,15-Jan-25
7745,Thiruvellore,Perambakkam(Uzhavar Sandhai ),Onion,Bellary,Local,5000,5000,5000,22-Jan-25
7746,Perambalur,Perambalur(Uzhavar Sandhai ),Onion,Bellary,Local,4800,4800,4800,01-Feb-25
7747,Perambalur,Perambalur(Uzhavar Sandhai ),Onion,Bellary,Local,4800,5200,5200,09-Jan-25
7748,Perambalur,Perambalur(Uzhavar Sandhai ),Onion,Bellary,Local,5200,5400,5400,23-Jan-25
7749,Kozhikode(Calicut),Perambra,Onion,Other,FAQ,3400,3800,3600,14-Jan-25
7750,Kozhikode(Calicut),Perambra,Onion,Other,FAQ,3400,4000,3600,22-Jan-25
7751,Kozhikode(Calicut),Perambra,Onion,Other,FAQ,3800,4000,4000,06-Jan-25
7752,Malappuram,Perinthalmanna,Onion,Onion,FAQ,2600,3000,2800,01-Feb-25
7753,Malappuram,Perinthalmanna,Onion,Onion,FAQ,3000,3400,3200,31-Jan-25
7754,Malappuram,Perinthalmanna,Onion,Onion,FAQ,3000,4000,3500,22-Jan-25
7755,Malappuram,Perinthalmanna,Onion,Onion,FAQ,3500,4600,3600,03-Jan-25
7756,Theni,Periyakulam(Uzhavar Sandhai ),Onion,Bellary,Local,4000,4000,4000,17-Jan-25
7757,Theni,Periyakulam(Uzhavar Sandhai ),Onion,Bellary,Local,4000,4500,4500,05-Jan-25
7758,Theni,Periyakulam(Uzhavar Sandhai ),Onion,Bellary,Local,4000,4500,4500,12-Jan-25
7759,Ernakulam,Perumbavoor,Onion,Onion,FAQ,3000,4000,3500,07-Jan-25
7760,Ernakulam,Perumbavoor,Onion,Onion,FAQ,3500,4500,4000,21-Jan-25
7761,kapurthala,Phagwara,Onion,Other,FAQ,2000,2480,2455,24-Jan-25
7762,kapurthala,Phagwara,Onion,Other,FAQ,2100,2350,2204,16-Jan-25
7763,North Tripura,Kadamtala,Onion,Nasik,FAQ,3900,4000,3950,19-Jan-25
7764,Vellore,Kahithapattarai(Uzhavar Sandhai ),Onion,Bellary,Local,4000,4200,4200,29-Jan-25
7765,Vellore,Kahithapattarai(Uzhavar Sandhai ),Onion,Bellary,Local,4000,4400,4400,05-Jan-25
7766,Vellore,Kahithapattarai(Uzhavar Sandhai ),Onion,Bellary,Local,4200,4200,4200,15-Jan-25
7767,Vellore,Kahithapattarai(Uzhavar Sandhai ),Onion,Bellary,Local,4200,4200,4200,28-Jan-25
7768,Vellore,Kahithapattarai(Uzhavar Sandhai ),Onion,Bellary,Local,4400,4400,4400,11-Jan-25
7769,Kakching,Kakching Market,Onion,Red,FAQ,4500,5000,4750,23-Jan-25
7770,Shajapur,Kalapipal,Onion,Onion,FAQ,800,800,800,24-Jan-25
7771,Shajapur,Kalapipal,Onion,Onion,FAQ,1200,1200,1200,23-Jan-25
7772,Shajapur,Kalapipal(F&V),Onion,Onion,FAQ,580,1700,1250,21-Jan-25
7773,Hooghly,Kalipur,Onion,Nasik,FAQ,2600,2800,2700,15-Jan-25
7774,Hooghly,Kalipur,Onion,Nasik,FAQ,3000,3200,3100,08-Jan-25
7775,Hooghly,Kalipur,Onion,Nasik,FAQ,3000,3200,3200,09-Jan-25
7776,Kozhikode(Calicut),Kallachi,Onion,Other,FAQ,3500,3900,3700,07-Jan-25
7777,Kozhikode(Calicut),Kallachi,Onion,Other,FAQ,4800,5200,5000,31-Jan-25
7778,Kallakuruchi,Kallakurichi(Uzhavar Sandhai ),Onion,Bellary,Local,4000,5000,5000,07-Jan-25
7779,Purba Bardhaman,Kalna,Onion,Other,FAQ,3000,3200,3100,12-Jan-25
7780,Purba Bardhaman,Kalna,Onion,Other,Non-FAQ,2600,2800,2700,25-Jan-25
7781,Thane,Kalyan,Onion,1st Sort,FAQ,2200,2400,2300,24-Jan-25
7782,Thane,Kalyan,Onion,1st Sort,FAQ,2300,2500,2400,17-Jan-25
7783,Thane,Kalyan,Onion,1st Sort,FAQ,2500,2800,2650,03-Jan-25
7784,Thane,Kalyan,Onion,1st Sort,FAQ,2500,2800,2650,04-Jan-25
7785,Thane,Kalyan,Onion,1st Sort,Local,2300,2500,2400,29-Jan-25
7786,Thane,Kalyan,Onion,2nd Sort,FAQ,2500,2800,2750,06-Jan-25
7787,Nadia,Kalyani,Onion,Onion,FAQ,3000,3200,3100,24-Jan-25
7788,Nadia,Kalyani,Onion,Onion,FAQ,3100,3300,3200,12-Jan-25
7789,Nadia,Kalyani,Onion,Onion,FAQ,3100,3300,3200,16-Jan-25
7790,Dhenkanal,Kamakhyanagar,Onion,Onion,FAQ,3000,4000,3500,10-Jan-25
7791,Dhenkanal,Kamakhyanagar,Onion,Onion,FAQ,3500,4000,4000,09-Jan-25
7792,Theni,Kambam(Uzhavar Sandhai ),Onion,Bellary,Local,4200,4400,4400,10-Jan-25
7793,Farukhabad,Kamlaganj,Onion,Red,FAQ,2180,2380,2280,16-Jan-25
7794,Nagpur,Kamthi,Onion,Local,FAQ,1500,2500,2000,15-Jan-25
7795,Nagpur,Kamthi,Onion,Local,Local,1500,2500,2000,30-Jan-25
7796,North Tripura,Kanchanpur,Onion,Nasik,FAQ,3000,3500,3250,15-Jan-25
7797,Kancheepuram,Kancheepuram(Uzhavar Sandhai ),Onion,Bellary,Local,4000,4500,4500,10-Jan-25
7798,Kancheepuram,Kancheepuram(Uzhavar Sandhai ),Onion,Bellary,Local,4000,4500,4500,14-Jan-25
7799,Thirunelveli,Kandiyaperi(Uzhavar Sandhai ),Onion,Bellary,Local,3500,4200,4200,05-Jan-25
7800,Thirunelveli,Kandiyaperi(Uzhavar Sandhai ),Onion,Bellary,Local,3500,4200,4200,07-Jan-25
7801,Thirupur,Kangayam(Uzhavar Sandhai ),Onion,Bellary,Local,4200,4800,4800,15-Jan-25
7802,Thirupur,Kangayam(Uzhavar Sandhai ),Onion,Bellary,Local,4500,5000,5000,03-Jan-25
7803,Thirupur,Kangayam(Uzhavar Sandhai ),Onion,Bellary,Local,4500,5000,5000,12-Jan-25
7804,Kangra,Kangra,Onion,Other,FAQ,3000,3200,3100,30-Jan-25
7805,Kangra,Kangra(Baijnath),Onion,Onion,FAQ,2900,3200,3000,10-Jan-25
7806,Kangra,Kangra(Baijnath),Onion,Onion,FAQ,3000,3200,3100,17-Jan-25
7807,Kangra,Kangra(Jaisinghpur),Onion,1st Sort,FAQ,3000,3200,3100,21-Jan-25
7808,Kangra,Kangra(Jaisinghpur),Onion,1st Sort,FAQ,3200,3400,3300,13-Jan-25
7809,Kangra,Kangra(Nagrota Bagwan),Onion,Other,FAQ,2800,3200,3000,15-Jan-25
7810,Kangra,Kangra(Nagrota Bagwan),Onion,Other,FAQ,2800,3200,3000,18-Jan-25
7811,Kangra,Kangra(Nagrota Bagwan),Onion,Other,FAQ,3000,3400,3200,08-Jan-25
7812,Kottayam,Kanjirappally,Onion,Onion,FAQ,9000,10000,9800,26-Jan-25
7813,Thirupur,Palladam(Uzhavar Sandhai ),Onion,Bellary,Local,3500,4000,4000,25-Jan-25
7814,Thirupur,Palladam(Uzhavar Sandhai ),Onion,Bellary,Local,4000,4500,4500,17-Jan-25
7815,Balrampur,Panchpedwa,Onion,Red,FAQ,1700,1900,1800,16-Jan-25
7816,Balrampur,Panchpedwa,Onion,Red,FAQ,2000,2200,2100,08-Jan-25
7817,Balrampur,Panchpedwa,Onion,Red,FAQ,2100,2300,2200,12-Jan-25
7818,Sonepur,Pandkital,Onion,Other,FAQ,3000,3200,3200,07-Jan-25
7819,Hooghly,Pandua,Onion,Nasik,FAQ,2700,2800,2750,21-Jan-25
7820,Hooghly,Pandua,Onion,Nasik,FAQ,2800,3000,2900,26-Jan-25
7821,Panipat,Panipat,Onion,Other,FAQ,1500,2000,1750,03-Jan-25
7822,North Tripura,Panisagar,Onion,Nasik,FAQ,3300,3500,3400,30-Jan-25
7823,Cuddalore,Panruti(Uzhavar Sandhai ),Onion,Bellary,Local,4000,5000,5000,27-Jan-25
7824,Cuddalore,Panruti(Uzhavar Sandhai ),Onion,Bellary,Local,4000,5000,5000,29-Jan-25
7825,Ramanathapuram,Paramakudi(Uzhavar Sandhai ),Onion,Bellary,Local,4500,5000,5000,01-Feb-25
7826,Ramanathapuram,Paramakudi(Uzhavar Sandhai ),Onion,Bellary,Local,4500,5000,5000,09-Jan-25
7827,Ramanathapuram,Paramakudi(Uzhavar Sandhai ),Onion,Bellary,Local,4500,5000,5000,15-Jan-25
7828,Ramanathapuram,Paramakudi(Uzhavar Sandhai ),Onion,Bellary,Local,5000,5500,5500,08-Jan-25
7829,Ramanathapuram,Paramakudi(Uzhavar Sandhai ),Onion,Bellary,Local,5000,5500,5500,22-Jan-25
7830,Namakkal,Paramathivelur(Uzhavar Sandhai ),Onion,Bellary,Local,4500,5000,5000,19-Jan-25
7831,Namakkal,Paramathivelur(Uzhavar Sandhai ),Onion,Bellary,Local,5000,6000,6000,06-Jan-25
7832,Namakkal,Paramathivelur(Uzhavar Sandhai ),Onion,Bellary,Local,5400,6000,6000,03-Jan-25
7833,Malappuram,Parappanangadi,Onion,Other,FAQ,3800,3900,3900,08-Jan-25
7834,Malappuram,Parappanangadi,Onion,Other,FAQ,3900,4000,4000,22-Jan-25
7835,Malappuram,Parappanangadi,Onion,Small,FAQ,9500,9600,9600,22-Jan-25
7836,Ahmednagar,Parner,Onion,Red,Local,500,2500,1700,31-Jan-25
7837,Maharajganj,Partaval,Onion,Red,FAQ,2150,2300,2225,31-Jan-25
7838,Thiruvellore,Paruthipattu(Uzhavar Sandhai ),Onion,Bellary,Local,4000,4000,4000,09-Jan-25
7839,Thiruvellore,Paruthipattu(Uzhavar Sandhai ),Onion,Bellary,Local,4000,4000,4000,11-Jan-25
7840,Pathankot,Pathankot,Onion,Onion,FAQ,2600,2900,2900,03-Jan-25
7841,Ahmednagar,Pathardi,Onion,Red,FAQ,500,2500,1500,24-Jan-25
7842,Ahmednagar,Pathardi,Onion,Red,FAQ,500,3300,2000,19-Jan-25
7843,Ahmednagar,Pathardi,Onion,Red,FAQ,500,3500,1900,22-Jan-25
7844,Patiala,Patiala,Onion,Onion,FAQ,1600,2000,1800,28-Jan-25
7845,Patiala,Patiala,Onion,Onion,FAQ,2000,3000,2500,22-Jan-25
7846,Patiala,Patiala,Onion,Onion,FAQ,2000,3000,2500,23-Jan-25
7847,Palakad,Pattambi,Onion,Small,FAQ,6500,7000,6800,27-Jan-25
7848,Palakad,Pattambi,Onion,Small,FAQ,6500,7000,6800,28-Jan-25
7849,Palakad,Pattambi,Onion,Small,FAQ,8500,9000,8800,17-Jan-25
7850,Tarntaran,Patti,Onion,Other,FAQ,1800,2200,2000,23-Jan-25
7851,Tarntaran,Patti,Onion,Other,FAQ,2500,3000,2800,08-Jan-25
7852,Kurnool,Pattikonda,Onion,Local,Non-FAQ,3500,4000,3800,28-Jan-25
7853,Thanjavur,Pattukottai(Uzhavar Sandhai ),Onion,Bellary,Local,4000,5000,5000,01-Feb-25
7854,Thanjavur,Pattukottai(Uzhavar Sandhai ),Onion,Bellary,Local,4000,5000,5000,09-Jan-25
7855,Thanjavur,Pattukottai(Uzhavar Sandhai ),Onion,Bellary,Local,4000,5000,5000,11-Jan-25
7856,Shravasti,Payagpur,Onion,Red,FAQ,2500,2700,2600,03-Jan-25
7857,Thiruvellore,Perambakkam(Uzhavar Sandhai ),Onion,Bellary,Local,3500,3500,3500,26-Jan-25
7858,Perambalur,Perambalur(Uzhavar Sandhai ),Onion,Bellary,Local,5000,5000,5000,02-Jan-25
7859,Kozhikode(Calicut),Perambra,Onion,Other,FAQ,3800,4000,3900,24-Jan-25
7860,Malappuram,Perinthalmanna,Onion,Onion,FAQ,3000,3800,3200,28-Jan-25
7861,Malappuram,Perinthalmanna,Onion,Onion,FAQ,3000,4400,3200,08-Jan-25
7862,Bulandshahar,Jahangirabad,Onion,Red,FAQ,2190,2380,2285,19-Jan-25
7863,Bulandshahar,Jahangirabad,Onion,Red,FAQ,2285,2475,2380,13-Jan-25
7864,Madhubani,Jainagar,Onion,Medium,FAQ,3000,3200,3100,24-Jan-25
7865,Madhubani,Jainagar,Onion,Medium,FAQ,3000,3200,3100,25-Jan-25
7866,Madhubani,Jainagar,Onion,Medium,FAQ,3800,4000,3900,03-Jan-25
7867,Jaipur,Jaipur (F&V),Onion,Other,FAQ,1500,2500,2000,17-Jan-25
7868,Salem,Jalagandapuram(Uzhavar Sandhai ),Onion,Bellary,Local,4500,5000,5000,18-Jan-25
7869,Fazilka,Jalalabad,Onion,Other,FAQ,2700,2900,2800,25-Jan-25
7870,Fazilka,Jalalabad,Onion,Other,FAQ,2800,3000,2900,08-Jan-25
7871,Jalandhar,Jalandhar City(Jalandhar),Onion,Other,FAQ,500,1500,1000,06-Jan-25
7872,Jalandhar,Jalandhar City(Jalandhar),Onion,Other,FAQ,500,1500,1000,11-Jan-25
7873,Jalandhar,Jalandhar City(Jalandhar),Onion,Other,FAQ,500,1500,1000,15-Jan-25
7874,Jalandhar,Jalandhar City(Jalandhar),Onion,Other,FAQ,800,1800,1300,01-Jan-25
7875,Balasore,Jaleswar,Onion,Other,FAQ,2300,2700,2500,30-Jan-25
7876,Balasore,Jaleswar,Onion,Other,FAQ,2400,2800,2600,01-Feb-25
7877,Balasore,Jaleswar,Onion,Other,FAQ,2800,3200,3000,04-Jan-25
7878,Balasore,Jaleswar,Onion,Other,FAQ,3200,3600,3400,24-Jan-25
7879,Jalgaon,Jalgaon,Onion,Red,FAQ,750,2312,1525,03-Jan-25
7880,Jalpaiguri,Jalpaiguri Sadar,Onion,Nasik,FAQ,2900,3100,3000,04-Jan-25
7881,Jalpaiguri,Jalpaiguri Sadar,Onion,Nasik,FAQ,3000,3200,3100,11-Jan-25
7882,Chengalpattu,Jameenrayapettai(Uzhavar Sandhai ),Onion,Bellary,Local,3500,5000,5000,11-Jan-25
7883,Chengalpattu,Jameenrayapettai(Uzhavar Sandhai ),Onion,Bellary,Local,3500,5000,5000,15-Jan-25
7884,Chengalpattu,Jameenrayapettai(Uzhavar Sandhai ),Onion,Bellary,Local,3500,5000,5000,30-Jan-25
7885,Jamnagar,Jamnagar,Onion,Other,FAQ,600,2650,1675,29-Jan-25
7886,Jamui,Jamui,Onion,Medium,FAQ,2700,2800,2800,16-Jan-25
7887,Murshidabad,Jangipur,Onion,Red,FAQ,2745,2800,2775,16-Jan-25
7888,Murshidabad,Jangipur,Onion,Red,FAQ,2745,2800,2775,21-Jan-25
7889,Murshidabad,Jangipur,Onion,Red,FAQ,2770,2825,2800,11-Jan-25
7890,Murshidabad,Jangipur,Onion,Red,FAQ,2770,2825,2800,13-Jan-25
7891,Murshidabad,Jangipur,Onion,Red,FAQ,2770,2825,2800,14-Jan-25
7892,Murshidabad,Jangipur,Onion,Red,FAQ,3355,3400,3370,04-Jan-25
7893,Ratlam,Jaora,Onion,Onion,FAQ,300,2141,1826,10-Jan-25
7894,Ratlam,Jaora,Onion,Onion,FAQ,493,1841,1441,13-Jan-25
7895,Etawah,Jasvantnagar,Onion,Red,FAQ,2270,2370,2320,07-Jan-25
7896,Jaunpur,Jaunpur,Onion,Red,FAQ,2275,2330,2300,03-Jan-25
7897,Jaunpur,Jaunpur,Onion,Red,FAQ,2450,2550,2500,04-Jan-25
7898,Raebarelli,Jayas,Onion,Red,FAQ,2300,2400,2340,15-Jan-25
7899,Jhajar,Jhajjar,Onion,Other,FAQ,1900,2100,2000,17-Jan-25
7900,Jhansi,Jhansi,Onion,Red,FAQ,2000,2140,2050,02-Jan-25
7901,Jhansi,Jhansi,Onion,Red,FAQ,2050,2200,2120,03-Jan-25
7902,Jind,Jind,Onion,Other,FAQ,1500,2300,2100,24-Jan-25
7903,Jind,Jind,Onion,Other,FAQ,2000,2500,2100,05-Jan-25
7904,Jodhpur,Jodhpur (F&V),Onion,Other,FAQ,1000,2000,1500,31-Jan-25
7905,Jodhpur,Jodhpur (F&V),Onion,Other,FAQ,1000,2200,1600,11-Jan-25
7906,Pune,Junnar(Alephata),Onion,Other,FAQ,1200,3910,2800,07-Jan-25
7907,Pune,Junnar(Narayangaon),Onion,Other,FAQ,2200,2500,2500,16-Jan-25
7908,North Tripura,Kadamtala,Onion,Nasik,FAQ,3700,3800,3750,01-Jan-25
7909,North Tripura,Kadamtala,Onion,Nasik,FAQ,3700,3800,3750,10-Jan-25
7910,North Tripura,Kadamtala,Onion,Nasik,FAQ,3900,4000,3950,16-Jan-25
7911,Vellore,Kahithapattarai(Uzhavar Sandhai ),Onion,Bellary,Local,4000,4200,4200,03-Jan-25
7912,Vellore,Kahithapattarai(Uzhavar Sandhai ),Onion,Bellary,Local,4000,4200,4200,31-Jan-25
7913,Vellore,Kahithapattarai(Uzhavar Sandhai ),Onion,Bellary,Local,4400,4400,4400,25-Jan-25
7914,kapurthala,Phagwara,Onion,Other,FAQ,2201,2702,2702,29-Jan-25
7915,Jalandhar,Phillaur(Apra Mandi),Onion,Other,FAQ,2500,2500,2500,07-Jan-25
7916,Pillibhit,Pilibhit,Onion,Red,FAQ,2198,2278,2238,23-Jan-25
7917,Nashik,Pimpalgaon,Onion,Pole,FAQ,500,2801,2250,22-Jan-25
7918,Nashik,Pimpalgaon Baswant(Saykheda),Onion,Red,FAQ,800,2400,2050,17-Jan-25
7919,Nashik,Pimpalgaon Baswant(Saykheda),Onion,Red,FAQ,800,2451,2050,23-Jan-25
7920,Nashik,Pimpalgaon Baswant(Saykheda),Onion,Red,Local,700,2301,2000,31-Jan-25
7921,Nashik,Pimpalgaon Baswant(Saykheda),Onion,Red,Local,800,2365,2025,27-Jan-25
7922,Hoshangabad,Pipariya(F&V),Onion,Onion,FAQ,1300,2800,2000,15-Jan-25
7923,Ernakulam,Piravam,Onion,Big,FAQ,4500,6000,5000,20-Jan-25
7924,Ernakulam,Piravam,Onion,Big,FAQ,5000,6000,5500,21-Jan-25
7925,Coimbatore,Pollachi(Uzhavar Sandhai ),Onion,Bellary,Local,3500,4200,4200,01-Feb-25
7926,Coimbatore,Pollachi(Uzhavar Sandhai ),Onion,Bellary,Local,4000,4400,4400,19-Jan-25
7927,Coimbatore,Pollachi(Uzhavar Sandhai ),Onion,Bellary,Local,4000,4400,4400,27-Jan-25
7928,Coimbatore,Pollachi(Uzhavar Sandhai ),Onion,Bellary,Local,4000,4800,4800,13-Jan-25
7929,Thiruvananthapuram,Pothencode,Onion,Other,FAQ,29250,29300,29280,23-Jan-25
7930,Pratapgarh,Pratapgarh,Onion,Other,FAQ,550,2111,1810,29-Jan-25
7931,Pratapgarh,Pratapgarh,Onion,Other,FAQ,620,2250,1880,30-Jan-25
7932,Pratapgarh,Pratapgarh,Onion,Other,FAQ,800,2185,1800,23-Jan-25
7933,Pratapgarh,Pratapgarh,Onion,Other,FAQ,800,2281,1750,21-Jan-25
7934,Pratapgarh,Pratapgarh,Onion,Other,FAQ,870,2099,1800,01-Feb-25
7935,Pratapgarh,Pratapgarh,Onion,Red,FAQ,2000,2300,2100,07-Jan-25
7936,Pudukkottai,Pudukottai(Uzhavar Sandhai ),Onion,Bellary,Local,5000,6000,6000,04-Jan-25
7937,Pudukkottai,Pudukottai(Uzhavar Sandhai ),Onion,Bellary,Local,5000,6000,6000,05-Jan-25
7938,Kanpur Dehat,Pukharayan,Onion,Red,FAQ,2440,2470,2450,08-Jan-25
7939,Kollam,Punalur,Onion,Onion,FAQ,2500,3000,2800,10-Jan-25
7940,Kollam,Punalur,Onion,Onion,FAQ,3500,4000,3800,15-Jan-25
7941,Kollam,Punalur,Onion,Other,FAQ,4000,5000,4500,14-Jan-25
7942,Kaithal,Pundri,Onion,Other,FAQ,2300,2400,2350,11-Jan-25
7943,Pune,Pune,Onion,Local,FAQ,1600,3200,2400,24-Jan-25
7944,Pune,Pune,Onion,Local,FAQ,1800,3700,2750,02-Jan-25
7945,Pune,Pune(Khadiki),Onion,Local,FAQ,1300,2700,2000,12-Jan-25
7946,Pune,Pune(Khadiki),Onion,Local,FAQ,1600,2400,2000,19-Jan-25
7947,Pune,Pune(Manjri),Onion,Local,FAQ,1700,3300,2500,25-Jan-25
7948,Pune,Pune(Manjri),Onion,Local,FAQ,2200,3100,2800,16-Jan-25
7949,Pune,Pune(Moshi),Onion,Local,FAQ,700,3000,1850,06-Jan-25
7950,Pune,Pune(Moshi),Onion,Local,Local,500,2000,1250,28-Jan-25
7951,Pune,Pune(Pimpri),Onion,Local,Local,1500,3000,2250,01-Feb-25
7952,Mewat,Punhana,Onion,Other,FAQ,2000,2000,2000,28-Jan-25
7953,Pillibhit,Puranpur,Onion,Red,FAQ,2170,2250,2210,14-Jan-25
7954,Pillibhit,Puranpur,Onion,Red,FAQ,2200,2300,2250,27-Jan-25
7955,Puruliya,Purulia,Onion,Other,FAQ,2300,2700,2500,21-Jan-25
7956,Puruliya,Purulia,Onion,Other,FAQ,2500,3300,2800,05-Jan-25
7957,Puruliya,Purulia,Onion,Other,FAQ,2500,3400,3000,10-Jan-25
7958,Shahjahanpur,Puwaha,Onion,Red,FAQ,2125,2325,2225,31-Jan-25
7959,Kozhikode(Calicut),Quilandy,Onion,Other,FAQ,4100,4200,4200,01-Feb-25
7960,Yamuna Nagar,Radaur,Onion,Other,FAQ,1800,2200,1900,06-Jan-25
7961,Ahmednagar,Rahata,Onion,Red,FAQ,400,2800,1850,17-Jan-25
7962,Ahmednagar,Rahuri,Onion,Other,FAQ,100,2600,1350,17-Jan-25
7963,Ahmednagar,Rahuri,Onion,Other,FAQ,200,3400,1800,03-Jan-25
7964,Ahmednagar,Rahuri,Onion,Other,FAQ,200,3400,1800,05-Jan-25
7965,Ahmednagar,Rahuri,Onion,Other,Local,100,2625,1350,28-Jan-25
7966,Virudhunagar,Sathur(Uzhavar Sandhai ),Onion,Bellary,Local,4000,4500,4500,11-Jan-25
7967,Virudhunagar,Sathur(Uzhavar Sandhai ),Onion,Bellary,Local,4000,4500,4500,15-Jan-25
7968,Virudhunagar,Sathur(Uzhavar Sandhai ),Onion,Bellary,Local,4000,4500,4500,22-Jan-25
7969,Virudhunagar,Sathur(Uzhavar Sandhai ),Onion,Bellary,Local,4000,5000,5000,12-Jan-25
7970,Hathras,Shadabad,Onion,Red,FAQ,3100,3200,3150,22-Jan-25
7971,Hathras,Shadabad,Onion,Red,FAQ,3100,3200,3150,30-Jan-25
7972,Hardoi,Shahabad(New Mandi),Onion,Red,FAQ,2650,2750,2700,02-Jan-25
7973,Badaun,Shahaswan,Onion,Red,Non-FAQ,1950,2100,2000,27-Jan-25
7974,Delhi,Shahdara,Onion,Other,Non-FAQ,1800,2800,2300,23-Jan-25
7975,Jaunpur,Shahganj,Onion,Red,FAQ,2230,2330,2280,22-Jan-25
7976,Jaunpur,Shahganj,Onion,Red,FAQ,2450,2550,2500,16-Jan-25
7977,Shahjahanpur,Shahjahanpur,Onion,Red,FAQ,2100,2200,2150,14-Jan-25
7978,Shahjahanpur,Shahjahanpur,Onion,Red,FAQ,2120,2250,2180,18-Jan-25
7979,Shahjahanpur,Shahjahanpur,Onion,Red,FAQ,2150,2260,2200,09-Jan-25
7980,Shahjahanpur,Shahjahanpur,Onion,Red,FAQ,2200,2300,2240,06-Jan-25
7981,Shahjahanpur,Shahjahanpur,Onion,Red,FAQ,2230,2350,2290,23-Jan-25
7982,Shahjahanpur,Shahjahanpur,Onion,Red,FAQ,2260,2360,2300,01-Jan-25
7983,Ambala,Shahzadpur,Onion,Local,FAQ,2000,2000,2000,10-Jan-25
7984,Shajapur,Shajapur,Onion,Medium,FAQ,250,2576,2576,01-Jan-25
7985,Shajapur,Shajapur,Onion,Medium,FAQ,300,2273,2057,27-Jan-25
7986,Shajapur,Shajapur,Onion,Medium,FAQ,315,2187,2123,24-Jan-25
7987,Shajapur,Shajapur,Onion,Onion,FAQ,1600,1828,1828,04-Jan-25
7988,Shajapur,Shajapur,Onion,Onion,FAQ,1900,1900,1900,08-Jan-25
7989,Mandsaur,Shamgarh,Onion,Onion,FAQ,800,1466,1466,15-Jan-25
7990,Shamli,Shamli,Onion,Red,FAQ,2250,2350,2300,22-Jan-25
7991,Shamli,Shamli,Onion,Red,FAQ,2250,2350,2300,26-Jan-25
7992,Hooghly,Sheoraphuly,Onion,Nasik,FAQ,2800,3200,3000,30-Jan-25
7993,Hooghly,Sheoraphuly,Onion,Nasik,FAQ,2875,3200,3000,31-Jan-25
7994,Ahmednagar,Shevgaon,Onion,2nd Sort,FAQ,1800,2300,2000,06-Jan-25
7995,Ahmednagar,Shevgaon,Onion,Other,FAQ,500,1500,1300,04-Jan-25
7996,Shimla,Shimla,Onion,1st Sort,FAQ,2800,3000,2800,29-Jan-25
7997,Shimla,Shimla,Onion,1st Sort,FAQ,3000,3500,3000,23-Jan-25
7998,Shimoga,Shimoga,Onion,Onion,FAQ,2500,4500,3500,06-Jan-25
7999,Dhule,Shirpur,Onion,Red,FAQ,200,2000,1450,11-Jan-25
8000,Pune,Shirur,Onion,Other,FAQ,1000,3100,2200,14-Jan-25
8001,Pune,Shirur,Onion,Other,FAQ,1000,3100,2200,15-Jan-25
8002,Nashik,Shivsiddha Govind Producer Company Limited Sanchal,Onion,Red,FAQ,2100,2655,2450,01-Feb-25
8003,Ahmednagar,Shree Sairaj Krushi Market,Onion,Local,FAQ,300,3300,1800,06-Jan-25
8004,Ahmednagar,Shrigonda,Onion,Other,FAQ,600,3300,3000,06-Jan-25
8005,Shajapur,Shujalpur,Onion,Red,FAQ,516,1801,1801,09-Jan-25
8006,Shajapur,Shujalpur,Onion,Red,FAQ,1100,2174,2174,04-Jan-25
8007,Shajapur,Shujalpur(F&V),Onion,Onion,FAQ,800,2165,1400,20-Jan-25
8008,Shajapur,Shujalpur(F&V),Onion,Onion,FAQ,800,2536,1350,06-Jan-25
8009,Sikar,Sikar,Onion,Onion,FAQ,1000,1600,1300,31-Jan-25
8010,Sikar,Sikar,Onion,Onion,FAQ,1000,1800,1400,16-Jan-25
8011,Bulandshahar,Sikarpur,Onion,Red,FAQ,1200,1350,1300,19-Jan-25
8012,Bulandshahar,Sikarpur,Onion,Red,FAQ,1800,1950,1900,08-Jan-25
8013,Darjeeling,Siliguri,Onion,Other,FAQ,2500,2700,2600,10-Jan-25
8014,Darjeeling,Siliguri,Onion,Other,FAQ,2500,2700,2600,14-Jan-25
8015,Darjeeling,Siliguri,Onion,Other,FAQ,2500,2700,2600,15-Jan-25
8016,Darjeeling,Siliguri,Onion,Other,FAQ,2500,2700,2600,16-Jan-25
8017,Theni,Periyakulam(Uzhavar Sandhai ),Onion,Bellary,Local,4000,4400,4400,01-Feb-25
8018,Theni,Periyakulam(Uzhavar Sandhai ),Onion,Bellary,Local,4000,4500,4500,08-Jan-25
8019,Ernakulam,Perumbavoor,Onion,Onion,FAQ,3000,4000,3500,09-Jan-25
8020,Ernakulam,Perumbavoor,Onion,Onion,FAQ,3000,4000,3500,15-Jan-25
8021,Ernakulam,Perumbavoor,Onion,Onion,FAQ,3700,4700,4000,25-Jan-25
8022,Jalandhar,Phillaur(Apra Mandi),Onion,Other,FAQ,2500,2500,2500,04-Jan-25
8023,Jalandhar,Phillaur(Apra Mandi),Onion,Other,FAQ,2500,2500,2500,06-Jan-25
8024,Jalandhar,Phillaur(Apra Mandi),Onion,Other,FAQ,2500,2500,2500,09-Jan-25
8025,Jalandhar,Phillaur(Apra Mandi),Onion,Other,FAQ,2500,2500,2500,20-Jan-25
8026,Hoshangabad,Pipariya(F&V),Onion,Onion,FAQ,1300,2700,2000,10-Jan-25
8027,Ernakulam,Piravam,Onion,Big,FAQ,3500,5000,4500,30-Jan-25
8028,Bhojpur,Piro,Onion,Medium,FAQ,3000,3030,3020,20-Jan-25
8029,Bhojpur,Piro,Onion,Medium,FAQ,3000,3040,3020,26-Jan-25
8030,Bhojpur,Piro,Onion,Medium,FAQ,5000,5040,5020,04-Jan-25
8031,Coimbatore,Pollachi(Uzhavar Sandhai ),Onion,Bellary,Local,4000,4400,4400,16-Jan-25
8032,Coimbatore,Pollachi(Uzhavar Sandhai ),Onion,Bellary,Local,4000,4400,4400,21-Jan-25
8033,Thiruvannamalai,Polur(Uzhavar Sandhai ),Onion,Bellary,Local,3300,4000,4000,11-Jan-25
8034,Thiruvannamalai,Polur(Uzhavar Sandhai ),Onion,Bellary,Local,4200,5000,5000,07-Jan-25
8035,Porbandar,Porbandar,Onion,Other,FAQ,1500,2000,1750,02-Jan-25
8036,Porbandar,Porbandar,Onion,Other,FAQ,1500,2000,1750,06-Jan-25
8037,Porbandar,Porbandar,Onion,Other,FAQ,1500,2000,1750,20-Jan-25
8038,Thiruvananthapuram,Pothencode,Onion,Other,FAQ,44000,44080,44040,26-Jan-25
8039,Thiruvananthapuram,Pothencode,Onion,Other,FAQ,48000,48080,48040,20-Jan-25
8040,Thiruvananthapuram,Pothencode,Onion,Other,FAQ,52000,52080,52040,25-Jan-25
8041,Pratapgarh,Pratapgarh,Onion,Red,FAQ,1850,2100,1925,30-Jan-25
8042,Pratapgarh,Pratapgarh,Onion,Red,FAQ,2050,2200,2120,09-Jan-25
8043,Pratapgarh,Pratapgarh,Onion,Red,FAQ,2100,2300,2150,08-Jan-25
8044,Kollam,Punalur,Onion,Onion,FAQ,5500,6000,5800,02-Jan-25
8045,Kaithal,Pundri,Onion,Other,Non-FAQ,1800,1900,1850,18-Jan-25
8046,Pune,Pune(Manjri),Onion,Local,FAQ,2600,3100,2800,15-Jan-25
8047,Pune,Pune(Manjri),Onion,Local,FAQ,2600,3100,2800,19-Jan-25
8048,Pune,Pune(Manjri),Onion,Local,FAQ,2800,3100,3000,09-Jan-25
8049,Pune,Pune(Manjri),Onion,Local,Local,2600,3500,3100,28-Jan-25
8050,Pune,Pune(Moshi),Onion,Local,FAQ,500,3000,1750,05-Jan-25
8051,Pune,Pune(Moshi),Onion,Local,FAQ,800,2500,1650,20-Jan-25
8052,Pune,Pune(Pimpri),Onion,Local,FAQ,800,2400,1600,17-Jan-25
8053,Pune,Pune(Pimpri),Onion,Local,FAQ,1000,2500,1750,26-Jan-25
8054,Pune,Pune(Pimpri),Onion,Local,FAQ,1100,1300,1200,18-Jan-25
8055,Pune,Pune(Pimpri),Onion,Local,FAQ,2000,3000,2500,04-Jan-25
8056,Pune,Pune(Pimpri),Onion,Local,Local,2600,2800,2700,30-Jan-25
8057,Pillibhit,Puranpur,Onion,Red,FAQ,2250,2340,2299,18-Jan-25
8058,Puruliya,Purulia,Onion,Other,FAQ,2200,2600,2500,19-Jan-25
8059,Puruliya,Purulia,Onion,Other,FAQ,2500,3000,2800,13-Jan-25
8060,Puruliya,Purulia,Onion,Other,FAQ,2500,3000,2800,14-Jan-25
8061,Unnao,Purwa,Onion,Red,FAQ,2275,2375,2325,25-Jan-25
8062,Unnao,Purwa,Onion,Red,FAQ,2275,2400,2325,23-Jan-25
8063,Unnao,Purwa,Onion,Red,FAQ,2400,2550,2450,11-Jan-25
8064,Unnao,Purwa,Onion,Red,FAQ,2725,2825,2775,03-Jan-25
8065,Unnao,Purwa,Onion,Red,FAQ,2725,2875,2800,02-Jan-25
8066,Shahjahanpur,Puwaha,Onion,Red,FAQ,2140,2340,2240,13-Jan-25
8067,Shahjahanpur,Puwaha,Onion,Red,FAQ,2150,2350,2250,09-Jan-25
8068,Shahjahanpur,Puwaha,Onion,Red,FAQ,2175,2375,2275,19-Jan-25
8069,Ahmednagar,Rahuri(Vambori),Onion,Other,FAQ,100,2400,1700,13-Jan-25
8070,Ahmednagar,Rahuri(Vambori),Onion,Other,FAQ,100,3000,2000,18-Jan-25
8071,Ahmednagar,Rahuri(Vambori),Onion,Other,Local,200,2700,1800,27-Jan-25
8072,Raebarelli,Raibareilly,Onion,Red,FAQ,2500,2600,2550,03-Jan-25
8073,Raebarelli,Raibareilly,Onion,Red,FAQ,2750,2800,2775,02-Jan-25
8074,Raigarh,Raigarh,Onion,Local,Local,2000,2400,2200,06-Jan-25
8075,Raigarh,Raigarh,Onion,Local,Local,2000,2600,2300,10-Jan-25
8076,Virudhunagar,Rajapalayam(Uzhavar Sandhai ),Onion,Bellary,Local,4500,5000,5000,27-Jan-25
8077,Rajkot,Rajkot(Veg.Sub Yard),Onion,Onion,FAQ,550,2250,1750,04-Jan-25
8078,Rajkot,Rajkot(Veg.Sub Yard),Onion,Onion,FAQ,650,2250,1700,15-Jan-25
8079,Rajkot,Rajkot(Veg.Sub Yard),Onion,Onion,FAQ,675,2375,1800,20-Jan-25
8080,Rajkot,Rajkot(Veg.Sub Yard),Onion,Onion,FAQ,725,2125,1650,24-Jan-25
8081,Rajnandgaon,Rajnandgaon,Onion,Onion,FAQ,2000,2400,2200,19-Jan-25
8082,Rajnandgaon,Rajnandgaon,Onion,Onion,Non-FAQ,1700,2000,1900,22-Jan-25
8083,Rajnandgaon,Rajnandgaon,Onion,Onion,Non-FAQ,1800,2200,2000,21-Jan-25
8084,Patiala,Rajpura,Onion,Local,FAQ,1780,2300,2000,24-Jan-25
8085,Patiala,Rajpura,Onion,Local,FAQ,2000,2550,2300,01-Feb-25
8086,Patiala,Rajpura,Onion,Local,FAQ,2000,2700,2300,05-Jan-25
8087,Rajsamand,Rajsamand,Onion,Onion,FAQ,1800,2200,2000,12-Jan-25
8088,Rajsamand,Rajsamand,Onion,Onion,Non-FAQ,2000,2500,2250,16-Jan-25
8089,Ramanathapuram,Ramanathapuram(Uzhavar Sandhai ),Onion,Bellary,Local,4500,5000,5000,01-Feb-25
8090,Ramanathapuram,Ramanathapuram(Uzhavar Sandhai ),Onion,Bellary,Local,4500,5000,5000,07-Jan-25
8091,Ramanathapuram,Ramanathapuram(Uzhavar Sandhai ),Onion,Bellary,Local,5000,5500,5500,01-Jan-25
8092,Ramanathapuram,Ramanathapuram(Uzhavar Sandhai ),Onion,Bellary,Local,5000,5500,5500,21-Jan-25
8093,Howrah,Ramkrishanpur(Howrah),Onion,Other,FAQ,3200,3800,3600,26-Jan-25
8094,Rampur,Rampur,Onion,Red,FAQ,2050,2150,2100,29-Jan-25
8095,Rampur,Rampur,Onion,Red,FAQ,2100,2200,2140,28-Jan-25
8096,Rampur,Rampur,Onion,Red,FAQ,2230,2325,2270,20-Jan-25
8097,Bhatinda,Rampuraphul(Nabha Mandi),Onion,Other,Non-FAQ,3000,4000,3500,18-Jan-25
8098,Birbhum,Rampurhat,Onion,Local,FAQ,2300,2400,2350,03-Jan-25
8099,Birbhum,Rampurhat,Onion,Local,FAQ,2350,2450,2400,15-Jan-25
8100,Birbhum,Rampurhat,Onion,Nasik,FAQ,2950,3050,3000,01-Feb-25
8101,Birbhum,Rampurhat,Onion,Nasik,FAQ,2950,3050,3000,29-Jan-25
8102,Saharanpur,Rampurmaniharan,Onion,Red,FAQ,1600,1700,1650,24-Jan-25
8103,Nagpur,Ramtek,Onion,Other,FAQ,2000,2400,2200,04-Jan-25
8104,Nagpur,Ramtek,Onion,Other,FAQ,2000,2400,2200,05-Jan-25
8105,Nadia,Ranaghat,Onion,Other,FAQ,3200,3350,3300,05-Jan-25
8106,Nadia,Ranaghat,Onion,Other,FAQ,3200,3350,3300,12-Jan-25
8107,Sirsa,Rania,Onion,Other,FAQ,1400,1600,1500,01-Feb-25
8108,Ranipet,Ranipettai(Uzhavar Sandhai ),Onion,Bellary,Local,3500,4500,4500,21-Jan-25
8109,Ranipet,Ranipettai(Uzhavar Sandhai ),Onion,Bellary,Local,4000,4000,4000,17-Jan-25
8110,Ranipet,Ranipettai(Uzhavar Sandhai ),Onion,Bellary,Local,4500,4500,4500,23-Jan-25
8111,Ballia,Rasda,Onion,Red,FAQ,2350,2500,2420,11-Jan-25
8112,Ballia,Rasda,Onion,Red,FAQ,2350,2500,2420,14-Jan-25
8113,Namakkal,Rasipuram(Uzhavar Sandhai ),Onion,Bellary,Local,5200,5500,5500,13-Jan-25
8114,Namakkal,Rasipuram(Uzhavar Sandhai ),Onion,Bellary,Local,5200,5500,5500,14-Jan-25
8115,Fatehabad,Ratia,Onion,Other,FAQ,1700,2000,1850,16-Jan-25
8116,Fatehabad,Ratia,Onion,Other,FAQ,2000,2200,2100,31-Jan-25
8117,Ratlam,Ratlam,Onion,Nasik,FAQ,360,1515,1201,31-Jan-25
8118,Ratlam,Ratlam,Onion,Onion,FAQ,300,13700,1900,22-Jan-25
8119,Ratlam,Ratlam,Onion,Onion,FAQ,601,2201,1900,29-Jan-25
8120,Shajapur,Kalapipal(F&V),Onion,Onion,FAQ,910,1960,1545,08-Jan-25
8121,Shajapur,Kalapipal(F&V),Onion,Onion,FAQ,1100,1200,1135,13-Jan-25
8122,Hooghly,Kalipur,Onion,Nasik,FAQ,2700,3000,2900,23-Jan-25
8123,Hooghly,Kalipur,Onion,Nasik,FAQ,3000,3200,3000,04-Jan-25
8124,Kallakuruchi,Kallakurichi(Uzhavar Sandhai ),Onion,Bellary,Local,4000,5000,5000,10-Jan-25
8125,Kallakuruchi,Kallakurichi(Uzhavar Sandhai ),Onion,Bellary,Local,4000,5000,5000,16-Jan-25
8126,Kallakuruchi,Kallakurichi(Uzhavar Sandhai ),Onion,Bellary,Local,4000,5000,5000,21-Jan-25
8127,Thane,Kalyan,Onion,1st Sort,FAQ,2400,2600,2500,23-Jan-25
8128,Thane,Kalyan,Onion,1st Sort,FAQ,3000,3600,3300,09-Jan-25
8129,Nadia,Kalyani,Onion,Onion,FAQ,2800,3000,2900,23-Jan-25
8130,Nadia,Kalyani,Onion,Onion,FAQ,3000,3200,3100,25-Jan-25
8131,Khowai,Kalyanpur,Onion,Nasik,FAQ,3500,3700,3600,23-Jan-25
8132,Khowai,Kalyanpur,Onion,Nasik,FAQ,3700,3900,3800,05-Jan-25
8133,Dhenkanal,Kamakhyanagar,Onion,Onion,FAQ,3500,4200,4000,06-Jan-25
8134,Theni,Kambam(Uzhavar Sandhai ),Onion,Bellary,Local,4000,4000,4000,01-Jan-25
8135,Theni,Kambam(Uzhavar Sandhai ),Onion,Bellary,Local,4000,4200,4200,29-Jan-25
8136,Theni,Kambam(Uzhavar Sandhai ),Onion,Bellary,Local,4200,4200,4200,20-Jan-25
8137,Farukhabad,Kamlaganj,Onion,Red,FAQ,2000,2020,2010,30-Jan-25
8138,Farukhabad,Kamlaganj,Onion,Red,FAQ,2000,2050,2010,25-Jan-25
8139,Nagpur,Kamthi,Onion,Local,FAQ,1500,2500,2000,14-Jan-25
8140,Nagpur,Kamthi,Onion,Local,FAQ,2000,3000,2500,22-Jan-25
8141,Nagpur,Kamthi,Onion,Local,Local,1500,2500,2000,28-Jan-25
8142,Nagpur,Kamthi,Onion,Local,Local,2000,2600,2300,29-Jan-25
8143,North Tripura,Kanchanpur,Onion,Nasik,FAQ,3250,3750,3500,22-Jan-25
8144,Kancheepuram,Kancheepuram(Uzhavar Sandhai ),Onion,Bellary,Local,3500,4500,4500,24-Jan-25
8145,Thirunelveli,Kandiyaperi(Uzhavar Sandhai ),Onion,Bellary,Local,3500,4200,4200,04-Jan-25
8146,Thirunelveli,Kandiyaperi(Uzhavar Sandhai ),Onion,Bellary,Local,4000,4600,4600,20-Jan-25
8147,Thirupur,Kangayam(Uzhavar Sandhai ),Onion,Bellary,Local,4200,4800,4800,14-Jan-25
8148,Thirupur,Kangayam(Uzhavar Sandhai ),Onion,Bellary,Local,4500,5000,5000,01-Feb-25
8149,Thirupur,Kangayam(Uzhavar Sandhai ),Onion,Bellary,Local,4500,5000,5000,04-Jan-25
8150,Thirupur,Kangayam(Uzhavar Sandhai ),Onion,Bellary,Local,4500,5000,5000,09-Jan-25
8151,Thirupur,Kangayam(Uzhavar Sandhai ),Onion,Bellary,Local,4600,5000,5000,27-Jan-25
8152,Thirupur,Kangayam(Uzhavar Sandhai ),Onion,Bellary,Local,5100,5500,5500,02-Jan-25
8153,Kangra,Kangra(Baijnath),Onion,Onion,FAQ,2700,2800,2800,30-Jan-25
8154,Kangra,Kangra(Jaisinghpur),Onion,1st Sort,FAQ,3000,3400,3200,09-Jan-25
8155,Kangra,Kangra(Jaisinghpur),Onion,1st Sort,FAQ,3400,3600,3500,08-Jan-25
8156,Kangra,Kangra(Jassour),Onion,Other,FAQ,2200,2800,2500,31-Jan-25
8157,Kangra,Kangra(Nagrota Bagwan),Onion,Other,FAQ,3000,3200,3100,16-Jan-25
8158,Kangra,Kangra(Nagrota Bagwan),Onion,Other,FAQ,3000,3200,3100,28-Jan-25
8159,Kasargod,Kanjangadu,Onion,Big,FAQ,3400,4000,3600,02-Jan-25
8160,Kottayam,Kanjirappally,Onion,Big,FAQ,4000,4500,4200,05-Jan-25
8161,Kottayam,Kanjirappally,Onion,Big,FAQ,4500,5000,4800,13-Jan-25
8162,Kottayam,Kanjirappally,Onion,Onion,FAQ,8500,9000,8800,30-Jan-25
8163,Kannuj,Kannauj,Onion,Red,FAQ,2300,2400,2350,06-Jan-25
8164,Kannur,Kannur,Onion,Other,FAQ,4000,4200,4100,04-Jan-25
8165,Kanpur,Kanpur(Grain),Onion,Red,FAQ,2050,2250,2150,01-Feb-25
8166,Kanpur,Kanpur(Grain),Onion,Red,FAQ,2100,2300,2200,29-Jan-25
8167,Kanpur,Kanpur(Grain),Onion,Red,FAQ,2400,2600,2500,06-Jan-25
8168,Kanpur,Kanpur(Grain),Onion,Red,FAQ,2510,2710,2610,03-Jan-25
8169,Kheda,Kapadvanj,Onion,Other,FAQ,2000,2500,2200,06-Jan-25
8170,Kozhikode(Calicut),Quilandy,Onion,Other,FAQ,3400,3500,3500,15-Jan-25
8171,Yamuna Nagar,Radaur,Onion,Other,FAQ,2500,2500,2500,16-Jan-25
8172,Raebarelli,Raibareilly,Onion,Red,FAQ,2200,2300,2250,28-Jan-25
8173,Raebarelli,Raibareilly,Onion,Red,FAQ,2450,2500,2475,08-Jan-25
8174,Raigarh,Raigarh,Onion,Local,Local,2400,3200,2800,04-Jan-25
8175,Raigarh,Raigarh,Onion,Local,Non-FAQ,2000,2400,2200,29-Jan-25
8176,Panchkula,Raipur Rai,Onion,Other,FAQ,2500,2800,2500,25-Jan-25
8177,Virudhunagar,Rajapalayam(Uzhavar Sandhai ),Onion,Bellary,Local,4000,4500,4500,17-Jan-25
8178,Rajkot,Rajkot(Veg.Sub Yard),Onion,Onion,FAQ,500,2100,1500,31-Jan-25
8179,Rajnandgaon,Rajnandgaon,Onion,Onion,Local,1800,2200,2000,17-Jan-25
8180,Rajnandgaon,Rajnandgaon,Onion,Onion,Local,2100,2500,2300,02-Jan-25
8181,Rajnandgaon,Rajnandgaon,Onion,Onion,Non-FAQ,1800,2200,2000,29-Jan-25
8182,Patiala,Rajpura,Onion,Local,FAQ,2000,2500,2300,11-Jan-25
8183,Patiala,Rajpura,Onion,Local,FAQ,2000,2600,2400,15-Jan-25
8184,Rajsamand,Rajsamand,Onion,Onion,FAQ,2000,3000,2500,09-Jan-25
8185,Bangalore,Ramanagara,Onion,Onion,FAQ,3000,5000,4500,08-Jan-25
8186,Ramanathapuram,Ramanathapuram(Uzhavar Sandhai ),Onion,Bellary,Local,4500,5000,5000,05-Jan-25
8187,Ramanathapuram,Ramanathapuram(Uzhavar Sandhai ),Onion,Bellary,Local,5000,6000,6000,22-Jan-25
8188,Howrah,Ramkrishanpur(Howrah),Onion,Other,FAQ,3000,3800,3400,04-Jan-25
8189,Howrah,Ramkrishanpur(Howrah),Onion,Other,FAQ,3000,3800,3400,06-Jan-25
8190,Howrah,Ramkrishanpur(Howrah),Onion,Other,FAQ,3200,3800,3500,30-Jan-25
8191,Howrah,Ramkrishanpur(Howrah),Onion,Other,FAQ,3200,3800,3600,12-Jan-25
8192,Nanital,Ramnagar,Onion,Other,FAQ,2000,2500,2250,17-Jan-25
8193,Nanital,Ramnagar,Onion,Other,FAQ,2300,2500,2400,20-Jan-25
8194,Rampur,Rampur,Onion,Red,FAQ,2150,2225,2180,24-Jan-25
8195,Bhatinda,Rampuraphul(Nabha Mandi),Onion,Other,FAQ,3000,4000,3500,08-Jan-25
8196,Bhatinda,Rampuraphul(Nabha Mandi),Onion,Other,FAQ,3000,4000,3500,13-Jan-25
8197,Bhatinda,Rampuraphul(Nabha Mandi),Onion,Other,FAQ,3000,4000,3500,15-Jan-25
8198,Bhatinda,Rampuraphul(Nabha Mandi),Onion,Other,FAQ,3000,4200,3500,06-Jan-25
8199,Bhatinda,Rampuraphul(Nabha Mandi),Onion,Other,Non-FAQ,2000,3000,2500,30-Jan-25
8200,Birbhum,Rampurhat,Onion,Local,FAQ,2350,2450,2400,07-Jan-25
8201,Birbhum,Rampurhat,Onion,Nasik,FAQ,2350,2450,2400,21-Jan-25
8202,Birbhum,Rampurhat,Onion,Nasik,FAQ,2950,3050,3000,30-Jan-25
8203,Nadia,Ranaghat,Onion,Other,FAQ,2800,3000,2900,17-Jan-25
8204,Ranipet,Ranipettai(Uzhavar Sandhai ),Onion,Bellary,Local,4000,4500,4500,22-Jan-25
8205,Ballia,Rasda,Onion,Red,FAQ,2110,2245,2175,04-Jan-25
8206,Ballia,Rasda,Onion,Red,FAQ,2150,2300,2230,24-Jan-25
8207,Ballia,Rasda,Onion,Red,FAQ,2180,2315,2250,23-Jan-25
8208,Namakkal,Rasipuram(Uzhavar Sandhai ),Onion,Bellary,Local,4400,5000,5000,23-Jan-25
8209,Namakkal,Rasipuram(Uzhavar Sandhai ),Onion,Bellary,Local,4500,5000,5000,26-Jan-25
8210,Namakkal,Rasipuram(Uzhavar Sandhai ),Onion,Bellary,Local,5200,5500,5500,10-Jan-25
8211,Namakkal,Rasipuram(Uzhavar Sandhai ),Onion,Bellary,Local,5200,5500,5500,16-Jan-25
8212,Namakkal,Rasipuram(Uzhavar Sandhai ),Onion,Bellary,Local,5500,5800,5800,03-Jan-25
8213,Fatehabad,Ratia,Onion,Other,FAQ,1800,1800,1800,25-Jan-25
8214,Fatehabad,Ratia,Onion,Other,FAQ,1900,2000,1950,08-Jan-25
8215,Fatehabad,Ratia,Onion,Other,FAQ,2000,2200,2100,28-Jan-25
8216,Ratlam,Ratlam,Onion,Nasik,FAQ,300,1954,1381,04-Jan-25
8217,Ratlam,Ratlam,Onion,Nasik,Non-FAQ,200,700,400,27-Jan-25
8218,Ratlam,Ratlam,Onion,Onion,FAQ,100,2471,500,04-Jan-25
8219,Ratlam,Ratlam,Onion,Onion,FAQ,200,2551,1800,08-Jan-25
8220,Ratlam,Ratlam,Onion,Onion,FAQ,261,2299,1761,01-Feb-25
8221,Kannuj,Kannauj,Onion,Red,FAQ,2050,2150,2100,26-Jan-25
8222,Kannur,Kannur,Onion,Other,FAQ,3600,3800,3700,12-Jan-25
8223,Kannur,Kannur,Onion,Other,FAQ,3800,4000,3900,09-Jan-25
8224,Kannur,Kannur,Onion,Other,FAQ,4000,4200,4100,07-Jan-25
8225,Kanpur,Kanpur(Grain),Onion,Red,FAQ,2280,2480,2380,10-Jan-25
8226,Kanpur,Kanpur(Grain),Onion,Red,FAQ,2330,2430,2380,16-Jan-25
8227,Kheda,Kapadvanj,Onion,Other,FAQ,1500,2400,1950,12-Jan-25
8228,Kheda,Kapadvanj,Onion,Other,FAQ,2000,2500,2200,07-Jan-25
8229,Satara,Karad,Onion,Other,FAQ,2000,3000,3000,12-Jan-25
8230,Sivaganga,Karaikudi(Uzhavar Sandhai ),Onion,Bellary,Local,4000,6000,6000,06-Jan-25
8231,Sivaganga,Karaikudi(Uzhavar Sandhai ),Onion,Bellary,Local,5200,5600,5600,22-Jan-25
8232,Nadia,Karimpur,Onion,Nasik,FAQ,2800,3000,2900,05-Jan-25
8233,Nadia,Karimpur,Onion,Nasik,FAQ,2800,3000,2900,29-Jan-25
8234,Virudhunagar,Kariyapatti(Uzhavar Sandhai ),Onion,Bellary,Local,3400,4000,4000,29-Jan-25
8235,Virudhunagar,Kariyapatti(Uzhavar Sandhai ),Onion,Bellary,Local,4000,5000,5000,19-Jan-25
8236,Gonda,Karnailganj,Onion,Red,Non-FAQ,2050,2180,2100,31-Jan-25
8237,Darjeeling,Karsiyang(Matigara),Onion,Other,FAQ,3200,3500,3300,18-Jan-25
8238,Karur,Karur(Uzhavar Sandhai ),Onion,Bellary,Local,4500,5000,5000,12-Jan-25
8239,Karur,Karur(Uzhavar Sandhai ),Onion,Bellary,Local,4500,5000,5000,28-Jan-25
8240,Chitrakut,Karvi,Onion,Red,FAQ,2000,2225,2090,01-Feb-25
8241,Chitrakut,Karvi,Onion,Red,FAQ,2125,2300,2200,30-Jan-25
8242,Kasganj,Kasganj,Onion,Red,FAQ,2170,2550,2400,11-Jan-25
8243,Kasganj,Kasganj,Onion,Red,FAQ,2200,2550,2380,12-Jan-25
8244,UdhamSinghNagar,Kashipur,Onion,Other,FAQ,1800,2000,1900,16-Jan-25
8245,Kathua,Kathua,Onion,Other,FAQ,2000,2500,2250,02-Jan-25
8246,Kathua,Kathua,Onion,Other,FAQ,2500,3000,2750,09-Jan-25
8247,Kathua,Kathua,Onion,Other,FAQ,2800,3000,2900,01-Feb-25
8248,Vellore,Katpadi (Uzhavar Sandhai ),Onion,Bellary,Local,4000,4500,4500,22-Jan-25
8249,Vellore,Katpadi (Uzhavar Sandhai ),Onion,Bellary,Local,4200,4400,4400,24-Jan-25
8250,Vellore,Katpadi (Uzhavar Sandhai ),Onion,Bellary,Local,4400,4600,4600,19-Jan-25
8251,Idukki,Kattappana,Onion,Big,FAQ,3500,4500,4300,16-Jan-25
8252,Idukki,Kattappana,Onion,Big,FAQ,3600,4300,4000,01-Feb-25
8253,Idukki,Kattappana,Onion,Big,FAQ,3800,4000,3900,02-Jan-25
8254,Idukki,Kattappana,Onion,Small,FAQ,5600,6700,6000,27-Jan-25
8255,Krishnagiri,Kaveripattinam(Uzhavar Sandhai ),Onion,Bellary,Local,3000,4000,4000,15-Jan-25
8256,Krishnagiri,Kaveripattinam(Uzhavar Sandhai ),Onion,Bellary,Local,4000,5000,5000,28-Jan-25
8257,Krishnagiri,Kaveripattinam(Uzhavar Sandhai ),Onion,Bellary,Local,4500,6000,6000,10-Jan-25
8258,Farukhabad,Kayamganj,Onion,Red,FAQ,2025,2125,2075,27-Jan-25
8259,Farukhabad,Kayamganj,Onion,Red,FAQ,2050,2150,2100,26-Jan-25
8260,Alappuzha,Kayamkulam,Onion,Big,FAQ,3100,3300,3200,18-Jan-25
8261,Alappuzha,Kayamkulam,Onion,Big,FAQ,3800,4000,3900,22-Jan-25
8262,Alappuzha,Kayamkulam,Onion,Big,FAQ,4100,4300,4200,04-Jan-25
8263,Alappuzha,Kayamkulam,Onion,Small,FAQ,5500,5700,5600,30-Jan-25
8264,Alappuzha,Kayamkulam,Onion,Small,FAQ,8300,8500,8400,02-Jan-25
8265,Thiruvannamalai,Keelpennathur(Uzhavar Sandhai ),Onion,Bellary,Local,2500,3000,3000,23-Jan-25
8266,Keonjhar,Keonjhar,Onion,Other,Non-FAQ,2500,3000,3000,29-Jan-25
8267,Keonjhar,Keonjhar(Dhekikote),Onion,Other,FAQ,3500,4000,4000,11-Jan-25
8268,Delhi,Keshopur,Onion,Onion,FAQ,2200,2800,2600,19-Jan-25
8269,Fatehpur,Khaga,Onion,Red,FAQ,1120,1260,1200,18-Jan-25
8270,Fatehpur,Khaga,Onion,Red,FAQ,1400,1560,1500,20-Jan-25
8271,Fatehpur,Khaga,Onion,Red,FAQ,2000,2130,2075,04-Jan-25
8272,Satara,Karad,Onion,Other,FAQ,2000,2500,2500,25-Jan-25
8273,Sivaganga,Karaikudi(Uzhavar Sandhai ),Onion,Bellary,Local,5200,5500,5500,12-Jan-25
8274,Sivaganga,Karaikudi(Uzhavar Sandhai ),Onion,Bellary,Local,5200,5500,5500,23-Jan-25
8275,Sivaganga,Karaikudi(Uzhavar Sandhai ),Onion,Bellary,Local,5200,5600,5600,21-Jan-25
8276,Nadia,Karimpur,Onion,Nasik,FAQ,2800,3000,2900,24-Jan-25
8277,Nadia,Karimpur,Onion,Nasik,Non-FAQ,1700,1850,1800,28-Jan-25
8278,Virudhunagar,Kariyapatti(Uzhavar Sandhai ),Onion,Bellary,Local,3500,4000,4000,30-Jan-25
8279,Virudhunagar,Kariyapatti(Uzhavar Sandhai ),Onion,Bellary,Local,4000,5000,5000,18-Jan-25
8280,Darjeeling,Karsiyang(Matigara),Onion,Other,FAQ,3200,3500,3300,08-Jan-25
8281,Darjeeling,Karsiyang(Matigara),Onion,Other,FAQ,3200,3500,3300,13-Jan-25
8282,Darjeeling,Karsiyang(Matigara),Onion,Other,FAQ,3200,3500,3300,14-Jan-25
8283,Darjeeling,Karsiyang(Matigara),Onion,Other,FAQ,3200,3500,3300,19-Jan-25
8284,Darjeeling,Karsiyang(Matigara),Onion,Other,FAQ,3200,3500,3300,22-Jan-25
8285,Darjeeling,Karsiyang(Matigara),Onion,Other,FAQ,3200,3500,3300,27-Jan-25
8286,Darjeeling,Karsiyang(Matigara),Onion,Other,FAQ,3800,4000,3900,07-Jan-25
8287,Karur,Karur(Uzhavar Sandhai ),Onion,Bellary,Local,4000,5000,5000,24-Jan-25
8288,Karur,Karur(Uzhavar Sandhai ),Onion,Bellary,Local,4500,5000,5000,01-Jan-25
8289,Karur,Karur(Uzhavar Sandhai ),Onion,Bellary,Local,4500,5000,5000,29-Jan-25
8290,Chitrakut,Karvi,Onion,Red,FAQ,2235,2445,2335,18-Jan-25
8291,Kasganj,Kasganj,Onion,Red,FAQ,2000,2400,2170,04-Jan-25
8292,Kathua,Kathua,Onion,Other,FAQ,2500,2600,2550,23-Jan-25
8293,Katni,Katni,Onion,Onion,FAQ,1900,1900,1900,17-Jan-25
8294,Vellore,Katpadi (Uzhavar Sandhai ),Onion,Bellary,Local,4000,4400,4400,28-Jan-25
8295,Vellore,Katpadi (Uzhavar Sandhai ),Onion,Bellary,Local,4000,4500,4500,20-Jan-25
8296,Idukki,Kattappana,Onion,Big,FAQ,3200,3500,3500,04-Jan-25
8297,Idukki,Kattappana,Onion,Small,FAQ,5600,6200,6000,01-Jan-25
8298,Idukki,Kattappana,Onion,Small,FAQ,8000,9000,9000,24-Jan-25
8299,Idukki,Kattappana,Onion,Small,FAQ,9000,10000,9800,04-Jan-25
8300,Purba Bardhaman,Katwa,Onion,Other,FAQ,2300,2700,2500,05-Jan-25
8301,Purba Bardhaman,Katwa,Onion,Other,FAQ,2400,2600,2500,12-Jan-25
8302,Purba Bardhaman,Katwa,Onion,Other,FAQ,2400,2600,2500,23-Jan-25
8303,Krishnagiri,Kaveripattinam(Uzhavar Sandhai ),Onion,Bellary,Local,3000,4000,4000,16-Jan-25
8304,Krishnagiri,Kaveripattinam(Uzhavar Sandhai ),Onion,Bellary,Local,3000,4000,4000,21-Jan-25
8305,Krishnagiri,Kaveripattinam(Uzhavar Sandhai ),Onion,Bellary,Local,4000,4500,4500,11-Jan-25
8306,Krishnagiri,Kaveripattinam(Uzhavar Sandhai ),Onion,Bellary,Local,4000,4500,4500,22-Jan-25
8307,Krishnagiri,Kaveripattinam(Uzhavar Sandhai ),Onion,Bellary,Local,4000,5000,5000,01-Feb-25
8308,Farukhabad,Kayamganj,Onion,Red,FAQ,2300,2400,2350,14-Jan-25
8309,Thiruvannamalai,Keelpennathur(Uzhavar Sandhai ),Onion,Bellary,Local,3500,4500,4500,16-Jan-25
8310,Keonjhar,Keonjhar,Onion,Other,FAQ,3500,4000,4000,16-Jan-25
8311,Delhi,Keshopur,Onion,Onion,FAQ,1600,2800,2400,27-Jan-25
8312,Delhi,Keshopur,Onion,Onion,FAQ,1600,2800,2400,30-Jan-25
8313,Kalahandi,Kesinga,Onion,Other,FAQ,6500,7000,6800,17-Jan-25
8314,Fatehpur,Khaga,Onion,Red,FAQ,1800,1960,1900,27-Jan-25
8315,Fatehpur,Khaga,Onion,Red,FAQ,2030,2160,2100,07-Jan-25
8316,Fatehpur,Khaga,Onion,Red,FAQ,2075,2200,2140,14-Jan-25
8317,Aligarh,Khair,Onion,Red,FAQ,2000,2500,2200,17-Jan-25
8318,Aligarh,Khair,Onion,Red,Non-FAQ,1800,2200,2000,23-Jan-25
8319,Aligarh,Khair,Onion,Red,Non-FAQ,1800,2500,2000,19-Jan-25
8320,Agra,Khairagarh,Onion,Red,FAQ,2000,2100,2050,09-Jan-25
8321,Agra,Khairagarh,Onion,Red,FAQ,3000,3100,3050,04-Jan-25
8322,Darjeeling,Siliguri,Onion,Other,FAQ,2500,2700,2600,21-Jan-25
8323,Darjeeling,Siliguri,Onion,Other,FAQ,2500,2700,2600,22-Jan-25
8324,Coimbatore,Singanallur(Uzhavar Sandhai ),Onion,Bellary,Local,3800,4200,4200,01-Feb-25
8325,Nashik,Sinner,Onion,Red,FAQ,500,2790,2400,01-Jan-25
8326,Nashik,Sinner,Onion,Red,Local,500,2430,2100,29-Jan-25
8327,Nagapattinam,Sirkali(Uzhavar Sandhai ),Onion,Bellary,Local,4000,5000,5000,01-Feb-25
8328,Nagapattinam,Sirkali(Uzhavar Sandhai ),Onion,Bellary,Local,4500,5000,5000,02-Jan-25
8329,Sitapur,Sitapur,Onion,Red,FAQ,1600,2400,2330,23-Jan-25
8330,Sitapur,Sitapur,Onion,Red,FAQ,1600,2700,2540,07-Jan-25
8331,Mandsaur,Sitmau,Onion,Onion,FAQ,400,2010,1190,23-Jan-25
8332,Sivaganga,Sivagangai (Uzhavar Sandhai ),Onion,Bellary,Local,5000,5200,5200,10-Jan-25
8333,Sivaganga,Sivagangai (Uzhavar Sandhai ),Onion,Bellary,Local,5000,5200,5200,16-Jan-25
8334,Sivaganga,Sivagangai (Uzhavar Sandhai ),Onion,Bellary,Local,5000,5200,5200,28-Jan-25
8335,Sivaganga,Sivagangai (Uzhavar Sandhai ),Onion,Bellary,Local,5000,5600,5600,09-Jan-25
8336,Virudhunagar,Sivakasi(Uzhavar Sandhai ),Onion,Bellary,Local,3000,3500,3500,25-Jan-25
8337,Virudhunagar,Sivakasi(Uzhavar Sandhai ),Onion,Bellary,Local,3800,4000,4000,15-Jan-25
8338,Virudhunagar,Sivakasi(Uzhavar Sandhai ),Onion,Bellary,Local,3800,4000,4000,30-Jan-25
8339,Virudhunagar,Sivakasi(Uzhavar Sandhai ),Onion,Bellary,Local,4800,5000,5000,08-Jan-25
8340,Kaithal,Siwan,Onion,Other,FAQ,2100,2200,2200,19-Jan-25
8341,Kaithal,Siwan,Onion,Other,FAQ,2100,2250,2200,26-Jan-25
8342,Bulandshahar,Siyana,Onion,Red,FAQ,2100,2230,2170,30-Jan-25
8343,Gurgaon,Sohna,Onion,Onion,FAQ,2000,2500,2400,18-Jan-25
8344,Gurgaon,Sohna,Onion,Onion,FAQ,2500,2800,2800,02-Jan-25
8345,Gurgaon,Sohna,Onion,Onion,FAQ,3000,3500,3500,14-Jan-25
8346,Solan,Solan,Onion,Other,FAQ,2200,2900,2800,28-Jan-25
8347,Solan,Solan(Nalagarh),Onion,Other,FAQ,2500,2800,2600,20-Jan-25
8348,Sholapur,Solapur,Onion,Red,FAQ,300,4100,2000,20-Jan-25
8349,Sholapur,Solapur,Onion,Red,FAQ,300,4300,2200,24-Jan-25
8350,Sonipat,Sonepat,Onion,Other,FAQ,2500,3000,2500,10-Jan-25
8351,Sonipat,Sonepat,Onion,Other,FAQ,2700,2900,2700,23-Jan-25
8352,Sonipat,Sonepat,Onion,Other,FAQ,2700,3000,2700,30-Jan-25
8353,Sonipat,Sonepat(Kharkhoda),Onion,Other,FAQ,1800,2200,2000,17-Jan-25
8354,Salem,Sooramangalam(Uzhavar Sandhai ),Onion,Bellary,Local,5500,6000,6000,08-Jan-25
8355,Shajapur,Soyatkalan,Onion,Onion,FAQ,640,1450,1450,22-Jan-25
8356,Shajapur,Soyatkalan,Onion,Onion,FAQ,700,1215,1010,25-Jan-25
8357,Shajapur,Soyatkalan,Onion,Onion,FAQ,1000,1665,1665,21-Jan-25
8358,Shajapur,Soyatkalan,Onion,Onion,FAQ,9200,9200,9200,13-Jan-25
8359,Ganganagar,Sriganganagar (F&V),Onion,Other,FAQ,2400,2800,2600,16-Jan-25
8360,Ganganagar,Sriganganagar (F&V),Onion,Other,FAQ,2500,2900,2700,06-Jan-25
8361,Virudhunagar,Srivilliputhur(Uzhavar Sandhai ),Onion,Bellary,Local,3500,4000,4000,30-Jan-25
8362,Virudhunagar,Srivilliputhur(Uzhavar Sandhai ),Onion,Bellary,Local,5500,6000,6000,17-Jan-25
8363,Amethi,Sultanpur,Onion,Red,FAQ,2250,2450,2300,16-Jan-25
8364,Coimbatore,Sulur(Uzhavar Sandhai ),Onion,Bellary,Local,4000,4600,4600,06-Jan-25
8365,Surat,Surat,Onion,Other,FAQ,1200,3000,2100,21-Jan-25
8366,Surat,Surat,Onion,Other,FAQ,1200,3000,2100,22-Jan-25
8367,Ganganagar,Suratgarh,Onion,1st Sort,FAQ,1500,1800,1600,07-Jan-25
8368,Samastipur,Tajpur,Onion,Medium,FAQ,2400,2500,2500,29-Jan-25
8369,Samastipur,Tajpur,Onion,Medium,FAQ,2400,2500,2500,31-Jan-25
8370,Bhavnagar,Taleja,Onion,Red,FAQ,680,2005,1345,02-Jan-25
8371,Bhavnagar,Taleja,Onion,Red,FAQ,800,2135,1470,11-Jan-25
8372,Bhavnagar,Taleja,Onion,Red,FAQ,970,2370,1670,21-Jan-25
8373,Ratlam,Ratlam,Onion,Onion,Non-FAQ,326,7001,2060,31-Jan-25
8374,Hanumangarh,Rawatsar,Onion,1st Sort,FAQ,2100,2100,2100,24-Jan-25
8375,Rayagada,Rayagada,Onion,Other,FAQ,3100,3200,3200,24-Jan-25
8376,Amritsar,Rayya,Onion,Red,FAQ,1800,1800,1800,23-Jan-25
8377,Amritsar,Rayya,Onion,Red,FAQ,2100,2100,2100,03-Jan-25
8378,Amritsar,Rayya,Onion,Red,FAQ,2400,2400,2400,30-Jan-25
8379,Rewari,Rewari,Onion,Medium,FAQ,1000,3200,2100,04-Jan-25
8380,Rewari,Rewari,Onion,Medium,Non-FAQ,1000,2400,1700,27-Jan-25
8381,Dehradoon,Rishikesh,Onion,Other,FAQ,2600,3000,2800,14-Jan-25
8382,Dehradoon,Rishikesh,Onion,Other,Non-FAQ,2250,2500,2300,30-Jan-25
8383,Shimla,Rohroo,Onion,1st Sort,FAQ,3000,3500,3000,02-Jan-25
8384,Shimla,Rohroo,Onion,1st Sort,FAQ,3000,3500,3000,06-Jan-25
8385,Shimla,Rohroo,Onion,1st Sort,FAQ,3000,3500,3000,20-Jan-25
8386,Shimla,Rohroo,Onion,1st Sort,Non-FAQ,3000,3200,3000,24-Jan-25
8387,Rohtak,Rohtak,Onion,Other,FAQ,800,1500,1200,09-Jan-25
8388,Rohtak,Rohtak,Onion,Other,FAQ,800,2500,1500,14-Jan-25
8389,Rohtak,Rohtak,Onion,Other,FAQ,1000,1800,1300,07-Jan-25
8390,Ropar (Rupnagar),Ropar,Onion,Other,FAQ,2200,2600,2400,28-Jan-25
8391,Ropar (Rupnagar),Ropar,Onion,Other,FAQ,2300,2900,2600,16-Jan-25
8392,Ropar (Rupnagar),Ropar,Onion,Other,FAQ,2500,3500,3000,10-Jan-25
8393,Coimbatore,RSPuram(Uzhavar Sandhai ),Onion,Bellary,Local,3300,3700,3700,13-Jan-25
8394,Coimbatore,RSPuram(Uzhavar Sandhai ),Onion,Bellary,Local,3300,3800,3800,17-Jan-25
8395,Coimbatore,RSPuram(Uzhavar Sandhai ),Onion,Bellary,Local,3800,4200,4200,03-Jan-25
8396,Ayodhya,Rudauli,Onion,Red,FAQ,2200,2400,2300,26-Jan-25
8397,UdhamSinghNagar,Rudrapur,Onion,Other,FAQ,1500,2500,2000,18-Jan-25
8398,UdhamSinghNagar,Rudrapur,Onion,Other,FAQ,2000,2500,2200,14-Jan-25
8399,UdhamSinghNagar,Rudrapur,Onion,Other,FAQ,2000,2600,2500,22-Jan-25
8400,UdhamSinghNagar,Rudrapur,Onion,Other,FAQ,2000,2800,2500,15-Jan-25
8401,Morena,Sabalgarh(F&V),Onion,Onion,FAQ,950,1000,975,16-Jan-25
8402,Medak,Sadasivpet,Onion,1st Sort,FAQ,509,2609,2369,03-Jan-25
8403,Medak,Sadasivpet,Onion,1st Sort,FAQ,629,2316,2229,11-Jan-25
8404,Yamuna Nagar,Sadhaura,Onion,Onion,FAQ,1800,2200,2000,02-Jan-25
8405,Jind,Safidon,Onion,Other,FAQ,1800,1800,1800,27-Jan-25
8406,Jind,Safidon,Onion,Other,FAQ,2000,2000,2000,18-Jan-25
8407,Jind,Safidon,Onion,Other,FAQ,2000,2000,2000,25-Jan-25
8408,Saharanpur,Saharanpur,Onion,Red,FAQ,2000,2500,2300,01-Feb-25
8409,Saharanpur,Saharanpur,Onion,Red,FAQ,2000,2600,2280,27-Jan-25
8410,Saharanpur,Saharanpur,Onion,Red,FAQ,2000,2650,2450,18-Jan-25
8411,Saharanpur,Saharanpur,Onion,Red,FAQ,2300,2700,2500,11-Jan-25
8412,Saharanpur,Saharanpur,Onion,Red,FAQ,2300,2700,2500,13-Jan-25
8413,Ludhiana,Sahnewal,Onion,Onion,FAQ,2700,2700,2700,03-Jan-25
8414,Ludhiana,Sahnewal,Onion,Onion,FAQ,2700,2700,2700,31-Jan-25
8415,Ludhiana,Sahnewal,Onion,Onion,FAQ,2700,2800,2800,09-Jan-25
8416,Ratlam,Sailana,Onion,Medium,FAQ,701,1901,1901,07-Jan-25
8417,Ratlam,Sailana,Onion,Medium,FAQ,1417,1417,1417,30-Jan-25
8418,Birbhum,Sainthia,Onion,Onion,FAQ,2400,2600,2500,02-Jan-25
8419,Birbhum,Sainthia,Onion,Onion,FAQ,2500,2700,2600,04-Jan-25
8420,Raebarelli,Salon,Onion,1st Sort,FAQ,2600,2615,2610,03-Jan-25
8421,Panipat,Samalkha,Onion,Local,FAQ,2000,3000,2000,08-Jan-25
8422,Panipat,Samalkha,Onion,Local,FAQ,2500,2500,2500,14-Jan-25
8423,Erode,Sampath Nagar(Uzhavar Sandhai ),Onion,Bellary,Local,4400,4800,4800,26-Jan-25
8424,Erode,Sampath Nagar(Uzhavar Sandhai ),Onion,Bellary,Local,4500,4800,4800,24-Jan-25
8425,Sant Kabir Nagar,Khalilabad,Onion,Red,FAQ,3000,3200,3100,17-Jan-25
8426,Anand,Khambhat(Veg Yard Khambhat),Onion,Other,FAQ,2200,2800,2500,17-Jan-25
8427,Shamli,Khandhla,Onion,Red,FAQ,2500,2600,2550,12-Jan-25
8428,Khandwa,Khandwa,Onion,Local,FAQ,600,1200,600,28-Jan-25
8429,Ludhiana,Khanna,Onion,Other,FAQ,1000,2500,1500,17-Jan-25
8430,Mohali,Kharar,Onion,Other,FAQ,3000,3500,3200,02-Jan-25
8431,Nuapada,Khariar Road,Onion,Other,FAQ,2500,3000,3000,10-Jan-25
8432,Nuapada,Khariar Road,Onion,Other,FAQ,3000,3500,3000,16-Jan-25
8433,Muzaffarnagar,Khatauli,Onion,Red,FAQ,800,1200,1000,04-Jan-25
8434,Muzaffarnagar,Khatauli,Onion,Red,FAQ,800,2000,1200,03-Jan-25
8435,Muzaffarnagar,Khatauli,Onion,Red,FAQ,1000,2000,1500,07-Jan-25
8436,Pune,Khed(Chakan),Onion,Other,FAQ,2000,3200,2500,23-Jan-25
8437,Baghpat,Khekda,Onion,Red,FAQ,1500,1700,1600,01-Jan-25
8438,Boudh,Khunthabandha,Onion,Other,FAQ,4000,6000,5000,02-Jan-25
8439,Boudh,Khunthabandha,Onion,Other,FAQ,4000,6000,5000,06-Jan-25
8440,Boudh,Khunthabandha,Onion,Other,Non-FAQ,3000,4000,3500,20-Jan-25
8441,Bulandshahar,Khurja,Onion,Red,FAQ,2000,2200,2100,31-Jan-25
8442,Rohtas,Kochas (Balthari),Onion,Medium,FAQ,2100,2300,2200,05-Jan-25
8443,Rohtas,Kochas (Balthari),Onion,Medium,FAQ,2200,2400,2300,10-Jan-25
8444,Rohtas,Kochas (Balthari),Onion,Medium,FAQ,2200,2400,2300,16-Jan-25
8445,Rohtas,Kochas (Balthari),Onion,Medium,FAQ,2200,2400,2300,21-Jan-25
8446,Rohtas,Kochas (Balthari),Onion,Medium,FAQ,2200,2400,2300,30-Jan-25
8447,Palakad,Koduvayoor,Onion,Big,FAQ,3000,3400,3200,01-Feb-25
8448,Palakad,Koduvayoor,Onion,Small,FAQ,5800,6200,6000,26-Jan-25
8449,Kolhapur,Kolhapur,Onion,Other,FAQ,1000,3300,2000,17-Jan-25
8450,Palakad,Kollengode,Onion,Big,FAQ,3500,3900,3700,29-Jan-25
8451,Jalaun (Orai),Konch,Onion,Red,FAQ,1350,1500,1400,11-Jan-25
8452,Malappuram,Kondotty,Onion,Other,FAQ,3600,3800,3700,24-Jan-25
8453,Malappuram,Kondotty,Onion,Other,FAQ,3900,4100,4000,01-Jan-25
8454,Mau(Maunathbhanjan),Kopaganj,Onion,Red,FAQ,2000,2300,2050,21-Jan-25
8455,Ahmednagar,Kopargaon,Onion,Red,FAQ,700,2805,2375,02-Jan-25
8456,Mathura,Kosikalan,Onion,Red,FAQ,2100,2200,2160,28-Jan-25
8457,Mathura,Kosikalan,Onion,Red,FAQ,2250,2360,2300,22-Jan-25
8458,Mathura,Kosikalan,Onion,Red,FAQ,2340,2390,2375,17-Jan-25
8459,Mathura,Kosikalan,Onion,Red,FAQ,2350,2400,2380,18-Jan-25
8460,Mathura,Kosikalan,Onion,Red,FAQ,2350,2410,2380,16-Jan-25
8461,Kota,Kota (F&V),Onion,Other,FAQ,200,2100,1150,12-Jan-25
8462,Kota,Kota (F&V),Onion,Other,FAQ,500,1800,1150,20-Jan-25
8463,Kota,Kota (F&V),Onion,Other,FAQ,500,2000,1250,18-Jan-25
8464,Kota,Kota (F&V),Onion,Other,FAQ,500,2500,1500,02-Jan-25
8465,Kotputli- Behror,Kotputli,Onion,Onion,FAQ,1400,1600,1500,24-Jan-25
8466,Kotputli- Behror,Kotputli,Onion,Onion,Non-FAQ,2250,2450,2350,19-Jan-25
8467,Malappuram,Kottakkal,Onion,Other,FAQ,3500,3700,3600,13-Jan-25
8468,Malappuram,Kottakkal,Onion,Other,FAQ,3600,3800,3700,01-Jan-25
8469,Kollam,Kottarakkara,Onion,Other,FAQ,5000,6000,5500,10-Jan-25
8470,Krishnagiri,Krishnagiri(Uzhavar Sandhai ),Onion,Bellary,Local,3500,4000,4000,20-Jan-25
8471,Krishnagiri,Krishnagiri(Uzhavar Sandhai ),Onion,Bellary,Local,4000,4500,4500,10-Jan-25
8472,Krishnagiri,Krishnagiri(Uzhavar Sandhai ),Onion,Bellary,Local,4000,4500,4500,21-Jan-25
8473,Ranga Reddy,Kukatpally(Rythu Bazar),Onion,1st Sort,FAQ,3900,3900,3900,09-Jan-25
8474,Karur,Kulithalai(Uzhavar Sandhai ),Onion,Bellary,Local,4000,5000,5000,08-Jan-25
8475,Karur,Kulithalai(Uzhavar Sandhai ),Onion,Bellary,Local,4000,5000,5000,13-Jan-25
8476,Karur,Kulithalai(Uzhavar Sandhai ),Onion,Bellary,Local,4000,5000,5000,14-Jan-25
8477,Bhavnagar,Taleja,Onion,Red,FAQ,1000,2340,1670,27-Jan-25
8478,Bhavnagar,Taleja,Onion,White,FAQ,1670,1670,1670,06-Jan-25
8479,Bhatinda,Talwandi Sabo,Onion,Other,FAQ,2200,3000,2300,10-Jan-25
8480,Thiruvannamalai,Tamarainagar(Uzhavar Sandhai ),Onion,Bellary,Local,4000,4500,4500,27-Jan-25
8481,Medinipur(E),Tamluk (Medinipur E),Onion,Onion,FAQ,2800,3200,3000,11-Jan-25
8482,Tarntaran,Tarantaran,Onion,Other,FAQ,2000,2200,2100,17-Jan-25
8483,Tarntaran,Tarantaran,Onion,Other,FAQ,2000,2200,2100,28-Jan-25
8484,Tarntaran,Tarantaran,Onion,Other,FAQ,2000,2500,2200,04-Jan-25
8485,Tarntaran,Tarantaran,Onion,Other,FAQ,2800,3200,3000,02-Jan-25
8486,Tenkasi,Tenkasi(Uzhavar Sandhai ),Onion,Bellary,Local,4000,4000,4000,25-Jan-25
8487,Tenkasi,Tenkasi(Uzhavar Sandhai ),Onion,Bellary,Local,4000,4000,4000,31-Jan-25
8488,Tenkasi,Tenkasi(Uzhavar Sandhai ),Onion,Bellary,Local,4000,4500,4500,29-Jan-25
8489,Tenkasi,Tenkasi(Uzhavar Sandhai ),Onion,Bellary,Local,4000,5000,5000,19-Jan-25
8490,Erode,Thalavadi(Uzhavar Sandhai ),Onion,Bellary,Local,3800,4200,4200,13-Jan-25
8491,Erode,Thalavadi(Uzhavar Sandhai ),Onion,Bellary,Local,4000,4400,4400,22-Jan-25
8492,Erode,Thalavadi(Uzhavar Sandhai ),Onion,Bellary,Local,4000,4500,4500,29-Jan-25
8493,Virudhunagar,Thalavaipuram(Uzhavar Sandhai ),Onion,Bellary,Local,4000,5000,5000,18-Jan-25
8494,Kottayam,Thalayolaparambu,Onion,Onion,FAQ,7500,8000,7700,06-Jan-25
8495,Kozhikode(Calicut),Thamarassery,Onion,Other,FAQ,2800,3400,3100,30-Jan-25
8496,Kozhikode(Calicut),Thamarassery,Onion,Other,FAQ,2900,4000,3200,21-Jan-25
8497,Salem,Thammampatti (Uzhavar Sandhai ),Onion,Bellary,Local,5000,5600,5600,14-Jan-25
8498,Salem,Thammampatti (Uzhavar Sandhai ),Onion,Bellary,Local,5500,6000,6000,03-Jan-25
8499,Salem,Thammampatti (Uzhavar Sandhai ),Onion,Bellary,Local,5500,6000,6000,10-Jan-25
8500,Shamli,Thanabhavan,Onion,Red,FAQ,2300,2500,2400,21-Jan-25
8501,Kurukshetra,Thanesar,Onion,Onion,FAQ,1500,2800,2200,17-Jan-25
8502,Kurukshetra,Thanesar,Onion,Onion,FAQ,1700,3000,2400,25-Jan-25
8503,Thanjavur,Thanjavur(Uzhavar Sandhai ),Onion,Bellary,Local,4400,4400,4400,18-Jan-25
8504,Thanjavur,Thanjavur(Uzhavar Sandhai ),Onion,Bellary,Local,4600,4600,4600,08-Jan-25
8505,Thanjavur,Thanjavur(Uzhavar Sandhai ),Onion,Bellary,Local,4600,4600,4600,30-Jan-25
8506,Salem,Thathakapatti(Uzhavar Sandhai ),Onion,Bellary,Local,5000,5500,5500,16-Jan-25
8507,Salem,Thathakapatti(Uzhavar Sandhai ),Onion,Bellary,Local,5000,6000,6000,03-Jan-25
8508,Salem,Thathakapatti(Uzhavar Sandhai ),Onion,Bellary,Local,5000,6000,6000,23-Jan-25
8509,Theni,Theni(Uzhavar Sandhai ),Onion,Bellary,Local,4000,4500,4500,25-Jan-25
8510,Madurai,Thirumangalam(Uzhavar Sandhai ),Onion,Bellary,Local,4500,5000,5000,26-Jan-25
8511,Madurai,Thirumangalam(Uzhavar Sandhai ),Onion,Bellary,Local,4500,5000,5000,31-Jan-25
8512,Madurai,Thirumangalam(Uzhavar Sandhai ),Onion,Bellary,Local,4500,5200,5200,05-Jan-25
8513,Vellore,Thirupathur,Onion,Bellary,Local,4500,4500,4500,04-Jan-25
8514,Malappuram,Thirurrangadi,Onion,Other,FAQ,3330,3400,3400,14-Jan-25
8515,Idukki,Thodupuzha,Onion,Big,FAQ,3800,4000,4000,07-Jan-25
8516,Idukki,Thodupuzha,Onion,Small,FAQ,7300,7500,7500,02-Jan-25
8517,Thoubal,Thoubal,Onion,Other,FAQ,6500,7000,6750,07-Jan-25
8518,Ernakulam,Thrippunithura,Onion,Big,FAQ,4000,4200,4000,17-Jan-25
8519,Thiruchirappalli,Thuraiyur,Onion,Bellary,Local,5000,5600,5600,11-Jan-25
8520,Shahjahanpur,Tilhar,Onion,Red,FAQ,2140,2240,2190,18-Jan-25
8521,Shahjahanpur,Tilhar,Onion,Red,FAQ,2210,2310,2260,26-Jan-25
8522,Villupuram,Tindivanam,Onion,Bellary,Local,4000,4000,4000,20-Jan-25
8523,Villupuram,Tindivanam,Onion,Bellary,Local,4000,5000,5000,10-Jan-25
8524,Namakkal,Tiruchengode,Onion,Bellary,Local,4500,5000,5000,21-Jan-25
8525,Namakkal,Tiruchengode,Onion,Bellary,Local,5000,6000,6000,03-Jan-25
8526,Madurai,Usilampatty,Onion,Bellary,Local,4500,5200,5200,21-Jan-25
8527,Madurai,Usilampatty,Onion,Bellary,Local,5000,5400,5400,02-Jan-25
8528,Kanpur,Uttaripura,Onion,Red,FAQ,2040,2240,2140,01-Feb-25
8529,Kanpur,Uttaripura,Onion,Red,FAQ,2200,2400,2300,25-Jan-25
8530,Kanpur,Uttaripura,Onion,Red,FAQ,2245,2445,2345,23-Jan-25
8531,Kanpur,Uttaripura,Onion,Red,FAQ,2270,2470,2370,08-Jan-25
8532,Nagercoil (Kannyiakumari),Vadaseri,Onion,Bellary,Local,4000,5000,5000,23-Jan-25
8533,Nagercoil (Kannyiakumari),Vadaseri,Onion,Bellary,Local,4800,5000,5000,24-Jan-25
8534,Kolhapur,Vadgaonpeth,Onion,Local,FAQ,2000,3500,3000,23-Jan-25
8535,Vadodara(Baroda),Vadodara(Sayajipura),Onion,Other,FAQ,1500,2800,2200,26-Jan-25
8536,Thiruvarur,Valangaiman,Onion,Bellary,Local,4000,4000,4000,29-Jan-25
8537,Thiruvarur,Valangaiman,Onion,Bellary,Local,4400,4400,4400,24-Jan-25
8538,Thiruvarur,Valangaiman,Onion,Bellary,Local,4600,4600,4600,09-Jan-25
8539,Thiruvananthapuram,Vamanapuram,Onion,Other,Non-FAQ,4500,5000,4500,24-Jan-25
8540,Idukki,Vandiperiyar,Onion,Big,FAQ,4000,4200,4200,20-Jan-25
8541,Idukki,Vandiperiyar,Onion,Big,FAQ,4600,4700,4700,07-Jan-25
8542,Idukki,Vandiperiyar,Onion,Small,FAQ,6500,6800,6800,18-Jan-25
8543,Thirupathur,Vaniyampadi(Uzhavar Sandhai ),Onion,Bellary,Local,4000,4000,4000,21-Jan-25
8544,Varanasi,Varanasi,Onion,Red,FAQ,2035,2150,2080,30-Jan-25
8545,Kanpur,Varipaal,Onion,Red,FAQ,1800,2000,1900,06-Jan-25
8546,Mumbai,Vashi New Mumbai,Onion,Other,Local,1000,3000,2000,28-Jan-25
8547,Dindigul,Vedasanthur(Uzhavar Sandhai ),Onion,Bellary,Local,4000,5000,5000,27-Jan-25
8548,Dindigul,Vedasanthur(Uzhavar Sandhai ),Onion,Bellary,Local,4000,5600,5600,05-Jan-25
8549,Karur,Velayuthampalayam(Uzhavar Sandhai ),Onion,Bellary,Local,4000,5000,5000,03-Jan-25
8550,Vellore,Vellore,Onion,Bellary,Local,4000,4400,4400,06-Jan-25
8551,Ballia,Vilthararoad,Onion,Other,FAQ,2400,2500,2450,03-Jan-25
8552,Pudukkottai,Viralimalai(Uzhavar Sandhai ),Onion,Bellary,Local,4500,5000,5000,29-Jan-25
8553,Pudukkottai,Viralimalai(Uzhavar Sandhai ),Onion,Bellary,Local,5000,6000,6000,11-Jan-25
8554,Pudukkottai,Viralimalai(Uzhavar Sandhai ),Onion,Bellary,Local,6000,6500,6500,21-Jan-25
8555,Virudhunagar,Virudhunagar(Uzhavar Sandhai ),Onion,Bellary,Local,4500,4600,4600,19-Jan-25
8556,Virudhunagar,Virudhunagar(Uzhavar Sandhai ),Onion,Bellary,Local,4500,4600,4600,27-Jan-25
8557,Virudhunagar,Virudhunagar(Uzhavar Sandhai ),Onion,Bellary,Local,4500,4700,4700,21-Jan-25
8558,Virudhunagar,Virudhunagar(Uzhavar Sandhai ),Onion,Bellary,Local,5000,6000,6000,10-Jan-25
8559,Junagarh,Visavadar,Onion,Onion,FAQ,670,1980,1325,02-Jan-25
8560,Pillibhit,Vishalpur,Onion,Red,FAQ,2170,2230,2200,05-Jan-25
8561,Sitapur,Viswan,Onion,Red,FAQ,2405,2445,2425,14-Jan-25
8562,Sitapur,Viswan,Onion,Red,FAQ,2430,2470,2450,15-Jan-25
8563,Thirssur,Wadakkanchery,Onion,Onion,FAQ,4700,4900,4900,22-Jan-25
8564,Badaun,Wazirganj,Onion,Red,FAQ,2150,2225,2200,16-Jan-25
8565,Badaun,Wazirganj,Onion,Red,FAQ,2200,2300,2250,14-Jan-25
8566,Yamuna Nagar,Yamuna Nagar,Onion,Other,FAQ,600,2400,1800,23-Jan-25
8567,Yamuna Nagar,Yamuna Nagar,Onion,Other,FAQ,700,3200,2400,01-Jan-25
8568,Jalgaon,Yawal,Onion,Red,FAQ,1225,1640,1450,07-Jan-25
8569,Jalgaon,Yawal,Onion,Red,FAQ,1240,1600,1310,17-Jan-25
8570,Ratlam,Ratlam,Onion,Onion,FAQ,300,2250,1800,16-Jan-25
8571,Ratlam,Ratlam,Onion,Onion,FAQ,616,2265,1901,28-Jan-25
8572,Ratlam,Ratlam,Onion,Onion,Non-FAQ,301,1901,1900,30-Jan-25
8573,Hanumangarh,Rawatsar,Onion,1st Sort,FAQ,1860,1900,1870,27-Jan-25
8574,Hanumangarh,Rawatsar,Onion,1st Sort,FAQ,2100,2100,2100,20-Jan-25
8575,Rayagada,Rayagada,Onion,Other,FAQ,3500,3600,3600,10-Jan-25
8576,Amritsar,Rayya,Onion,Red,FAQ,2600,2600,2600,07-Jan-25
8577,Sagar,Rehli,Onion,Onion,Non-FAQ,850,850,850,22-Jan-25
8578,Rewari,Rewari,Onion,Medium,FAQ,1000,2400,1700,02-Jan-25
8579,Rewari,Rewari,Onion,Medium,Non-FAQ,1000,2400,1700,23-Jan-25
8580,Dehradoon,Rishikesh,Onion,Other,FAQ,2600,3050,2800,09-Jan-25
8581,Dehradoon,Rishikesh,Onion,Other,Non-FAQ,2300,2600,2400,01-Feb-25
8582,Sonbhadra,Robertsganj,Onion,Red,FAQ,2460,2650,2540,09-Jan-25
8583,Sonbhadra,Robertsganj,Onion,Red,Non-FAQ,2060,2250,2170,24-Jan-25
8584,Shimla,Rohroo,Onion,1st Sort,FAQ,2500,3000,2500,22-Jan-25
8585,Shimla,Rohroo,Onion,1st Sort,FAQ,3000,3500,3000,25-Jan-25
8586,Shimla,Rohroo,Onion,1st Sort,FAQ,3800,4000,3800,07-Jan-25
8587,Rohtak,Rohtak,Onion,Other,FAQ,1000,2000,1500,02-Jan-25
8588,Rohtak,Rohtak,Onion,Other,FAQ,1500,2500,2000,31-Jan-25
8589,Haridwar,Roorkee,Onion,Other,FAQ,2000,4000,3000,01-Feb-25
8590,Haridwar,Roorkee,Onion,Other,FAQ,2000,4000,3000,09-Jan-25
8591,Haridwar,Roorkee,Onion,Other,FAQ,2000,4000,3000,12-Jan-25
8592,Haridwar,Roorkee,Onion,Other,FAQ,2000,4000,3000,14-Jan-25
8593,Ropar (Rupnagar),Ropar,Onion,Other,FAQ,2200,2600,2400,27-Jan-25
8594,Ropar (Rupnagar),Ropar,Onion,Other,FAQ,2500,3500,3000,08-Jan-25
8595,Coimbatore,RSPuram(Uzhavar Sandhai ),Onion,Bellary,Local,3400,3800,3800,18-Jan-25
8596,Ayodhya,Rudauli,Onion,Red,FAQ,2200,2400,2300,23-Jan-25
8597,UdhamSinghNagar,Rudrapur,Onion,Other,Non-FAQ,800,1200,900,25-Jan-25
8598,Morena,Sabalgarh(F&V),Onion,Onion,FAQ,1200,1500,1350,23-Jan-25
8599,Yamuna Nagar,Sadhaura,Onion,Onion,FAQ,1800,2200,2000,18-Jan-25
8600,Barabanki,Safdarganj,Onion,Red,FAQ,2100,2200,2150,01-Feb-25
8601,Barabanki,Safdarganj,Onion,Red,FAQ,2300,2400,2350,18-Jan-25
8602,Jind,Safidon,Onion,Other,FAQ,1000,1500,1200,10-Jan-25
8603,Jind,Safidon,Onion,Other,Non-FAQ,2000,2000,2000,31-Jan-25
8604,Saharanpur,Saharanpur,Onion,Red,FAQ,2000,2700,2500,05-Jan-25
8605,Saharanpur,Saharanpur,Onion,Red,FAQ,2150,2550,2350,20-Jan-25
8606,Saharanpur,Saharanpur,Onion,Red,FAQ,2200,2800,2500,07-Jan-25
8607,Siddharth Nagar,Sahiyapur,Onion,Red,FAQ,1500,1560,1510,17-Jan-25
8608,Siddharth Nagar,Sahiyapur,Onion,Red,FAQ,1700,1780,1710,08-Jan-25
8609,Ratlam,Sailana,Onion,Medium,FAQ,300,2026,1600,20-Jan-25
8610,Ratlam,Sailana,Onion,Medium,FAQ,350,1844,1600,15-Jan-25
8611,Ratlam,Sailana,Onion,Medium,FAQ,921,1900,1001,28-Jan-25
8612,Ratlam,Sailana,Onion,Medium,FAQ,1150,22501,1150,02-Jan-25
8613,Ratlam,Sailana,Onion,Medium,Non-FAQ,950,2201,2201,23-Jan-25
8614,Ratlam,Sailana(F&V),Onion,Local,FAQ,650,2201,1425,23-Jan-25
8615,Panipat,Samalkha,Onion,Local,FAQ,1600,1600,1600,18-Jan-25
8616,Panipat,Samalkha,Onion,Local,FAQ,2000,2000,2000,19-Jan-25
8617,Panipat,Samalkha,Onion,Local,FAQ,2000,2000,2000,27-Jan-25
8618,Panipat,Samalkha,Onion,Local,FAQ,2000,2000,2000,29-Jan-25
8619,Patiala,Samana,Onion,Other,Non-FAQ,1900,2300,2100,21-Jan-25
8620,Sambhal,Sambhal,Onion,Red,FAQ,1200,1400,1350,24-Jan-25
8621,Sambhal,Sambhal,Onion,Red,FAQ,1200,1520,1400,01-Feb-25
8622,Sambhal,Sambhal,Onion,Red,FAQ,2000,2200,2050,05-Jan-25
8623,Thirupur,Tiruppur (North) (Uzhavar Sandhai ),Onion,Bellary,Local,3400,3800,3800,09-Jan-25
8624,Thirupur,Tiruppur (North) (Uzhavar Sandhai ),Onion,Bellary,Local,3400,3800,3800,11-Jan-25
8625,Thirupur,Tiruppur (North) (Uzhavar Sandhai ),Onion,Bellary,Local,3500,4000,4000,31-Jan-25
8626,Thirupur,Tiruppur (North) (Uzhavar Sandhai ),Onion,Bellary,Local,3600,4000,4000,06-Jan-25
8627,Thirupur,Tiruppur (South) (Uzhavar Sandhai ),Onion,Bellary,Local,3000,3500,3500,06-Jan-25
8628,Thirupur,Tiruppur (South) (Uzhavar Sandhai ),Onion,Bellary,Local,3500,4000,4000,24-Jan-25
8629,Thirupur,Tiruppur (South) (Uzhavar Sandhai ),Onion,Bellary,Local,3500,4000,4000,25-Jan-25
8630,Thiruvellore,Tiruvallur(Uzhavar Sandhai ),Onion,Bellary,Local,3500,3500,3500,30-Jan-25
8631,Thiruvellore,Tiruvallur(Uzhavar Sandhai ),Onion,Bellary,Local,4600,4600,4600,17-Jan-25
8632,Thiruvellore,Tiruvallur(Uzhavar Sandhai ),Onion,Bellary,Local,4600,4600,4600,20-Jan-25
8633,Thiruvellore,Tiruvallur(Uzhavar Sandhai ),Onion,Bellary,Local,4600,4600,4600,25-Jan-25
8634,Thiruvannamalai,Tiruvannamalai(Uzhavar Sandhai ),Onion,Bellary,Local,4000,5000,5000,05-Jan-25
8635,Thiruvannamalai,Tiruvannamalai(Uzhavar Sandhai ),Onion,Bellary,Local,4000,5000,5000,15-Jan-25
8636,Thiruvannamalai,Tiruvannamalai(Uzhavar Sandhai ),Onion,Bellary,Local,4500,5000,5000,18-Jan-25
8637,Thiruvarur,Tiruvarur(Uzhavar Sandhai ),Onion,Bellary,Local,4000,5000,5000,01-Jan-25
8638,Thiruvarur,Tiruvarur(Uzhavar Sandhai ),Onion,Bellary,Local,4000,5000,5000,29-Jan-25
8639,Thiruvarur,Tiruvarur(Uzhavar Sandhai ),Onion,Bellary,Local,4000,6000,6000,16-Jan-25
8640,Thiruvarur,Tiruvarur(Uzhavar Sandhai ),Onion,Bellary,Local,4400,6000,6000,21-Jan-25
8641,Fatehabad,Tohana(New Veg Market),Onion,Onion,FAQ,2500,2500,2500,13-Jan-25
8642,Balrampur,Tulsipur,Onion,Red,FAQ,2500,2550,2530,20-Jan-25
8643,Firozabad,Tundla,Onion,Red,FAQ,2835,2870,2850,02-Jan-25
8644,Tuticorin,Tuticorin(Uzhavar Sandhai ),Onion,Bellary,Local,4500,5000,5000,22-Jan-25
8645,Tuticorin,Tuticorin(Uzhavar Sandhai ),Onion,Bellary,Local,4500,5000,5000,26-Jan-25
8646,Tuticorin,Tuticorin(Uzhavar Sandhai ),Onion,Bellary,Local,4500,5000,5000,27-Jan-25
8647,Udaipur,Udaipur (F&V),Onion,Other,FAQ,1000,2500,1750,06-Jan-25
8648,Mayurbhanja,Udala,Onion,Onion,FAQ,3400,3600,3500,30-Jan-25
8649,Mayurbhanja,Udala,Onion,Onion,FAQ,3700,3800,3700,04-Jan-25
8650,The Nilgiris,Udhagamandalam(Uzhavar Sandhai ),Onion,Bellary,Local,4500,4800,4800,06-Jan-25
8651,The Nilgiris,Udhagamandalam(Uzhavar Sandhai ),Onion,Bellary,Local,4500,4800,4800,30-Jan-25
8652,The Nilgiris,Udhagamandalam(Uzhavar Sandhai ),Onion,Bellary,Local,4500,5000,5000,26-Jan-25
8653,Udhampur,Udhampur,Onion,Other,FAQ,2400,2800,2600,14-Jan-25
8654,Coimbatore,Udumalpet,Onion,Bellary,Local,3600,4500,4500,01-Feb-25
8655,Coimbatore,Udumalpet,Onion,Bellary,Local,4500,5000,5000,04-Jan-25
8656,Udupi,Udupi,Onion,Onion,FAQ,3200,3600,3400,10-Jan-25
8657,Ujjain,Ujjain,Onion,Onion,FAQ,1933,2600,2600,02-Jan-25
8658,Hissar,Uklana,Onion,Onion,FAQ,2000,2200,2200,11-Jan-25
8659,Hissar,Uklana,Onion,Onion,FAQ,2000,2200,2200,15-Jan-25
8660,Howrah,Uluberia,Onion,Other,FAQ,3200,3600,3400,11-Jan-25
8661,Howrah,Uluberia,Onion,Other,FAQ,3200,3800,3400,18-Jan-25
8662,Villupuram,Ulundurpettai,Onion,Bellary,Local,4000,5000,5000,23-Jan-25
8663,Nashik,Umrane,Onion,Red,FAQ,700,2451,1900,09-Jan-25
8664,Una,Una,Onion,Onion,FAQ,2800,3400,3100,11-Jan-25
8665,Unnao,Unnao,Onion,Red,FAQ,2375,2500,2425,10-Jan-25
8666,Unnao,Unnao,Onion,Red,FAQ,2625,2725,2675,06-Jan-25
8667,Madurai,Usilampatty,Onion,Bellary,Local,4500,5000,5000,12-Jan-25
8668,Madurai,Usilampatty,Onion,Bellary,Local,4500,5000,5000,13-Jan-25
8669,Madurai,Usilampatty,Onion,Bellary,Local,4800,5000,5000,30-Jan-25
8670,Kanpur,Uttaripura,Onion,Red,FAQ,2680,2880,2780,03-Jan-25
8671,Palakad,Vadakkenchery,Onion,Big,FAQ,4500,5000,4750,29-Jan-25
8672,Palakad,Vadakkenchery,Onion,Big,FAQ,5000,5500,5250,07-Jan-25
8673,Nagercoil (Kannyiakumari),Vadaseri,Onion,Bellary,Local,5000,5500,5500,01-Jan-25
8674,Nagercoil (Kannyiakumari),Vadaseri,Onion,Bellary,Local,5000,5500,5500,07-Jan-25
8675,Nagercoil (Kannyiakumari),Vadaseri,Onion,Bellary,Local,5000,5500,5500,08-Jan-25
8676,Nagercoil (Kannyiakumari),Vadaseri,Onion,Bellary,Local,5000,5500,5500,13-Jan-25
8677,Coimbatore,Vadavalli(Uzhavar Sandhai ),Onion,Bellary,Local,3800,4200,4200,11-Jan-25
8678,Kolhapur,Vadgaonpeth,Onion,Local,FAQ,2500,3000,2800,19-Jan-25
8679,Kolhapur,Vadgaonpeth,Onion,Local,Local,2200,3500,2600,25-Jan-25
8680,Surendranagar,Vadhvan,Onion,Onion,FAQ,1500,2500,2000,31-Jan-25
8681,Vadodara(Baroda),Vadodara(Sayajipura),Onion,Other,FAQ,1500,2800,2200,24-Jan-25
8682,Vadodara(Baroda),Vadodara(Sayajipura),Onion,Other,FAQ,1500,2800,2200,25-Jan-25
8683,Satara,Vai,Onion,Local,FAQ,1500,3500,3000,11-Jan-25
8684,Satara,Vai,Onion,Local,FAQ,2000,5000,3000,08-Jan-25
8685,Chattrapati Sambhajinagar,Vaijpur,Onion,Red,FAQ,500,2405,1900,17-Jan-25
8686,Thiruvarur,Valangaiman,Onion,Bellary,Local,5600,5600,5600,12-Jan-25
8687,Thiruvananthapuram,Vamanapuram,Onion,Other,FAQ,5000,5500,5500,13-Jan-25
8688,Thiruvananthapuram,Vamanapuram,Onion,Other,Non-FAQ,4500,5000,4500,28-Jan-25
8689,Thiruvananthapuram,Vamanapuram,Onion,Other,Non-FAQ,4500,5000,5000,16-Jan-25
8690,Thiruvananthapuram,Vamanapuram,Onion,Other,Non-FAQ,4500,5000,5000,22-Jan-25
8691,Thiruvananthapuram,Vamanapuram,Onion,Other,Non-FAQ,4500,5000,5000,27-Jan-25
8692,Idukki,Vandiperiyar,Onion,Big,FAQ,4200,4400,4400,24-Jan-25
8693,Idukki,Vandiperiyar,Onion,Big,FAQ,4200,4400,4400,25-Jan-25
8694,Idukki,Vandiperiyar,Onion,Big,FAQ,4400,4500,4500,11-Jan-25
8695,Idukki,Vandiperiyar,Onion,Big,FAQ,4400,4500,4500,14-Jan-25
8696,Thirupathur,Vaniyampadi(Uzhavar Sandhai ),Onion,Bellary,Local,4000,4000,4000,01-Feb-25
8697,Mumbai,Vashi New Mumbai,Onion,Other,FAQ,1200,3200,2200,23-Jan-25
8698,Mumbai,Vashi New Mumbai,Onion,Other,Local,1000,31000,2050,27-Jan-25
8699,Karur,Velayuthampalayam(Uzhavar Sandhai ),Onion,Bellary,Local,4000,5000,5000,02-Jan-25
8700,Vellore,Vellore,Onion,Bellary,Local,4000,4200,4200,15-Jan-25
8701,Vellore,Vellore,Onion,Bellary,Local,4000,4200,4200,18-Jan-25
8702,Vellore,Vellore,Onion,Bellary,Local,4000,4400,4400,21-Jan-25
8703,Kozhikode(Calicut),Vengeri(Kozhikode),Onion,Onion,FAQ,2900,3200,3200,16-Jan-25
8704,Dehradoon,Vikasnagar,Onion,Other,Non-FAQ,1200,1600,1600,29-Jan-25
8705,Pudukkottai,Viralimalai(Uzhavar Sandhai ),Onion,Bellary,Local,4200,5000,5000,14-Jan-25
8706,Pudukkottai,Viralimalai(Uzhavar Sandhai ),Onion,Bellary,Local,4200,5000,5000,27-Jan-25
8707,Pudukkottai,Viralimalai(Uzhavar Sandhai ),Onion,Bellary,Local,4500,5000,5000,02-Jan-25
8708,Virudhunagar,Virudhunagar(Uzhavar Sandhai ),Onion,Bellary,Local,3700,4500,4500,31-Jan-25
8709,Cuddalore,Viruthachalam(Uzhavar Sandhai ),Onion,Bellary,Local,4000,4000,4000,06-Jan-25
8710,Cuddalore,Viruthachalam(Uzhavar Sandhai ),Onion,Bellary,Local,4000,4000,4000,20-Jan-25
8711,Junagarh,Visavadar,Onion,Onion,FAQ,555,1605,1080,29-Jan-25
8712,Junagarh,Visavadar,Onion,Onion,FAQ,675,2055,1365,08-Jan-25
8713,Pillibhit,Vishalpur,Onion,Red,FAQ,2185,2235,2210,14-Jan-25
8714,Pillibhit,Vishalpur,Onion,Red,FAQ,2215,2265,2245,12-Jan-25
8715,Pillibhit,Vishalpur,Onion,Red,FAQ,2220,2275,2250,08-Jan-25
8716,Sitapur,Viswan,Onion,Red,FAQ,2520,2560,2540,04-Jan-25
8717,Sangli,Vita,Onion,Other,FAQ,2500,3300,3000,23-Jan-25
8718,Thirssur,Wadakkanchery,Onion,Onion,FAQ,4000,4500,4500,28-Jan-25
8719,Thirssur,Wadakkanchery,Onion,Onion,FAQ,4500,4800,4800,09-Jan-25
8720,Aligarh,Khair,Onion,Red,FAQ,1800,2500,2000,13-Jan-25
8721,Aligarh,Khair,Onion,Red,FAQ,2400,2600,2500,07-Jan-25
8722,Aligarh,Khair,Onion,Red,FAQ,2800,3200,3000,05-Jan-25
8723,Shamli,Khandhla,Onion,Red,FAQ,2100,2250,2150,07-Jan-25
8724,Shamli,Khandhla,Onion,Red,Non-FAQ,2700,2800,2750,24-Jan-25
8725,Khandwa,Khandwa,Onion,Local,FAQ,600,1500,1200,29-Jan-25
8726,Ludhiana,Khanna,Onion,Other,FAQ,1000,2500,1500,21-Jan-25
8727,Ludhiana,Khanna,Onion,Other,FAQ,1200,2000,1500,09-Jan-25
8728,Mohali,Kharar,Onion,Other,FAQ,2400,2800,2700,17-Jan-25
8729,Mohali,Kharar,Onion,Other,FAQ,2500,2800,2700,26-Jan-25
8730,Nuapada,Khariar,Onion,Dry F.A.Q.,Non-FAQ,3000,3500,3000,21-Jan-25
8731,Nuapada,Khariar Road,Onion,Other,FAQ,2500,3000,3000,11-Jan-25
8732,Nuapada,Khariar Road,Onion,Other,Non-FAQ,3000,3500,3000,21-Jan-25
8733,Nuapada,Khariar Road,Onion,Other,Non-FAQ,3000,4000,3000,20-Jan-25
8734,Muzaffarnagar,Khatauli,Onion,Red,FAQ,1000,2000,1200,10-Jan-25
8735,UdhamSinghNagar,Khateema,Onion,Other,FAQ,1800,2200,1900,26-Jan-25
8736,UdhamSinghNagar,Khateema,Onion,Other,FAQ,2000,2200,2100,03-Jan-25
8737,UdhamSinghNagar,Khateema,Onion,Other,FAQ,2300,2500,2400,22-Jan-25
8738,Pune,Khed(Chakan),Onion,Other,FAQ,1500,3500,3000,01-Jan-25
8739,Baghpat,Khekda,Onion,Red,FAQ,1800,2200,2000,28-Jan-25
8740,Baghpat,Khekda,Onion,Red,FAQ,2100,2300,2200,13-Jan-25
8741,Boudh,Khunthabandha,Onion,Other,FAQ,3500,5000,4000,07-Jan-25
8742,Bulandshahar,Khurja,Onion,Red,FAQ,1920,2220,2120,28-Jan-25
8743,Bulandshahar,Khurja,Onion,Red,FAQ,2025,2225,2125,27-Jan-25
8744,Bulandshahar,Khurja,Onion,Red,FAQ,2300,2500,2400,10-Jan-25
8745,UdhamSinghNagar,Kicchha,Onion,Other,FAQ,1600,1800,1700,11-Jan-25
8746,Rohtas,Kochas (Balthari),Onion,Medium,FAQ,2200,2400,2300,07-Jan-25
8747,Rohtas,Kochas (Balthari),Onion,Medium,FAQ,2200,2400,2300,27-Jan-25
8748,Palakad,Koduvayoor,Onion,Big,FAQ,3200,3600,3400,12-Jan-25
8749,Palakad,Koduvayoor,Onion,Small,FAQ,5800,6200,6000,27-Jan-25
8750,Palakad,Koduvayoor,Onion,Small,FAQ,10000,10400,10200,20-Jan-25
8751,Shivpuri,Kolaras(F&V),Onion,Onion,Non-FAQ,1300,1600,1500,28-Jan-25
8752,Kolhapur,Kolhapur,Onion,Other,FAQ,1000,3400,2000,18-Jan-25
8753,Palakad,Kollengode,Onion,Big,FAQ,3500,3900,3700,07-Jan-25
8754,Malappuram,Kondotty,Onion,Other,FAQ,3400,3600,3500,15-Jan-25
8755,Malappuram,Kondotty,Onion,Other,FAQ,3700,4900,3800,28-Jan-25
8756,Mau(Maunathbhanjan),Kopaganj,Onion,Red,FAQ,2000,2200,2100,07-Jan-25
8757,Mau(Maunathbhanjan),Kopaganj,Onion,Red,FAQ,2000,2200,2100,29-Jan-25
8758,Mau(Maunathbhanjan),Kopaganj,Onion,Red,FAQ,2000,2200,2100,31-Jan-25
8759,Mau(Maunathbhanjan),Kopaganj,Onion,Red,FAQ,2100,2300,2200,27-Jan-25
8760,Ahmednagar,Kopargaon,Onion,Red,FAQ,1000,2800,2325,06-Jan-25
8761,Mathura,Kosikalan,Onion,Red,FAQ,2040,2130,2080,30-Jan-25
8762,Kota,Kota (F&V),Onion,Other,FAQ,500,2000,1250,31-Jan-25
8763,Garhwal (Pauri),Kotadwara,Onion,Other,FAQ,2100,2500,2300,27-Jan-25
8764,Ernakulam,Kothamangalam,Onion,Big,FAQ,3000,4000,3500,03-Jan-25
8765,Ernakulam,Kothamangalam,Onion,Big,FAQ,3000,4000,3500,28-Jan-25
8766,Malappuram,Kottakkal,Onion,Other,FAQ,3000,3200,3100,16-Jan-25
8767,Malappuram,Kottakkal,Onion,Other,FAQ,3600,3800,3700,12-Jan-25
8768,Malappuram,Kottakkal,Onion,Other,FAQ,3600,3800,3700,28-Jan-25
8769,Malappuram,Kottakkal,Onion,Other,FAQ,3800,4000,3900,09-Jan-25
8770,Malappuram,Kottakkal,Onion,Other,FAQ,4000,4200,4100,07-Jan-25
8771,Kollam,Kottarakkara,Onion,Other,FAQ,4800,5500,5000,16-Jan-25
8772,Karur,Kulithalai(Uzhavar Sandhai ),Onion,Bellary,Local,4000,5000,5000,22-Jan-25
8773,Namakkal,Kumarapalayam(Uzhavar Sandhai ),Onion,Bellary,Local,4000,5000,5000,01-Feb-25
8774,Namakkal,Kumarapalayam(Uzhavar Sandhai ),Onion,Bellary,Local,4000,5000,5000,09-Jan-25
8775,Namakkal,Kumarapalayam(Uzhavar Sandhai ),Onion,Bellary,Local,4500,5500,5500,05-Jan-25
8776,Thanjavur,Kumbakonam (Uzhavar Sandhai ),Onion,Bellary,Local,3600,4800,4800,01-Jan-25
8777,Thanjavur,Kumbakonam (Uzhavar Sandhai ),Onion,Bellary,Local,3600,4800,4800,29-Jan-25
8778,Mohali,Kurali,Onion,Other,FAQ,2600,2800,2700,20-Jan-25
8779,Sholapur,Kurdwadi(Modnimb),Onion,Red,FAQ,200,3100,1800,06-Jan-25
8780,Coimbatore,Kurichi(Uzhavar Sandhai ),Onion,Bellary,Local,3800,4200,4200,10-Jan-25
8781,Kurnool,Kurnool,Onion,Local,FAQ,787,2459,2289,25-Jan-25
8782,Kurnool,Kurnool,Onion,Local,FAQ,1024,2180,1287,01-Feb-25
8783,Kottayam,Kuruppanthura,Onion,Onion,FAQ,8000,9000,8500,09-Jan-25
8784,Kottayam,Kuruppanthura,Onion,Onion,FAQ,8500,9000,8900,03-Jan-25
8785,Kurukshetra,Ladwa,Onion,Onion,FAQ,2000,2800,2400,08-Jan-25
8786,Kurukshetra,Ladwa,Onion,Onion,Non-FAQ,2000,2000,2000,31-Jan-25
8787,Lakhimpur,Lakhimpur,Onion,Red,FAQ,2150,2230,2180,27-Jan-25
8788,Raebarelli,Lalganj,Onion,Red,FAQ,2200,2300,2250,29-Jan-25
8789,Raebarelli,Lalganj,Onion,Red,FAQ,2250,2350,2300,23-Jan-25
8790,Thiruchirappalli,Lalgudi(Uzhavar Sandhai ),Onion,Bellary,Local,4000,5600,5600,17-Jan-25
8791,Thiruchirappalli,Lalgudi(Uzhavar Sandhai ),Onion,Bellary,Local,4000,5600,5600,27-Jan-25
8792,Thiruchirappalli,Lalgudi(Uzhavar Sandhai ),Onion,Bellary,Local,4600,6000,6000,04-Jan-25
8793,Thiruchirappalli,Lalgudi(Uzhavar Sandhai ),Onion,Bellary,Local,5600,5600,5600,30-Jan-25
8794,Lalitpur,Lalitpur,Onion,Red,FAQ,1920,2000,1970,25-Jan-25
8795,Imphal East,Lamlong Bazaar,Onion,Other,FAQ,4000,5000,4500,21-Jan-25
8796,Imphal East,Lamlong Bazaar,Onion,Other,FAQ,4000,5000,4500,22-Jan-25
8797,Nashik,Lasalgaon,Onion,Red,FAQ,800,2500,2000,14-Jan-25
8798,Nashik,Lasalgaon,Onion,Red,FAQ,900,2471,2150,17-Jan-25
8799,Nashik,Lasalgaon,Onion,Red,FAQ,1000,2860,2300,22-Jan-25
8800,Nashik,Lasalgaon(Niphad),Onion,Red,FAQ,800,2145,1800,11-Jan-25
8801,Nashik,Lasalgaon(Niphad),Onion,Red,FAQ,1042,2510,2250,08-Jan-25
8802,Nashik,Lasalgaon(Niphad),Onion,Red,FAQ,1100,2770,2475,24-Jan-25
8803,Nashik,Lasalgaon(Vinchur),Onion,Red,FAQ,1000,2552,2350,22-Jan-25
8804,Nashik,Lasalgaon(Vinchur),Onion,Red,FAQ,1000,2711,2400,24-Jan-25
8805,Chattrapati Sambhajinagar,Lasur Station,Onion,Other,FAQ,500,2015,1300,13-Jan-25
8806,Sholapur,Laxmi Sopan Agriculture Produce Marketing Co Ltd,Onion,Other,FAQ,500,3500,2400,23-Jan-25
8807,Sholapur,Laxmi Sopan Agriculture Produce Marketing Co Ltd,Onion,Other,FAQ,600,3500,2300,21-Jan-25
8808,Sangrur,Lehra Gaga,Onion,Other,FAQ,1800,2000,1800,29-Jan-25
8809,Satara,Lonand,Onion,Other,FAQ,900,2900,1500,09-Jan-25
8810,Satara,Lonand,Onion,Other,FAQ,1000,2600,2000,13-Jan-25
8811,Satara,Lonand,Onion,Red,FAQ,800,2700,1500,09-Jan-25
8812,Satara,Lonand,Onion,Red,FAQ,800,2800,1300,06-Jan-25
8813,Lucknow,Lucknow,Onion,Red,FAQ,2300,2400,2350,23-Jan-25
8814,Lucknow,Lucknow,Onion,Red,FAQ,2350,2450,2400,17-Jan-25
8815,Lucknow,Lucknow,Onion,Red,FAQ,2450,2550,2500,03-Jan-25
8816,Lucknow,Lucknow,Onion,Red,Non-FAQ,1950,2050,2000,30-Jan-25
8817,Ludhiana,Ludhiana,Onion,Other,FAQ,700,2200,1900,30-Jan-25
8818,Hardoi,Madhoganj,Onion,Red,FAQ,2280,2350,2310,24-Jan-25
8819,Hardoi,Madhoganj,Onion,Red,FAQ,2300,2350,2330,20-Jan-25
8820,Chengalpattu,Madhuranthagam(Uzhavar Sandhai ),Onion,Bellary,Local,4500,5000,5000,05-Jan-25
8821,Panipat,Madlauda,Onion,Other,FAQ,2000,2000,2000,23-Jan-25
8822,Badaun,Wazirganj,Onion,Red,FAQ,2150,2250,2200,18-Jan-25
8823,Badaun,Wazirganj,Onion,Red,FAQ,2200,2250,2225,28-Jan-25
8824,Badaun,Wazirganj,Onion,Red,FAQ,2200,2250,2225,31-Jan-25
8825,Yamuna Nagar,Yamuna Nagar,Onion,Other,FAQ,600,2400,1800,31-Jan-25
8826,Yamuna Nagar,Yamuna Nagar,Onion,Other,FAQ,700,2800,2000,09-Jan-25
8827,Jalgaon,Yawal,Onion,Red,Local,1210,1600,1310,30-Jan-25
8828,Nashik,Yeola,Onion,Red,FAQ,500,2581,2100,20-Jan-25
8829,Nashik,Yeola,Onion,Red,Local,400,2496,1900,30-Jan-25
8830,Ferozpur,Zira,Onion,Local,FAQ,2400,2600,2500,23-Jan-25
8831,Ferozpur,Zira,Onion,Local,FAQ,2500,2700,2600,27-Jan-25
8832,Erode,Sampath Nagar(Uzhavar Sandhai ),Onion,Bellary,Local,4500,4800,4800,25-Jan-25
8833,Rohtak,Sampla,Onion,Other,FAQ,2000,2000,2000,23-Jan-25
8834,Rohtak,Sampla,Onion,Other,FAQ,3000,3000,3000,18-Jan-25
8835,Ludhiana,Samrala,Onion,Other,FAQ,2000,2300,2100,10-Jan-25
8836,Malda,Samsi,Onion,Onion,FAQ,2500,3000,2700,13-Jan-25
8837,Khandwa,Sanawad(F&V),Onion,Onion,FAQ,2000,3000,2500,12-Jan-25
8838,Sanchore,Sanchore,Onion,Other,FAQ,2000,3000,2500,01-Feb-25
8839,Hardoi,Sandi,Onion,Pusa-Red,FAQ,2180,2260,2220,29-Jan-25
8840,Hardoi,Sandi,Onion,Pusa-Red,FAQ,2240,2300,2265,28-Jan-25
8841,Hardoi,Sandi,Onion,Pusa-Red,FAQ,2250,2330,2300,22-Jan-25
8842,Hardoi,Sandi,Onion,Pusa-Red,FAQ,2300,2400,2345,18-Jan-25
8843,Hardoi,Sandila,Onion,Red,FAQ,2220,2300,2260,28-Jan-25
8844,Hardoi,Sandila,Onion,Red,FAQ,2250,2350,2300,24-Jan-25
8845,Hardoi,Sandila,Onion,Red,FAQ,2300,2380,2340,18-Jan-25
8846,Sangli,"Sangli(Phale, Bhajipura Market)",Onion,Local,FAQ,500,2800,1650,10-Jan-25
8847,Sangli,"Sangli(Phale, Bhajipura Market)",Onion,Local,FAQ,500,2800,1650,16-Jan-25
8848,Sangli,"Sangli(Phale, Bhajipura Market)",Onion,Local,Local,1000,2500,1750,01-Feb-25
8849,Sangli,"Sangli(Phale, Bhajipura Market)",Onion,Local,Local,1000,3000,2000,28-Jan-25
8850,Hanumangarh,Sangriya,Onion,Onion,FAQ,2100,3400,2800,24-Jan-25
8851,Sangrur,Sangrur,Onion,Onion,FAQ,2200,2800,2500,25-Jan-25
8852,Tenkasi,Sankarankoil(Uzhavar Sandhai ),Onion,Bellary,Local,4000,5000,5000,13-Jan-25
8853,Tenkasi,Sankarankoil(Uzhavar Sandhai ),Onion,Bellary,Local,4000,5000,5000,18-Jan-25
8854,Tenkasi,Sankarankoil(Uzhavar Sandhai ),Onion,Bellary,Local,5000,6000,6000,07-Jan-25
8855,Kallakuruchi,Sankarapuram(Uzhavar Sandhai ),Onion,Bellary,Local,4000,5000,5000,26-Jan-25
8856,Una,Santoshgarh,Onion,Onion,FAQ,2600,3000,2800,15-Jan-25
8857,Rajgarh,Sarangpur,Onion,Local,FAQ,800,1300,900,21-Jan-25
8858,Sundergarh,Sargipali,Onion,Other,Non-FAQ,2500,3000,2700,23-Jan-25
8859,Sundergarh,Sargipali,Onion,Other,Non-FAQ,2500,3000,2800,20-Jan-25
8860,Rohtas,Sasaram,Onion,Medium,FAQ,2300,2700,2500,03-Jan-25
8861,Satara,Satara,Onion,Other,FAQ,1000,3300,2100,07-Jan-25
8862,Erode,Sathiyamagalam(Uzhavar Sandhai ),Onion,Bellary,Local,4000,4500,4500,28-Jan-25
8863,Erode,Sathiyamagalam(Uzhavar Sandhai ),Onion,Bellary,Local,4000,4600,4600,24-Jan-25
8864,Gorakhpur,Sehjanwa,Onion,Red,FAQ,3190,3205,3200,26-Jan-25
8865,Sehore,Sehore,Onion,Onion,FAQ,1599,1899,1899,23-Jan-25
8866,Hathras,Shadabad,Onion,Red,FAQ,2100,2200,2150,21-Jan-25
8867,Hathras,Shadabad,Onion,Red,FAQ,3100,3200,3150,17-Jan-25
8868,Kurukshetra,Shahabad,Onion,Onion,FAQ,1600,2700,2500,18-Jan-25
8869,Kurukshetra,Shahabad,Onion,Onion,FAQ,1800,2500,2000,27-Jan-25
8870,Kurukshetra,Shahabad,Onion,Onion,FAQ,2000,2800,2500,10-Jan-25
8871,Kurukshetra,Shahabad,Onion,Onion,Non-FAQ,1800,2200,2100,01-Feb-25
8872,Hardoi,Shahabad(New Mandi),Onion,Red,FAQ,2150,2250,2200,31-Jan-25
8873,Hardoi,Shahabad(New Mandi),Onion,Red,FAQ,2250,2350,2300,27-Jan-25
8874,Jaunpur,Shahganj,Onion,Red,FAQ,2100,2250,2150,27-Jan-25
8875,Shahjahanpur,Shahjahanpur,Onion,Red,FAQ,2215,2340,2280,04-Jan-25
8876,Shajapur,Shajapur,Onion,Medium,FAQ,400,2085,1897,22-Jan-25
8877,Shajapur,Shajapur,Onion,Medium,FAQ,410,2100,1993,31-Jan-25
8878,Shajapur,Shajapur,Onion,Medium,FAQ,419,1940,1756,17-Jan-25
8879,Shajapur,Shajapur,Onion,Onion,FAQ,1832,1996,1996,20-Jan-25
8880,Mandsaur,Shamgarh,Onion,Onion,FAQ,100,2560,2560,02-Jan-25
8881,Mandsaur,Shamgarh,Onion,Onion,FAQ,320,1800,1500,21-Jan-25
8882,Shamli,Shamli,Onion,Red,FAQ,2280,2400,2335,20-Jan-25
8883,Shamli,Shamli,Onion,Red,FAQ,2650,2750,2700,02-Jan-25
8884,Sambhal,Sambhal,Onion,Red,FAQ,2000,2300,2250,02-Jan-25
8885,Sambhal,Sambhal,Onion,Red,FAQ,2000,2350,2050,18-Jan-25
8886,Sambhal,Sambhal,Onion,Red,FAQ,2000,2400,2250,06-Jan-25
8887,Erode,Sampath Nagar(Uzhavar Sandhai ),Onion,Bellary,Local,4200,4600,4600,20-Jan-25
8888,Erode,Sampath Nagar(Uzhavar Sandhai ),Onion,Bellary,Local,4200,4800,4800,23-Jan-25
8889,Malda,Samsi,Onion,Onion,FAQ,2000,2800,2500,15-Jan-25
8890,Khandwa,Sanawad(F&V),Onion,Onion,FAQ,3000,4000,3500,04-Jan-25
8891,Hardoi,Sandi,Onion,Pusa-Red,FAQ,2400,2470,2440,13-Jan-25
8892,Hardoi,Sandi,Onion,Pusa-Red,FAQ,2450,2500,2475,09-Jan-25
8893,Hardoi,Sandila,Onion,Red,FAQ,2390,2470,2430,15-Jan-25
8894,Ahmednagar,Sangamner,Onion,Red,FAQ,500,2701,1600,15-Jan-25
8895,Ahmednagar,Sangamner,Onion,Red,FAQ,500,3400,1900,23-Jan-25
8896,Ahmednagar,Sangamner,Onion,Red,FAQ,500,3401,1950,20-Jan-25
8897,Ahmednagar,Sangamner,Onion,Red,FAQ,500,3651,2076,01-Jan-25
8898,Sangli,"Sangli(Phale, Bhajipura Market)",Onion,Local,FAQ,500,3000,1750,14-Jan-25
8899,Sangli,"Sangli(Phale, Bhajipura Market)",Onion,Local,FAQ,800,3200,2000,07-Jan-25
8900,Sangli,"Sangli(Phale, Bhajipura Market)",Onion,Local,Local,1000,3000,2000,27-Jan-25
8901,Tenkasi,Sankarankoil(Uzhavar Sandhai ),Onion,Bellary,Local,4000,5000,5000,05-Jan-25
8902,Kallakuruchi,Sankarapuram(Uzhavar Sandhai ),Onion,Bellary,Local,4000,5000,5000,27-Jan-25
8903,Rajgarh,Sarangpur,Onion,Local,FAQ,1000,1000,1000,23-Jan-25
8904,Sundergarh,Sargipali,Onion,Other,FAQ,3000,3500,3200,11-Jan-25
8905,Sundergarh,Sargipali,Onion,Other,FAQ,3000,3500,3200,13-Jan-25
8906,Sundergarh,Sargipali,Onion,Other,Non-FAQ,2400,3000,2600,25-Jan-25
8907,Rohtas,Sasaram,Onion,Medium,FAQ,2100,2500,2300,23-Jan-25
8908,Nashik,Satana,Onion,Red,FAQ,300,2605,2095,22-Jan-25
8909,Satara,Satara,Onion,Other,FAQ,1000,2500,1750,13-Jan-25
8910,Satara,Satara,Onion,Other,FAQ,1000,2500,1750,14-Jan-25
8911,Satara,Satara,Onion,Other,FAQ,1000,3200,2100,23-Jan-25
8912,Satara,Satara,Onion,Other,Local,1000,3200,2100,27-Jan-25
8913,Erode,Sathiyamagalam(Uzhavar Sandhai ),Onion,Bellary,Local,4000,4400,4400,12-Jan-25
8914,Erode,Sathiyamagalam(Uzhavar Sandhai ),Onion,Bellary,Local,4000,4500,4500,22-Jan-25
8915,Virudhunagar,Sathur(Uzhavar Sandhai ),Onion,Bellary,Local,4500,5000,5000,03-Jan-25
8916,Virudhunagar,Sathur(Uzhavar Sandhai ),Onion,Bellary,Local,5000,5500,5500,02-Jan-25
8917,Gorakhpur,Sehjanwa,Onion,Red,FAQ,2590,2605,2600,09-Jan-25
8918,Gorakhpur,Sehjanwa,Onion,Red,FAQ,3190,3205,3200,27-Jan-25
8919,Sehore,Sehore,Onion,Onion,FAQ,1400,1520,1520,07-Jan-25
8920,Kurukshetra,Shahabad,Onion,Onion,FAQ,1800,2800,2000,16-Jan-25
8921,Kurukshetra,Shahabad,Onion,Onion,FAQ,2000,2800,2500,08-Jan-25
8922,Delhi,Shahdara,Onion,Other,Non-FAQ,2300,2800,2400,25-Jan-25
8923,Jaunpur,Shahganj,Onion,Red,FAQ,2100,2200,2150,29-Jan-25
8924,Muzaffarnagar,Shahpur,Onion,Red,FAQ,1545,1570,1565,25-Jan-25
8925,Muzaffarnagar,Shahpur,Onion,Red,Non-FAQ,1530,1600,1565,01-Feb-25
8926,Ambala,Shahzadpur,Onion,Local,FAQ,2000,2000,2000,18-Jan-25
8927,Ambala,Shahzadpur,Onion,Local,FAQ,4000,4000,4000,07-Jan-25
8928,Shajapur,Shajapur,Onion,Medium,FAQ,285,2250,1600,11-Jan-25
8929,Shajapur,Shajapur,Onion,Onion,FAQ,985,1150,1150,13-Jan-25
8930,Shajapur,Shajapur,Onion,Onion,FAQ,1663,1995,1995,28-Jan-25
8931,Mandsaur,Shamgarh,Onion,Onion,FAQ,510,2033,1400,27-Jan-25
8932,Mandsaur,Shamgarh,Onion,Onion-Organic,FAQ,510,1918,1918,09-Jan-25
8933,Shamli,Shamli,Onion,Red,FAQ,2250,2350,2300,25-Jan-25
8934,Shamli,Shamli,Onion,Red,FAQ,2400,2500,2450,12-Jan-25
8935,Ahmednagar,Shevgaon,Onion,1st Sort,FAQ,2400,3200,2600,06-Jan-25
8936,Kollam,Kottarakkara,Onion,Other,FAQ,5000,5000,5000,29-Jan-25
8937,Kollam,Kottarakkara,Onion,Other,FAQ,5000,5500,5200,21-Jan-25
8938,Kollam,Kottarakkara,Onion,Other,FAQ,5000,5500,5500,07-Jan-25
8939,Kottayam,Kottayam,Onion,Big,FAQ,4200,4600,4400,07-Jan-25
8940,Kottayam,Kottayam,Onion,Big,FAQ,4200,4600,4400,27-Jan-25
8941,Kottayam,Kottayam,Onion,Big,FAQ,4600,5000,4800,20-Jan-25
8942,Kottayam,Kottayam,Onion,Onion,FAQ,8600,9000,8800,07-Jan-25
8943,Tuticorin,Kovilpatti(Uzhavar Sandhai ),Onion,Bellary,Local,4000,4500,4500,14-Jan-25
8944,Tuticorin,Kovilpatti(Uzhavar Sandhai ),Onion,Bellary,Local,4000,4500,4500,16-Jan-25
8945,Tuticorin,Kovilpatti(Uzhavar Sandhai ),Onion,Bellary,Local,4000,4500,4500,17-Jan-25
8946,Tuticorin,Kovilpatti(Uzhavar Sandhai ),Onion,Bellary,Local,7500,8000,8000,05-Jan-25
8947,Krishnagiri,Krishnagiri(Uzhavar Sandhai ),Onion,Bellary,Local,4000,4500,4500,01-Jan-25
8948,Krishnagiri,Krishnagiri(Uzhavar Sandhai ),Onion,Bellary,Local,4000,4500,4500,07-Jan-25
8949,Krishnagiri,Krishnagiri(Uzhavar Sandhai ),Onion,Bellary,Local,4000,4500,4500,27-Jan-25
8950,Sambalpur,Kuchinda,Onion,Other,FAQ,3000,4000,3500,15-Jan-25
8951,Ranga Reddy,Kukatpally(Rythu Bazar),Onion,1st Sort,FAQ,3400,3400,3400,10-Jan-25
8952,Karur,Kulithalai(Uzhavar Sandhai ),Onion,Bellary,Local,4000,5000,5000,15-Jan-25
8953,Kullu,Kullu,Onion,Other,FAQ,3200,3500,3500,02-Jan-25
8954,Thanjavur,Kumbakonam (Uzhavar Sandhai ),Onion,Bellary,Local,3600,4800,4800,04-Jan-25
8955,Thanjavur,Kumbakonam (Uzhavar Sandhai ),Onion,Bellary,Local,3600,4800,4800,24-Jan-25
8956,Kancheepuram,Kundrathur(Uzhavar Sandhai ),Onion,Bellary,Local,3000,4000,4000,06-Jan-25
8957,Kancheepuram,Kundrathur(Uzhavar Sandhai ),Onion,Bellary,Local,3000,4000,4000,13-Jan-25
8958,Kancheepuram,Kundrathur(Uzhavar Sandhai ),Onion,Bellary,Local,3500,4000,4000,29-Jan-25
8959,Mohali,Kurali,Onion,Other,FAQ,2350,2540,2460,29-Jan-25
8960,Mohali,Kurali,Onion,Other,FAQ,2500,2800,2670,07-Jan-25
8961,Kurnool,Kurnool,Onion,Local,FAQ,538,2469,1639,11-Jan-25
8962,Kurnool,Kurnool,Onion,Local,FAQ,1545,2609,1845,21-Jan-25
8963,Kurnool,Kurnool,Onion,Local,FAQ,1565,2611,2467,22-Jan-25
8964,Kottayam,Kuruppanthura,Onion,Big,FAQ,4500,5500,5000,18-Jan-25
8965,Kottayam,Kuruppanthura,Onion,Onion,FAQ,4500,5600,5000,21-Jan-25
8966,Hyderabad,L B Nagar,Onion,1st Sort,Non-FAQ,2500,4500,3500,22-Jan-25
8967,Kurukshetra,Ladwa,Onion,Onion,FAQ,2000,2000,2000,03-Jan-25
8968,Kurukshetra,Ladwa,Onion,Onion,FAQ,2000,2600,2300,07-Jan-25
8969,Kurukshetra,Ladwa,Onion,Onion,FAQ,2600,2600,2600,21-Jan-25
8970,Lakhimpur,Lakhimpur,Onion,Red,FAQ,2100,2170,2130,01-Feb-25
8971,Lakhimpur,Lakhimpur,Onion,Red,FAQ,2290,2370,2320,25-Jan-25
8972,Lakhimpur,Lakhimpur,Onion,Red,FAQ,2350,2420,2380,18-Jan-25
8973,Lakhimpur,Lakhimpur,Onion,Red,FAQ,2440,2560,2500,13-Jan-25
8974,Thiruchirappalli,Lalgudi(Uzhavar Sandhai ),Onion,Bellary,Local,4600,6000,6000,05-Jan-25
8975,Mohali,Lalru,Onion,Other,FAQ,3000,3000,3000,20-Jan-25
8976,Imphal East,Lamlong Bazaar,Onion,Other,FAQ,4000,5000,4500,15-Jan-25
8977,Imphal East,Lamlong Bazaar,Onion,Other,FAQ,5000,6000,5500,07-Jan-25
8978,Nashik,Lasalgaon,Onion,Red,FAQ,1000,2871,2351,08-Jan-25
8979,Nashik,Lasalgaon,Onion,Red,FAQ,1100,2960,2500,06-Jan-25
8980,Nashik,Lasalgaon,Onion,Red,FAQ,1100,3019,2451,01-Jan-25
8981,Nashik,Lasalgaon(Niphad),Onion,Red,FAQ,1100,2602,2400,23-Jan-25
8982,Nashik,Lasalgaon(Niphad),Onion,Red,Local,1100,2511,2250,30-Jan-25
8983,Nashik,Lasalgaon(Vinchur),Onion,Red,Local,1000,2728,2300,29-Jan-25
8984,Chattrapati Sambhajinagar,Lasur Station,Onion,Other,FAQ,600,2720,2100,06-Jan-25
8985,Sholapur,Laxmi Sopan Agriculture Produce Marketing Co Ltd,Onion,Other,FAQ,400,2800,1600,09-Jan-25
8986,Bikaner,Bikaner (F&V),Onion,Other,FAQ,1300,1500,1400,24-Jan-25
8987,Bikaner,Bikaner (F&V),Onion,Other,FAQ,1400,1600,1500,01-Feb-25
8988,Bilaspur,Bilaspur,Onion,Local,Non-FAQ,2500,2700,2600,28-Jan-25
8989,Bilaspur,Bilaspur,Onion,Other,FAQ,2500,3000,2800,28-Jan-25
8990,Jalandhar,Bilga,Onion,Other,FAQ,2800,3000,2900,08-Jan-25
8991,Navsari,Bilimora,Onion,Nasik,FAQ,1500,2800,2200,25-Jan-25
8992,Navsari,Bilimora,Onion,Nasik,FAQ,1500,2900,2200,30-Jan-25
8993,Badaun,Bilsi,Onion,Red,FAQ,2250,2350,2300,17-Jan-25
8994,Badaun,Bilsi,Onion,Red,FAQ,2250,2350,2300,18-Jan-25
8995,Birbhum,Birbhum,Onion,Other,FAQ,2400,2600,2500,03-Jan-25
8996,Birbhum,Birbhum,Onion,Other,FAQ,2500,2700,2600,05-Jan-25
8997,Birbhum,Birbhum,Onion,Other,FAQ,2500,2700,2600,18-Jan-25
8998,Birbhum,Birbhum,Onion,Other,FAQ,2600,2800,2700,28-Jan-25
8999,Sepahijala,Bishalgarh,Onion,Nasik,FAQ,3800,4000,3900,28-Jan-25
9000,Sepahijala,Bishalgarh,Onion,Nasik,FAQ,4300,4500,4400,24-Jan-25
9001,Bishnupur,Bishenpur,Onion,Onion,FAQ,4500,5000,4750,17-Jan-25
9002,Theni,Bodinayakanur(Uzhavar Sandhai ),Onion,Bellary,Local,4000,4600,4600,01-Feb-25
9003,Sundergarh,Bonai,Onion,Onion,FAQ,4000,4000,4000,10-Jan-25
9004,Boudh,Boudh,Onion,Other,FAQ,4000,6000,5000,02-Jan-25
9005,Hyderabad,Bowenpally,Onion,1st Sort,FAQ,1500,3500,3000,23-Jan-25
9006,Ernakulam,Broadway market,Onion,1st Sort,FAQ,4000,5000,4200,04-Jan-25
9007,Bulandshahar,Buland Shahr,Onion,Red,FAQ,2300,2500,2400,10-Jan-25
9008,Bulandshahar,Buland Shahr,Onion,Red,FAQ,2400,2560,2460,07-Jan-25
9009,Bulandshahar,Buland Shahr,Onion,Red,FAQ,2430,2630,2530,04-Jan-25
9010,Bulandshahar,Buland Shahr,Onion,Red,FAQ,2450,2650,2550,03-Jan-25
9011,Bhiwani,Ch. Dadri,Onion,Other,FAQ,1600,2200,1900,31-Jan-25
9012,Bijnor,Chaandpur,Onion,Red,FAQ,1400,1600,1500,20-Jan-25
9013,Bijnor,Chaandpur,Onion,Red,FAQ,1600,1800,1700,11-Jan-25
9014,Bijnor,Chaandpur,Onion,Red,FAQ,1600,1800,1700,12-Jan-25
9015,Nadia,Chakdah,Onion,Other,FAQ,2800,2950,2900,23-Jan-25
9016,Nadia,Chakdah,Onion,Other,FAQ,3200,3350,3300,12-Jan-25
9017,Nadia,Chakdah,Onion,Other,FAQ,3200,3350,3300,14-Jan-25
9018,Nadia,Chakdah,Onion,Other,FAQ,3200,3350,3300,16-Jan-25
9019,Thiruvananthapuram,Chala,Onion,Big,FAQ,3800,4000,3800,20-Jan-25
9020,Thirssur,Chalakudy,Onion,Onion,FAQ,3600,4400,4400,31-Jan-25
9021,Thirssur,Chalakudy,Onion,Onion,FAQ,4000,5000,5000,07-Jan-25
9022,Chamba,Chamba,Onion,Other,FAQ,2500,3000,2750,15-Jan-25
9023,Chamba,Chamba,Onion,Other,FAQ,2500,3000,2750,22-Jan-25
9024,Ropar (Rupnagar),Chamkaur Sahib,Onion,Other,FAQ,3200,3300,3250,08-Jan-25
9025,Hooghly,Champadanga,Onion,Nasik,FAQ,2700,2900,2800,27-Jan-25
9026,Hooghly,Champadanga,Onion,Nasik,FAQ,2700,3000,2800,29-Jan-25
9027,Hooghly,Champadanga,Onion,Nasik,FAQ,2700,3000,2800,30-Jan-25
9028,Hooghly,Champadanga,Onion,Nasik,FAQ,2800,3000,2800,01-Feb-25
9029,Sambhal,Chandausi,Onion,Red,FAQ,2050,2100,2085,01-Feb-25
9030,Sambhal,Chandausi,Onion,Red,FAQ,2150,2250,2200,18-Jan-25
9031,Chandigarh,Chandigarh(Grain/Fruit),Onion,Other,FAQ,1000,2600,2000,25-Jan-25
9032,Chandrapur,Chandrapur,Onion,Other,FAQ,2000,3000,2500,07-Jan-25
9033,Chandrapur,Chandrapur(Ganjwad),Onion,Other,Local,2000,3000,2500,27-Jan-25
9034,Aligarh,Charra,Onion,Red,FAQ,2300,2500,2400,01-Jan-25
9035,Aligarh,Charra,Onion,Red,FAQ,2300,2500,2400,23-Jan-25
9036,Aligarh,Charra,Onion,Red,FAQ,2400,2500,2450,28-Jan-25
9037,Kollam,Chathanoor,Onion,Other,FAQ,4300,4700,4500,02-Jan-25
9038,Kollam,Chathanoor,Onion,Other,FAQ,4800,5200,5000,25-Jan-25
9039,Hooghly,Sheoraphuly,Onion,Nasik,FAQ,2600,3000,2800,02-Jan-25
9040,Hooghly,Sheoraphuly,Onion,Nasik,FAQ,2800,3200,3000,20-Jan-25
9041,Hooghly,Sheoraphuly,Onion,Nasik,FAQ,3000,3200,3100,05-Jan-25
9042,Ahmednagar,Shevgaon,Onion,Other,FAQ,400,1200,1000,09-Jan-25
9043,Shimla,Shimla,Onion,1st Sort,FAQ,2500,3000,2500,28-Jan-25
9044,Shimla,Shimla,Onion,1st Sort,FAQ,3800,4000,3800,01-Jan-25
9045,Dhule,Shirpur,Onion,Red,FAQ,500,2500,1825,22-Jan-25
9046,Pune,Shirur,Onion,Other,FAQ,1000,3700,2700,03-Jan-25
9047,Pune,Shirur,Onion,Other,FAQ,1000,4100,3000,01-Jan-25
9048,Nashik,Shivsiddha Govind Producer Company Limited Sanchal,Onion,Red,FAQ,2100,2700,2500,20-Jan-25
9049,Ahmednagar,Shrigonda,Onion,Other,FAQ,500,3200,2700,20-Jan-25
9050,Ahmednagar,Shrigonda,Onion,Other,FAQ,700,4000,3200,01-Jan-25
9051,Shajapur,Shujalpur(F&V),Onion,Onion,FAQ,800,1669,1000,16-Jan-25
9052,Bulandshahar,Sikanderabad,Onion,Medium,Non-FAQ,1800,2000,1900,28-Jan-25
9053,Bulandshahar,Sikanderabad,Onion,Medium,Non-FAQ,1800,2200,2000,29-Jan-25
9054,Bulandshahar,Sikanderabad,Onion,Medium,Non-FAQ,2000,2200,2100,30-Jan-25
9055,Sikar,Sikar,Onion,Onion,FAQ,1000,1700,1350,22-Jan-25
9056,Sikar,Sikar,Onion,Onion,FAQ,1000,1700,1350,27-Jan-25
9057,Sikar,Sikar,Onion,Onion,FAQ,1000,1700,1350,30-Jan-25
9058,Bulandshahar,Sikarpur,Onion,Red,FAQ,1200,1400,1300,24-Jan-25
9059,Bulandshahar,Sikarpur,Onion,Red,FAQ,2100,2300,2200,02-Jan-25
9060,Bulandshahar,Sikarpur,Onion,Red,FAQ,2200,2400,2300,03-Jan-25
9061,Darjeeling,Siliguri,Onion,Other,FAQ,2500,2700,2600,17-Jan-25
9062,Darjeeling,Siliguri,Onion,Other,FAQ,3100,3300,3200,02-Jan-25
9063,Coimbatore,Singanallur(Uzhavar Sandhai ),Onion,Bellary,Local,4000,4400,4400,04-Jan-25
9064,Fatehgarh,Sirhind,Onion,Other,FAQ,2000,3000,2800,01-Jan-25
9065,Nagapattinam,Sirkali(Uzhavar Sandhai ),Onion,Bellary,Local,4000,5000,5000,28-Jan-25
9066,Nagapattinam,Sirkali(Uzhavar Sandhai ),Onion,Bellary,Local,4500,5000,5000,30-Jan-25
9067,Sirsa,Sirsa,Onion,Other,FAQ,2000,3000,2700,03-Jan-25
9068,Prayagraj,Sirsa,Onion,Red,FAQ,2100,2300,2200,28-Jan-25
9069,Sitapur,Sitapur,Onion,Red,FAQ,1600,2400,2320,21-Jan-25
9070,Sitapur,Sitapur,Onion,Red,FAQ,1600,2450,2350,18-Jan-25
9071,Sivaganga,Sivagangai (Uzhavar Sandhai ),Onion,Bellary,Local,5000,5200,5200,01-Feb-25
9072,Virudhunagar,Sivakasi(Uzhavar Sandhai ),Onion,Bellary,Local,3000,3500,3500,13-Jan-25
9073,Kaithal,Siwan,Onion,Other,FAQ,2100,2200,2200,07-Jan-25
9074,Kaithal,Siwan,Onion,Other,FAQ,2400,2550,2500,01-Feb-25
9075,Bulandshahar,Siyana,Onion,Red,FAQ,2200,2300,2250,15-Jan-25
9076,Gurgaon,Sohna,Onion,Onion,FAQ,2000,2200,2200,30-Jan-25
9077,Gurgaon,Sohna,Onion,Onion,FAQ,2000,3000,2500,12-Jan-25
9078,Solan,Solan,Onion,Other,FAQ,2300,2700,2500,12-Jan-25
9079,Solan,Solan(Nalagarh),Onion,Other,FAQ,2500,2800,2600,22-Jan-25
9080,Solan,Solan(Nalagarh),Onion,Other,FAQ,2500,3000,2800,08-Jan-25
9081,Solan,Solan(Nalagarh),Onion,Other,FAQ,2500,3000,2800,14-Jan-25
9082,Solan,Solan(Nalagarh),Onion,Other,FAQ,2800,3000,2900,15-Jan-25
9083,Sholapur,Solapur,Onion,Red,FAQ,200,3151,1600,09-Jan-25
9084,Sholapur,Solapur,Onion,Red,FAQ,200,4000,1800,07-Jan-25
9085,Sholapur,Solapur,Onion,Red,FAQ,300,4000,2000,21-Jan-25
9086,Sonipat,Sonepat,Onion,Other,FAQ,2000,2200,2200,19-Jan-25
9087,Sonipat,Sonepat(Kharkhoda),Onion,Other,FAQ,1800,2200,2000,21-Jan-25
9088,Sonipat,Sonepat(Kharkhoda),Onion,Other,FAQ,1800,2400,2200,29-Jan-25
9089,Salem,Sooramangalam(Uzhavar Sandhai ),Onion,Bellary,Local,5000,5600,5600,21-Jan-25
9090,Shajapur,Soyatkalan,Onion,Onion,FAQ,390,1000,1000,27-Jan-25
9091,Sholapur,Laxmi Sopan Agriculture Produce Marketing Co Ltd,Onion,Other,FAQ,500,3000,2200,15-Jan-25
9092,Lucknow,Lucknow,Onion,Red,FAQ,2200,2300,2250,30-Jan-25
9093,Lucknow,Lucknow,Onion,Red,FAQ,2300,2400,2360,19-Jan-25
9094,Lucknow,Lucknow,Onion,Red,FAQ,2410,2510,2460,10-Jan-25
9095,Ludhiana,Ludhiana,Onion,Other,FAQ,800,2900,1900,02-Jan-25
9096,Ajmer,Madanganj Kishangarh,Onion,1st Sort,FAQ,2800,3200,3000,09-Jan-25
9097,Alappuzha,Madhavapuram,Onion,Other,FAQ,5500,6000,5800,30-Jan-25
9098,Alappuzha,Madhavapuram,Onion,Other,FAQ,8200,8600,8400,03-Jan-25
9099,Hardoi,Madhoganj,Onion,Red,FAQ,2100,2200,2145,01-Feb-25
9100,Hardoi,Madhoganj,Onion,Red,FAQ,2300,2350,2330,18-Jan-25
9101,Hardoi,Madhoganj,Onion,Red,FAQ,2300,2400,2350,19-Jan-25
9102,Hardoi,Madhoganj,Onion,Red,FAQ,2500,2550,2520,01-Jan-25
9103,Hardoi,Madhoganj,Onion,Red,FAQ,2500,2550,2520,05-Jan-25
9104,Hardoi,Madhoganj,Onion,Red,FAQ,2500,2550,2530,02-Jan-25
9105,Chengalpattu,Madhuranthagam(Uzhavar Sandhai ),Onion,Bellary,Local,4000,4500,4500,20-Jan-25
9106,Chengalpattu,Madhuranthagam(Uzhavar Sandhai ),Onion,Bellary,Local,4500,5000,5000,12-Jan-25
9107,Panipat,Madlauda,Onion,Other,FAQ,2400,2400,2400,07-Jan-25
9108,Panipat,Madlauda,Onion,Other,Non-FAQ,2200,2200,2200,31-Jan-25
9109,Hyderabad,Mahboob Manison,Onion,1st Sort,FAQ,3000,3600,3200,07-Jan-25
9110,Hyderabad,Mahboob Manison,Onion,1st Sort,Non-FAQ,300,1800,1400,24-Jan-25
9111,Hyderabad,Mahboob Manison,Onion,1st Sort,Non-FAQ,300,1900,1500,31-Jan-25
9112,Hyderabad,Mahboob Manison,Onion,2nd Sort,FAQ,300,2200,1400,17-Jan-25
9113,Hyderabad,Mahboob Manison,Onion,2nd Sort,FAQ,2200,2800,2600,21-Jan-25
9114,Mahoba,Mahoba,Onion,Red,FAQ,2250,2350,2290,24-Jan-25
9115,Bhavnagar,Mahuva(Station Road),Onion,Red,FAQ,750,2525,1640,09-Jan-25
9116,Bhavnagar,Mahuva(Station Road),Onion,Red,FAQ,750,2560,1655,28-Jan-25
9117,Khiri (Lakhimpur),Maigalganj,Onion,Red,FAQ,2700,2800,2740,17-Jan-25
9118,Khiri (Lakhimpur),Maigalganj,Onion,Red,FAQ,2800,2860,2840,20-Jan-25
9119,Khiri (Lakhimpur),Maigalganj,Onion,Red,FAQ,3100,3180,3140,09-Jan-25
9120,Mainpuri,Mainpuri,Onion,Red,FAQ,2030,2220,2135,08-Jan-25
9121,Mainpuri,Mainpuri,Onion,Red,FAQ,2040,2230,2150,07-Jan-25
9122,Mainpuri,Mainpuri,Onion,Red,FAQ,2240,2430,2345,18-Jan-25
9123,Mainpuri,Mainpuri,Onion,Red,Non-FAQ,1650,1740,1700,01-Feb-25
9124,Sangrur,Malerkotla,Onion,Other,FAQ,1500,2200,1800,07-Jan-25
9125,Sangrur,Malerkotla,Onion,Other,FAQ,1600,2200,1800,21-Jan-25
9126,Sangrur,Malerkotla,Onion,Other,FAQ,2200,3000,2500,08-Jan-25
9127,Buldhana,Malkapur,Onion,Local,FAQ,900,2465,1805,09-Jan-25
9128,Muktsar,Malout,Onion,Onion,FAQ,1000,1400,1200,27-Jan-25
9129,Muktsar,Malout,Onion,Onion,FAQ,1200,1800,1400,10-Jan-25
9130,Muktsar,Malout,Onion,Onion,FAQ,2000,2400,2200,15-Jan-25
9131,Muktsar,Malout,Onion,Onion,FAQ,2200,2700,2400,20-Jan-25
9132,Ferozpur,Mamdot,Onion,Other,FAQ,3000,3100,3050,16-Jan-25
9133,Ferozpur,Mamdot,Onion,Other,FAQ,3000,3400,3200,01-Jan-25
9134,Thiruchirappalli,Manachanallur(Uzhavar Sandhai ),Onion,Bellary,Local,4600,5600,5600,10-Jan-25
9135,Thiruchirappalli,Manachanallur(Uzhavar Sandhai ),Onion,Bellary,Local,5400,5400,5400,21-Jan-25
9136,Thiruchirappalli,Manapparai(Uzhavar Sandhai ),Onion,Bellary,Local,4000,5400,5400,16-Jan-25
9137,Neemuch,Manasa,Onion,Medium,Non-FAQ,561,1361,1361,23-Jan-25
9138,Neemuch,Manasa,Onion,Onion,FAQ,150,2312,1700,02-Jan-25
9139,Neemuch,Manasa,Onion,Onion,FAQ,350,1690,1160,13-Jan-25
9140,Neemuch,Manasa,Onion,Onion,FAQ,450,2250,1400,07-Jan-25
9141,Dhar,Manawar(F&V),Onion,Onion,FAQ,2022,2222,2122,08-Jan-25
9142,Panipat,Madlauda,Onion,Other,FAQ,2500,2500,2500,08-Jan-25
9143,Panipat,Madlauda,Onion,Other,FAQ,2500,2500,2500,14-Jan-25
9144,Panipat,Madlauda,Onion,Other,FAQ,2500,2500,2500,15-Jan-25
9145,Hyderabad,Mahboob Manison,Onion,1st Sort,FAQ,2600,3600,2700,18-Jan-25
9146,Hyderabad,Mahboob Manison,Onion,2nd Sort,FAQ,300,1800,1400,20-Jan-25
9147,Bhavnagar,Mahuva(Station Road),Onion,Red,FAQ,750,2435,1595,02-Jan-25
9148,Bhavnagar,Mahuva(Station Road),Onion,Red,FAQ,860,2430,1645,24-Jan-25
9149,Mainpuri,Mainpuri,Onion,Red,FAQ,2220,2415,2325,20-Jan-25
9150,Buldhana,Malkapur,Onion,Local,Local,1700,2350,1900,28-Jan-25
9151,Muktsar,Malout,Onion,Onion,FAQ,1200,1800,1500,08-Jan-25
9152,Muktsar,Malout,Onion,Onion,FAQ,1800,2400,2000,22-Jan-25
9153,Muktsar,Malout,Onion,Onion,FAQ,2000,2400,2200,21-Jan-25
9154,Thiruchirappalli,Manachanallur(Uzhavar Sandhai ),Onion,Bellary,Local,4000,5000,5000,12-Jan-25
9155,Thiruchirappalli,Manachanallur(Uzhavar Sandhai ),Onion,Bellary,Local,4600,5600,5600,08-Jan-25
9156,Thiruchirappalli,Manachanallur(Uzhavar Sandhai ),Onion,Bellary,Local,4600,5600,5600,22-Jan-25
9157,Thiruchirappalli,Manachanallur(Uzhavar Sandhai ),Onion,Bellary,Local,5600,5600,5600,01-Feb-25
9158,Thiruchirappalli,Manapparai(Uzhavar Sandhai ),Onion,Bellary,Local,3600,5400,5400,03-Jan-25
9159,Neemuch,Manasa,Onion,Medium,FAQ,1560,1560,1560,02-Jan-25
9160,Neemuch,Manasa,Onion,Onion,FAQ,421,1580,500,15-Jan-25
9161,Dhar,Manawar(F&V),Onion,Onion,FAQ,1800,2000,1900,04-Jan-25
9162,Dhar,Manawar(F&V),Onion,Onion,Non-FAQ,1800,2000,1900,28-Jan-25
9163,Mandi,Mandi(Mandi),Onion,Onion,FAQ,2400,3000,2700,21-Jan-25
9164,Mandi,Mandi(Takoli),Onion,Other,FAQ,2000,3000,2500,21-Jan-25
9165,Mandsaur,Mandsaur,Onion,Onion,FAQ,100,2352,1500,02-Jan-25
9166,Mandsaur,Mandsaur,Onion,Onion,FAQ,421,2212,1300,28-Jan-25
9167,Mandsaur,Mandsaur,Onion,Onion-Organic,FAQ,420,1750,1261,03-Jan-25
9168,Mandsaur,Mandsaur,Onion,Onion-Organic,Non-FAQ,1853,1853,1853,22-Jan-25
9169,Sholapur,Mangal Wedha,Onion,Local,FAQ,800,2700,2410,16-Jan-25
9170,Haridwar,Manglaur,Onion,Other,FAQ,1600,2000,1700,09-Jan-25
9171,Kaushambi,Manjhanpur,Onion,Red,FAQ,1800,1975,1885,27-Jan-25
9172,Kaushambi,Manjhanpur,Onion,Red,FAQ,2000,2175,2080,02-Jan-25
9173,Kaushambi,Manjhanpur,Onion,Red,FAQ,2000,2185,2090,18-Jan-25
9174,Nashik,Manmad,Onion,Red,FAQ,300,2450,2000,09-Jan-25
9175,Nashik,Manmad,Onion,Red,Local,400,2700,2100,28-Jan-25
9176,Nashik,Manmad,Onion,White,FAQ,1000,1800,1500,09-Jan-25
9177,Alappuzha,Mannar,Onion,Small,Non-FAQ,8000,8200,8100,28-Jan-25
9178,Thiruvarur,Mannargudi I(Uzhavar Sandhai ),Onion,Bellary,Local,4400,6000,6000,28-Jan-25
9179,North Goa,Mapusa,Onion,Onion,FAQ,2500,2500,2500,03-Jan-25
9180,Mathura,Mathura,Onion,Red,FAQ,2000,2250,2100,30-Jan-25
9181,Mathura,Mathura,Onion,Red,FAQ,2000,2300,2120,29-Jan-25
9182,Mathura,Mathura,Onion,Red,FAQ,2250,2550,2400,14-Jan-25
9183,Bhatinda,Maur,Onion,Other,FAQ,2500,2800,2600,27-Jan-25
9184,Bhatinda,Maur,Onion,Other,FAQ,2500,3000,2800,22-Jan-25
9185,Nagapattinam,Mayiladuthurai(Uzhavar Sandhai ),Onion,Bellary,Local,2500,3000,3000,13-Jan-25
9186,Nagapattinam,Mayiladuthurai(Uzhavar Sandhai ),Onion,Bellary,Local,2500,3000,3000,15-Jan-25
9187,Nagapattinam,Mayiladuthurai(Uzhavar Sandhai ),Onion,Bellary,Local,3500,4000,4000,18-Jan-25
9188,Medinipur(W),Medinipur(West),Onion,Onion,FAQ,2400,2800,2600,07-Jan-25
9189,Meerut,Meerut,Onion,Red,FAQ,2300,2430,2360,17-Jan-25
9190,Meerut,Meerut,Onion,Red,FAQ,2300,2460,2380,14-Jan-25
9191,Meerut,Meerut,Onion,Red,FAQ,2450,2600,2520,11-Jan-25
9192,Rohtak,Meham,Onion,Other,FAQ,1700,1700,1700,14-Jan-25
9193,Ahmednagar,Shevgaon,Onion,2nd Sort,FAQ,1600,2500,1800,04-Jan-25
9194,Shimla,Shimla,Onion,1st Sort,FAQ,3000,3200,3000,30-Jan-25
9195,Shimoga,Shimoga,Onion,Onion,FAQ,2500,3600,3000,13-Jan-25
9196,Shimoga,Shimoga,Onion,Onion,FAQ,2500,4500,3500,01-Jan-25
9197,Shimoga,Shimoga,Onion,Onion,FAQ,2500,4500,3500,07-Jan-25
9198,Shimoga,Shimoga,Onion,Onion,FAQ,3300,4500,3900,24-Jan-25
9199,Dhule,Shirpur,Onion,Red,FAQ,200,2750,2275,04-Jan-25
9200,Shajapur,Shujalpur,Onion,Red,FAQ,100,1752,400,18-Jan-25
9201,Shajapur,Shujalpur,Onion,Red,FAQ,120,1913,341,13-Jan-25
9202,Shajapur,Shujalpur,Onion,Red,FAQ,200,2241,1911,28-Jan-25
9203,Shajapur,Shujalpur,Onion,Red,FAQ,581,1418,1418,15-Jan-25
9204,Shajapur,Shujalpur,Onion,Red,FAQ,850,2300,2126,24-Jan-25
9205,Shajapur,Shujalpur,Onion,Red,FAQ,1612,2301,2301,03-Jan-25
9206,Shajapur,Shujalpur(F&V),Onion,Onion,FAQ,800,1731,1100,17-Jan-25
9207,Shajapur,Shujalpur(F&V),Onion,Onion,FAQ,800,1851,1200,18-Jan-25
9208,Shajapur,Shujalpur(F&V),Onion,Onion,FAQ,800,2160,1300,01-Feb-25
9209,Bulandshahar,Sikanderabad,Onion,Medium,FAQ,1600,2000,1800,04-Jan-25
9210,Bulandshahar,Sikanderabad,Onion,Medium,Non-FAQ,1600,2000,1800,27-Jan-25
9211,Sikar,Sikar,Onion,1st Sort,FAQ,900,1500,1200,04-Jan-25
9212,Bulandshahar,Sikarpur,Onion,Red,FAQ,1200,1400,1300,28-Jan-25
9213,Darjeeling,Siliguri,Onion,Other,FAQ,2500,2700,2600,25-Jan-25
9214,Sivaganga,Singampunari(Uzhavar Sandhai ),Onion,Bellary,Local,5000,5500,5500,09-Jan-25
9215,Sivaganga,Singampunari(Uzhavar Sandhai ),Onion,Bellary,Local,5000,5500,5500,11-Jan-25
9216,Sivaganga,Singampunari(Uzhavar Sandhai ),Onion,Bellary,Local,5000,5500,5500,12-Jan-25
9217,Sivaganga,Singampunari(Uzhavar Sandhai ),Onion,Bellary,Local,5000,5500,5500,23-Jan-25
9218,Sivaganga,Singampunari(Uzhavar Sandhai ),Onion,Bellary,Local,5000,5500,5500,30-Jan-25
9219,Nashik,Sinner,Onion,Red,FAQ,500,2401,2050,22-Jan-25
9220,Fatehgarh,Sirhind,Onion,Other,FAQ,2000,3000,2600,16-Jan-25
9221,Fatehgarh,Sirhind,Onion,Other,FAQ,2200,2600,2400,17-Jan-25
9222,Nagapattinam,Sirkali(Uzhavar Sandhai ),Onion,Bellary,Local,4000,5000,5000,17-Jan-25
9223,Nagapattinam,Sirkali(Uzhavar Sandhai ),Onion,Bellary,Local,4000,5000,5000,27-Jan-25
9224,Sirsa,Sirsa,Onion,Other,Non-FAQ,1800,2500,2300,17-Jan-25
9225,Sitapur,Sitapur,Onion,Red,FAQ,1600,2700,2580,05-Jan-25
9226,UdhamSinghNagar,Sitarganj,Onion,Other,FAQ,1200,1800,1500,02-Jan-25
9227,UdhamSinghNagar,Sitarganj,Onion,Other,FAQ,1500,2000,1800,03-Jan-25
9228,Sivaganga,Sivagangai (Uzhavar Sandhai ),Onion,Bellary,Local,5000,5400,5400,21-Jan-25
9229,Virudhunagar,Sivakasi(Uzhavar Sandhai ),Onion,Bellary,Local,3800,4000,4000,27-Jan-25
9230,Virudhunagar,Sivakasi(Uzhavar Sandhai ),Onion,Bellary,Local,3800,4000,4000,31-Jan-25
9231,Virudhunagar,Sivakasi(Uzhavar Sandhai ),Onion,Bellary,Local,4800,5000,5000,06-Jan-25
9232,Kaithal,Siwan,Onion,Other,FAQ,2500,2600,2500,11-Jan-25
9233,Bulandshahar,Siyana,Onion,Red,FAQ,2200,2300,2250,10-Jan-25
9234,Bulandshahar,Siyana,Onion,Red,FAQ,2200,2300,2250,16-Jan-25
9235,Bulandshahar,Siyana,Onion,Red,FAQ,2600,2700,2660,04-Jan-25
9236,Gurgaon,Sohna,Onion,Onion,FAQ,2000,2200,2200,29-Jan-25
9237,Gurgaon,Sohna,Onion,Onion,FAQ,2500,3000,3000,11-Jan-25
9238,Solan,Solan,Onion,Other,FAQ,2300,2700,2500,13-Jan-25
9239,Solan,Solan,Onion,Other,FAQ,2600,3000,2800,24-Jan-25
9240,Solan,Solan(Nalagarh),Onion,Other,FAQ,2800,3000,2900,16-Jan-25
9241,Sholapur,Solapur,Onion,Red,FAQ,500,4000,2100,22-Jan-25
9242,Sholapur,Solapur,Onion,Red,Local,200,3400,1800,31-Jan-25
9243,Sholapur,Solapur,Onion,Red,Local,200,3500,1700,29-Jan-25
9244,Pune,Manchar,Onion,Other,Local,2300,3310,2805,26-Jan-25
9245,Mandi,Mandi(Mandi),Onion,Onion,FAQ,2600,3400,3000,06-Jan-25
9246,Mandsaur,Mandsaur,Onion,Onion,FAQ,401,3100,1300,31-Jan-25
9247,Mandsaur,Mandsaur,Onion,Onion,FAQ,501,2132,1000,27-Jan-25
9248,Sholapur,Mangal Wedha,Onion,Local,FAQ,600,3050,2400,08-Jan-25
9249,Sholapur,Mangal Wedha,Onion,Local,FAQ,650,2710,2100,15-Jan-25
9250,Sholapur,Mangal Wedha,Onion,Local,FAQ,800,2900,2480,23-Jan-25
9251,Haridwar,Manglaur,Onion,Other,FAQ,1500,1750,1700,19-Jan-25
9252,Haridwar,Manglaur,Onion,Other,FAQ,1500,1800,1700,10-Jan-25
9253,Haridwar,Manglaur,Onion,Other,FAQ,1800,2000,1900,05-Jan-25
9254,Malappuram,Manjeri,Onion,Other,FAQ,3500,3600,3550,25-Jan-25
9255,Malappuram,Manjeri,Onion,Other,FAQ,3700,3800,3750,23-Jan-25
9256,Malappuram,Manjeri,Onion,Other,FAQ,3800,3900,3850,30-Jan-25
9257,Kaushambi,Manjhanpur,Onion,Red,FAQ,2035,2215,2120,12-Jan-25
9258,Kaushambi,Manjhanpur,Onion,Red,FAQ,2040,2220,2125,08-Jan-25
9259,Kaushambi,Manjhanpur,Onion,Red,FAQ,2050,2230,2135,15-Jan-25
9260,Nashik,Manmad,Onion,Red,FAQ,200,2711,2300,01-Jan-25
9261,Nashik,Manmad,Onion,Red,FAQ,300,2550,1900,16-Jan-25
9262,Nashik,Manmad,Onion,Red,FAQ,500,2610,2400,04-Jan-25
9263,Nashik,Manmad,Onion,Red,FAQ,500,2871,2200,06-Jan-25
9264,Nashik,Manmad,Onion,Red,Local,400,2820,2200,30-Jan-25
9265,Nashik,Manmad,Onion,White,FAQ,1300,1701,1460,24-Jan-25
9266,Alappuzha,Mannar,Onion,Big,FAQ,5000,5200,5100,27-Jan-25
9267,Thiruvarur,Mannargudi I(Uzhavar Sandhai ),Onion,Bellary,Local,4000,6000,6000,27-Jan-25
9268,Thiruvarur,Mannargudi I(Uzhavar Sandhai ),Onion,Bellary,Local,4400,5600,5600,10-Jan-25
9269,Thiruvarur,Mannargudi I(Uzhavar Sandhai ),Onion,Bellary,Local,4400,6000,6000,29-Jan-25
9270,Mansa,Mansa,Onion,Onion,FAQ,2000,3000,2500,09-Jan-25
9271,North Goa,Mapusa,Onion,Onion,FAQ,2500,2500,2500,01-Feb-25
9272,Jhansi,Mauranipur,Onion,Red,FAQ,2025,2115,2080,15-Jan-25
9273,Jhansi,Mauranipur,Onion,Red,FAQ,2050,2130,2100,03-Jan-25
9274,Medinipur(W),Medinipur(West),Onion,Onion,FAQ,2400,2800,2600,20-Jan-25
9275,Rohtak,Meham,Onion,Other,FAQ,2000,2000,2000,06-Jan-25
9276,Rohtak,Meham,Onion,Other,FAQ,2000,2000,2000,24-Jan-25
9277,Sepahijala,Melaghar,Onion,Small,FAQ,3400,3600,3500,22-Jan-25
9278,Madurai,Melur(Uzhavar Sandhai ),Onion,Bellary,Local,4500,5000,5000,16-Jan-25
9279,Madurai,Melur(Uzhavar Sandhai ),Onion,Bellary,Local,4500,5000,5000,17-Jan-25
9280,Madurai,Melur(Uzhavar Sandhai ),Onion,Bellary,Local,4500,5200,5200,20-Jan-25
9281,Coimbatore,Mettupalayam(Uzhavar Sandhai ),Onion,Bellary,Local,4000,4400,4400,28-Jan-25
9282,Salem,Mettur(Uzhavar Sandhai ),Onion,Bellary,Local,4000,5500,5500,24-Jan-25
9283,Salem,Mettur(Uzhavar Sandhai ),Onion,Bellary,Local,5000,6000,6000,02-Jan-25
9284,Indore,Mhow(F&V),Onion,Onion,FAQ,900,1500,1200,14-Jan-25
9285,Rampur,Milak,Onion,Red,FAQ,2170,2255,2215,22-Jan-25
9286,Mirzapur,Mirzapur,Onion,Red,FAQ,2100,2200,2150,25-Jan-25
9287,Khiri (Lakhimpur),Mohammdi,Onion,Red,FAQ,2100,2200,2155,29-Jan-25
9288,Mahendragarh-Narnaul,Mohindergarh,Onion,Onion,FAQ,1400,2200,1800,26-Jan-25
9289,Mahendragarh-Narnaul,Mohindergarh,Onion,Onion,FAQ,1500,2200,2000,31-Jan-25
9290,Mahendragarh-Narnaul,Mohindergarh,Onion,Onion,FAQ,1600,2200,2200,27-Jan-25
9291,Mahendragarh-Narnaul,Mohindergarh,Onion,Onion,FAQ,1700,2500,2500,19-Jan-25
9292,Morbi,Morbi,Onion,Onion,FAQ,500,2250,1375,25-Jan-25
9293,Jhansi,Moth,Onion,Red,FAQ,2000,2150,2100,10-Jan-25
9294,Jhansi,Moth,Onion,Red,FAQ,2000,2150,2100,17-Jan-25
9295,Sepahijala,Bishramganj,Onion,Nasik,FAQ,4300,4500,4400,21-Jan-25
9296,Sepahijala,Bishramganj,Onion,Nasik,FAQ,4500,5000,4800,08-Jan-25
9297,Theni,Bodinayakanur(Uzhavar Sandhai ),Onion,Bellary,Local,4300,4700,4700,10-Jan-25
9298,Birbhum,Bolpur,Onion,Onion,FAQ,2600,2800,2700,13-Jan-25
9299,Birbhum,Bolpur,Onion,Onion,FAQ,2600,2800,2700,14-Jan-25
9300,Birbhum,Bolpur,Onion,Onion,FAQ,2600,2800,2700,18-Jan-25
9301,Sundergarh,Bonai,Onion,Onion,FAQ,3000,4000,4000,09-Jan-25
9302,Ernakulam,Broadway market,Onion,1st Sort,FAQ,4000,5000,4200,03-Jan-25
9303,Mansa,Budalada,Onion,Other,FAQ,2600,3100,2800,18-Jan-25
9304,Bulandshahar,Buland Shahr,Onion,Red,FAQ,2200,2400,2300,20-Jan-25
9305,Purba Bardhaman,Burdwan,Onion,Nasik,FAQ,2600,2850,2700,29-Jan-25
9306,Bhiwani,Ch. Dadri,Onion,Other,FAQ,1500,2500,2000,01-Feb-25
9307,Bhiwani,Ch. Dadri,Onion,Other,FAQ,1800,3000,2400,04-Jan-25
9308,Bijnor,Chaandpur,Onion,Red,FAQ,1400,1600,1500,23-Jan-25
9309,Nadia,Chakdah,Onion,Other,FAQ,2800,3000,2900,21-Jan-25
9310,Thiruvananthapuram,Chala,Onion,Big,FAQ,3700,3900,3700,16-Jan-25
9311,Thiruvananthapuram,Chala,Onion,Onion,FAQ,6600,8000,7000,27-Jan-25
9312,Thiruvananthapuram,Chala,Onion,Onion,FAQ,9200,9500,9200,21-Jan-25
9313,Thiruvananthapuram,Chala,Onion,Onion,FAQ,9600,10000,9600,10-Jan-25
9314,Thirssur,Chalakudy,Onion,Onion,FAQ,3600,4400,4400,29-Jan-25
9315,Chamba,Chamba,Onion,Other,FAQ,3000,3500,3250,04-Jan-25
9316,Chamba,Chamba,Onion,Other,FAQ,3000,3500,3250,06-Jan-25
9317,Hooghly,Champadanga,Onion,Nasik,FAQ,2800,3000,2800,14-Jan-25
9318,Chandigarh,Chandigarh(Grain/Fruit),Onion,Other,FAQ,1000,3000,2500,09-Jan-25
9319,Chandauli,Chandoli,Onion,Red,FAQ,2200,2310,2245,22-Jan-25
9320,Chandrapur,Chandrapur(Ganjwad),Onion,Other,FAQ,2000,3000,2500,20-Jan-25
9321,Chattrapati Sambhajinagar,Chattrapati Sambhajinagar,Onion,Other,FAQ,600,2900,1750,04-Jan-25
9322,Chattrapati Sambhajinagar,Chattrapati Sambhajinagar,Onion,Other,FAQ,700,2800,1750,06-Jan-25
9323,Chattrapati Sambhajinagar,Chattrapati Sambhajinagar,Onion,Other,FAQ,1400,2500,1950,01-Jan-25
9324,Thirssur,Chelakkara,Onion,Other,FAQ,4800,5000,4900,08-Jan-25
9325,Thirssur,Chelakkara,Onion,Other,FAQ,4800,5000,4900,15-Jan-25
9326,Chengalpattu,Chengalpet(Uzhavar Sandhai ),Onion,Bellary,Local,4500,5200,5200,06-Jan-25
9327,Thiruvannamalai,Chengam(Uzhavar Sandhai ),Onion,Bellary,Local,3300,4000,4000,03-Jan-25
9328,Thiruvannamalai,Chengam(Uzhavar Sandhai ),Onion,Bellary,Local,3600,4000,4000,24-Jan-25
9329,Alappuzha,Chengannur,Onion,Onion,FAQ,3900,4200,4000,27-Jan-25
9330,Alappuzha,Chengannur,Onion,Small,FAQ,8700,9200,9000,19-Jan-25
9331,Alappuzha,Cherthala,Onion,Big,FAQ,5000,5200,5100,07-Jan-25
9332,Thiruvannamalai,Cheyyar(Uzhavar Sandhai ),Onion,Bellary,Local,3500,4500,4500,31-Jan-25
9333,Thiruvannamalai,Cheyyar(Uzhavar Sandhai ),Onion,Bellary,Local,4000,4800,4800,13-Jan-25
9334,Yamuna Nagar,Chhachrauli,Onion,Onion,FAQ,1800,2600,1800,28-Jan-25
9335,Yamuna Nagar,Chhachrauli,Onion,Other,FAQ,2000,3000,2000,25-Jan-25
9336,Kannuj,Chhibramau,Onion,Red,FAQ,2150,2250,2200,23-Jan-25
9337,Kannuj,Chhibramau,Onion,Red,FAQ,2200,2300,2260,21-Jan-25
9338,Kannuj,Chhibramau,Onion,Red,FAQ,2250,2400,2320,07-Jan-25
9339,Cuddalore,Chidambaram(Uzhavar Sandhai ),Onion,Bellary,Local,4000,5000,5000,28-Jan-25
9340,Chikmagalur,Chikkamagalore,Onion,Other,FAQ,3955,4155,4055,03-Jan-25
9341,Dindigul,Chinnalapatti(Uzhavar Sandhai ),Onion,Bellary,Local,4000,4800,4800,18-Jan-25
9342,Dindigul,Chinnalapatti(Uzhavar Sandhai ),Onion,Bellary,Local,4000,5000,5000,02-Jan-25
9343,Dindigul,Chinnalapatti(Uzhavar Sandhai ),Onion,Bellary,Local,5000,5600,5600,13-Jan-25
9344,Theni,Chinnamanur(Uzhavar Sandhai ),Onion,Bellary,Local,4400,4500,4500,29-Jan-25
9345,Jalpaiguri,Moynaguri,Onion,Nasik,FAQ,2900,3100,3000,05-Jan-25
9346,Jaunpur,Mugrabaadshahpur,Onion,Red,FAQ,2185,2385,2285,22-Jan-25
9347,Jaunpur,Mugrabaadshahpur,Onion,Red,FAQ,2320,2520,2420,16-Jan-25
9348,Jaunpur,Mugrabaadshahpur,Onion,Red,FAQ,2410,2610,2510,11-Jan-25
9349,Hoshiarpur,Mukerian(Talwara),Onion,Onion,FAQ,2200,2600,2400,27-Jan-25
9350,Hoshiarpur,Mukerian(Talwara),Onion,Onion,FAQ,2200,2800,2500,01-Feb-25
9351,Hoshiarpur,Mukerian(Talwara),Onion,Onion,FAQ,2400,3000,2700,04-Jan-25
9352,Kozhikode(Calicut),Mukkom,Onion,Onion,FAQ,4500,4800,4600,06-Jan-25
9353,Kozhikode(Calicut),Mukkom,Onion,Onion,FAQ,4600,5000,4800,05-Jan-25
9354,Muktsar,Muktsar,Onion,Other,FAQ,2200,2800,2500,13-Jan-25
9355,Muktsar,Muktsar,Onion,Other,Non-FAQ,2000,3000,2500,20-Jan-25
9356,Idukki,Munnar,Onion,Big,FAQ,4000,6000,5000,20-Jan-25
9357,Ghaziabad,Muradnagar,Onion,Red,FAQ,2100,2180,2140,31-Jan-25
9358,Madhepura,Murliganj,Onion,White,FAQ,2500,3200,2800,06-Jan-25
9359,Madhepura,Murliganj,Onion,White,FAQ,2500,3500,2800,01-Jan-25
9360,Thiruchirappalli,Musiri(Uzhavar Sandhai ),Onion,Bellary,Local,4000,5600,5600,08-Jan-25
9361,Thiruchirappalli,Musiri(Uzhavar Sandhai ),Onion,Bellary,Local,4000,5600,5600,12-Jan-25
9362,Hamirpur,Muskara,Onion,Red,FAQ,2250,2450,2350,18-Jan-25
9363,Yamuna Nagar,Mustafabad,Onion,Other,FAQ,2800,2800,2800,17-Jan-25
9364,Thiruvarur,Muthupettai(Uzhavar Sandhai ),Onion,Bellary,Local,5000,5000,5000,02-Jan-25
9365,Thiruvarur,Muthupettai(Uzhavar Sandhai ),Onion,Bellary,Local,5000,5000,5000,30-Jan-25
9366,Muzaffarnagar,Muzzafarnagar,Onion,Red,FAQ,2400,2600,2500,05-Jan-25
9367,Nagercoil (Kannyiakumari),Myladi(Uzhavar Sandhai ),Onion,Bellary,Local,4500,5000,5000,22-Jan-25
9368,Nagercoil (Kannyiakumari),Myladi(Uzhavar Sandhai ),Onion,Bellary,Local,4500,5500,5500,10-Jan-25
9369,Nadia,Nadia,Onion,Other,FAQ,2700,2925,2800,11-Jan-25
9370,Nadia,Nadia,Onion,Other,FAQ,2900,3000,2975,12-Jan-25
9371,Kheda,Nadiyad(Piplag),Onion,Onion,FAQ,1500,1900,1750,23-Jan-25
9372,Kheda,Nadiyad(Piplag),Onion,Onion,FAQ,2000,2400,2200,01-Jan-25
9373,Nagapattinam,Nagapattinam(Uzhavar Sandhai ),Onion,Bellary,Local,2500,3000,3000,14-Jan-25
9374,Nagapattinam,Nagapattinam(Uzhavar Sandhai ),Onion,Bellary,Local,3000,3500,3500,07-Jan-25
9375,Bijnor,Nagina,Onion,Red,FAQ,800,1600,1200,28-Jan-25
9376,Bijnor,Nagina,Onion,Red,FAQ,1000,1800,1200,07-Jan-25
9377,Bijnor,Nagina,Onion,Red,FAQ,1000,1800,1200,09-Jan-25
9378,Nagpur,Nagpur,Onion,White,FAQ,1600,3000,2650,08-Jan-25
9379,Nashik,Nampur,Onion,Red,FAQ,300,2505,2100,23-Jan-25
9380,Nashik,Nampur,Onion,Red,FAQ,300,2685,2000,08-Jan-25
9381,Nashik,Nampur,Onion,Red,FAQ,400,2350,2000,16-Jan-25
9382,Chengalpattu,Nanganallur(Uzhavar Sandhai ),Onion,Bellary,Local,3500,4500,4500,03-Jan-25
9383,Ambala,Naraingarh,Onion,Onion,FAQ,2000,2500,2300,13-Jan-25
9384,Thiruvellore,Naravarikuppam(Uzhavar Sandhai ),Onion,Bellary,Local,4500,4500,4500,19-Jan-25
9385,Thiruvellore,Naravarikuppam(Uzhavar Sandhai ),Onion,Bellary,Local,4500,4500,4500,20-Jan-25
9386,Thiruvellore,Naravarikuppam(Uzhavar Sandhai ),Onion,Bellary,Local,5000,5000,5000,07-Jan-25
9387,Thiruvellore,Naravarikuppam(Uzhavar Sandhai ),Onion,Bellary,Local,5000,5000,5000,09-Jan-25
9388,Mahendragarh-Narnaul,Narnaul,Onion,Other,FAQ,1500,2000,1700,29-Jan-25
9389,Mahendragarh-Narnaul,Narnaul,Onion,Other,FAQ,1800,2500,2000,15-Jan-25
9390,Mahendragarh-Narnaul,Narnaul,Onion,Other,FAQ,2000,2500,2500,08-Jan-25
9391,Jammu,Narwal Jammu (F&V),Onion,Other,FAQ,2600,2800,2700,20-Jan-25
9392,Jammu,Narwal Jammu (F&V),Onion,Other,FAQ,2800,3200,3000,09-Jan-25
9393,Jammu,Narwal Jammu (F&V),Onion,Other,FAQ,2800,3200,3000,10-Jan-25
9394,Chattrapati Sambhajinagar,Chattrapati Sambhajinagar,Onion,Other,FAQ,800,2100,1450,14-Jan-25
9395,Chattrapati Sambhajinagar,Chattrapati Sambhajinagar,Onion,Other,Local,500,2000,1250,26-Jan-25
9396,Thirssur,Chavakkad,Onion,Other,FAQ,3200,4000,4000,15-Jan-25
9397,Thirssur,Chavakkad,Onion,Other,FAQ,3800,4400,4400,29-Jan-25
9398,Thirssur,Chavakkad,Onion,Other,Non-FAQ,4000,4600,4600,24-Jan-25
9399,Thirssur,Chelakkara,Onion,Other,FAQ,4800,5000,4900,22-Jan-25
9400,Chengalpattu,Chengalpet(Uzhavar Sandhai ),Onion,Bellary,Local,3500,4000,4000,09-Jan-25
9401,Chengalpattu,Chengalpet(Uzhavar Sandhai ),Onion,Bellary,Local,4000,4500,4500,02-Jan-25
9402,Chengalpattu,Chengalpet(Uzhavar Sandhai ),Onion,Bellary,Local,4500,5000,5000,03-Jan-25
9403,Thiruvannamalai,Chengam(Uzhavar Sandhai ),Onion,Bellary,Local,3300,4000,4000,19-Jan-25
9404,Thiruvannamalai,Chengam(Uzhavar Sandhai ),Onion,Bellary,Local,3300,4000,4000,23-Jan-25
9405,Alappuzha,Chengannur,Onion,Onion,FAQ,3500,3800,3600,30-Jan-25
9406,Alappuzha,Chengannur,Onion,Small,FAQ,7500,8000,7800,06-Jan-25
9407,Alappuzha,Chengannur,Onion,Small,FAQ,8800,9500,9000,18-Jan-25
9408,Alappuzha,Cherthala,Onion,Big,FAQ,5000,5200,5100,03-Jan-25
9409,Alappuzha,Cherthala,Onion,Big,FAQ,5400,5600,5500,08-Jan-25
9410,Thiruvannamalai,Cheyyar(Uzhavar Sandhai ),Onion,Bellary,Local,3000,4000,4000,18-Jan-25
9411,Thiruvannamalai,Cheyyar(Uzhavar Sandhai ),Onion,Bellary,Local,4000,4800,4800,28-Jan-25
9412,Yamuna Nagar,Chhachrauli,Onion,Onion,Non-FAQ,1800,2500,1800,17-Jan-25
9413,Yamuna Nagar,Chhachrauli,Onion,Other,FAQ,1700,2700,1700,19-Jan-25
9414,Kannuj,Chhibramau,Onion,Red,FAQ,2250,2400,2325,11-Jan-25
9415,Kannuj,Chhibramau,Onion,Red,FAQ,2300,2400,2350,08-Jan-25
9416,Kolar,Chickkaballapura,Onion,Local,FAQ,1800,2000,1900,24-Jan-25
9417,Chikmagalur,Chikkamagalore,Onion,Other,FAQ,3512,3712,3612,10-Jan-25
9418,Dindigul,Chinnalapatti(Uzhavar Sandhai ),Onion,Bellary,Local,3800,4400,4400,29-Jan-25
9419,Dindigul,Chinnalapatti(Uzhavar Sandhai ),Onion,Bellary,Local,4000,4800,4800,21-Jan-25
9420,Dindigul,Chinnalapatti(Uzhavar Sandhai ),Onion,Bellary,Local,4200,5000,5000,01-Jan-25
9421,Jhansi,Chirgaon,Onion,Red,FAQ,2000,2140,2060,05-Jan-25
9422,Jhansi,Chirgaon,Onion,Red,FAQ,2000,2200,2100,02-Jan-25
9423,Jhansi,Chirgaon,Onion,Red,FAQ,2100,2250,2120,01-Jan-25
9424,Ballia,Chitwadagaon,Onion,Red,Non-FAQ,2075,2160,2120,31-Jan-25
9425,Madurai,Chokkikulam(Uzhavar Sandhai ),Onion,Bellary,Local,3500,5000,5000,12-Jan-25
9426,Jaipur Rural,Chomu (F&V),Onion,Other,FAQ,1600,2400,2000,08-Jan-25
9427,Mayurbhanja,Chuliaposi,Onion,1st Sort,FAQ,3300,3500,3400,24-Jan-25
9428,Mayurbhanja,Chuliaposi,Onion,1st Sort,FAQ,3400,3600,3500,28-Jan-25
9429,Mayurbhanja,Chuliaposi,Onion,1st Sort,FAQ,3700,3800,3700,09-Jan-25
9430,Churu,Churu,Onion,1st Sort,FAQ,1600,1800,1700,06-Jan-25
9431,Churu,Churu,Onion,1st Sort,Non-FAQ,1600,1800,1700,27-Jan-25
9432,Saharanpur,Chutmalpur,Onion,Red,FAQ,1300,1500,1400,24-Jan-25
9433,Coochbehar,Coochbehar,Onion,Other,FAQ,2100,2300,2200,18-Jan-25
9434,Coochbehar,Coochbehar,Onion,Other,FAQ,2600,2800,2650,01-Feb-25
9435,The Nilgiris,Coonoor(Uzhavar Sandhai ),Onion,Bellary,Local,4800,5000,5000,05-Jan-25
9436,Cuddalore,Cuddalore(Uzhavar Sandhai ),Onion,Bellary,Local,4000,4000,4000,11-Jan-25
9437,Cuddalore,Cuddalore(Uzhavar Sandhai ),Onion,Bellary,Local,4000,5000,5000,06-Jan-25
9438,Cuddalore,Cuddalore(Uzhavar Sandhai ),Onion,Bellary,Local,4000,5000,5000,25-Jan-25
9439,Cuddalore,Cuddalore(Uzhavar Sandhai ),Onion,Bellary,Local,4000,6000,6000,14-Jan-25
9440,Gautam Budh Nagar,Dadri,Onion,Red,FAQ,2000,2280,2130,30-Jan-25
9441,Gautam Budh Nagar,Dadri,Onion,Red,FAQ,2100,2350,2200,22-Jan-25
9442,Dahod,Dahod(Veg. Market),Onion,Onion,FAQ,700,3000,2200,22-Jan-25
9443,Theni,Chinnamanur(Uzhavar Sandhai ),Onion,Bellary,Local,4600,4600,4600,20-Jan-25
9444,Jhansi,Chirgaon,Onion,Red,FAQ,1950,2060,2010,09-Jan-25
9445,Jhansi,Chirgaon,Onion,Red,FAQ,2000,2100,2040,18-Jan-25
9446,Jhansi,Chirgaon,Onion,Red,FAQ,2000,2100,2045,31-Jan-25
9447,Jhansi,Chirgaon,Onion,Red,FAQ,2000,2100,2050,07-Jan-25
9448,Jhansi,Chirgaon,Onion,Red,FAQ,2000,2200,2100,11-Jan-25
9449,Ballia,Chitwadagaon,Onion,Red,FAQ,2145,2240,2200,03-Jan-25
9450,Ballia,Chitwadagaon,Onion,Red,FAQ,2400,2490,2440,14-Jan-25
9451,Ballia,Chitwadagaon,Onion,Red,Non-FAQ,2080,2170,2130,29-Jan-25
9452,Madurai,Chokkikulam(Uzhavar Sandhai ),Onion,Bellary,Local,4800,5000,5000,10-Jan-25
9453,Jaipur Rural,Chomu (F&V),Onion,Other,Non-FAQ,1600,2400,2000,20-Jan-25
9454,Kanpur,Choubepur,Onion,Red,FAQ,2100,2200,2160,31-Jan-25
9455,Kanpur,Choubepur,Onion,Red,FAQ,2750,2850,2825,01-Jan-25
9456,Mayurbhanja,Chuliaposi,Onion,1st Sort,FAQ,3500,3700,3500,23-Jan-25
9457,Saharanpur,Chutmalpur,Onion,Red,FAQ,1300,1500,1400,13-Jan-25
9458,Coochbehar,Coochbehar,Onion,Other,FAQ,1700,1900,1800,23-Jan-25
9459,Coochbehar,Coochbehar,Onion,Other,FAQ,2550,3000,2800,27-Jan-25
9460,The Nilgiris,Coonoor(Uzhavar Sandhai ),Onion,Bellary,Local,4000,5800,5800,08-Jan-25
9461,Cuddalore,Cuddalore(Uzhavar Sandhai ),Onion,Bellary,Local,4000,4000,4000,21-Jan-25
9462,Gautam Budh Nagar,Dadri,Onion,Red,FAQ,2000,2255,2150,24-Jan-25
9463,Dahod,Dahod(Veg. Market),Onion,Onion,FAQ,1500,3000,2500,03-Jan-25
9464,Patna,Danapur,Onion,Medium,FAQ,2200,2600,2400,03-Jan-25
9465,Patna,Danapur,Onion,Medium,FAQ,3000,3400,3200,17-Jan-25
9466,Davangere,Davangere,Onion,Onion,FAQ,1000,3700,2000,30-Jan-25
9467,Davangere,Davangere,Onion,Onion,FAQ,1000,5400,3200,10-Jan-25
9468,Banaskanth,Deesa(Deesa Veg Yard),Onion,Other,FAQ,1300,1450,1375,28-Jan-25
9469,Krishnagiri,Denkanikottai(Uzhavar Sandhai ),Onion,Bellary,Local,3000,4000,4000,16-Jan-25
9470,Sagar,Deori,Onion,Onion,FAQ,1105,1105,1105,07-Jan-25
9471,Mohali,Dera Bassi,Onion,Other,FAQ,2600,2800,2600,02-Jan-25
9472,Sivaganga,Devakottai (Uzhavar Sandhai ),Onion,Bellary,Local,4800,5000,5000,16-Jan-25
9473,Sivaganga,Devakottai (Uzhavar Sandhai ),Onion,Bellary,Local,4800,5200,5200,01-Jan-25
9474,Sivaganga,Devakottai (Uzhavar Sandhai ),Onion,Bellary,Local,4800,5400,5400,17-Jan-25
9475,Nashik,Devala,Onion,Red,FAQ,800,2545,2250,08-Jan-25
9476,Theni,Devaram(Uzhavar Sandhai ),Onion,Bellary,Local,4200,4500,4500,25-Jan-25
9477,Deoria,Devariya,Onion,Red,Non-FAQ,2180,2215,2200,18-Jan-25
9478,Dhar,Dhamnod(F&V),Onion,Onion,FAQ,1500,3000,2000,11-Jan-25
9479,Dhar,Dhamnod(F&V),Onion,Onion,FAQ,2000,3000,2500,08-Jan-25
9480,Mandi,Dhanotu (Mandi),Onion,Other,FAQ,2400,3200,2800,23-Jan-25
9481,Mandi,Dhanotu (Mandi),Onion,Other,FAQ,2600,3000,2800,11-Jan-25
9482,Mandi,Dhanotu (Mandi),Onion,Other,FAQ,2800,3000,2900,01-Feb-25
9483,Moga,Dharamkot,Onion,Other,FAQ,5000,5000,5000,19-Jan-25
9484,Kangra,Dharamshala,Onion,Other,FAQ,3000,3500,3250,30-Jan-25
9485,Thirupur,Dharapuram(Uzhavar Sandhai ),Onion,Bellary,Local,4000,4500,4500,23-Jan-25
9486,Dharashiv(Usmanabad),Dharashiv,Onion,Red,FAQ,1400,2600,2000,15-Jan-25
9487,Dharashiv(Usmanabad),Dharashiv,Onion,Red,FAQ,1500,3200,2350,04-Jan-25
9488,Gurdaspur,Dhariwal,Onion,Other,FAQ,1700,2000,1900,17-Jan-25
9489,Dharmapuri,Dharmapuri(Uzhavar Sandhai ),Onion,Bellary,Local,4200,4400,4400,01-Feb-25
9490,Dharmapuri,Dharmapuri(Uzhavar Sandhai ),Onion,Bellary,Local,4200,4600,4600,24-Jan-25
9491,Dharmapuri,Dharmapuri(Uzhavar Sandhai ),Onion,Bellary,Local,4700,5000,5000,06-Jan-25
9492,Dhule,Dhule,Onion,Red,FAQ,470,2950,2350,02-Jan-25
9493,Sitapur,Mehmoodabad,Onion,Red,FAQ,2200,2250,2220,29-Jan-25
9494,Sitapur,Mehmoodabad,Onion,Red,FAQ,2310,2365,2330,21-Jan-25
9495,Sitapur,Mehmoodabad,Onion,Red,FAQ,2400,2455,2430,15-Jan-25
9496,Sitapur,Mehmoodabad,Onion,Red,FAQ,2555,2610,2580,08-Jan-25
9497,Ranga Reddy,Mehndipatnam(Rythu Bazar),Onion,1st Sort,FAQ,4000,4000,4000,05-Jan-25
9498,Mehsana,Mehsana(Mehsana Veg),Onion,Onion,FAQ,1250,2600,2150,04-Jan-25
9499,Sepahijala,Melaghar,Onion,Red,FAQ,3400,3600,3500,17-Jan-25
9500,Thirunelveli,Melapalayam(Uzhavar Sandhai ),Onion,Bellary,Local,3400,3600,3600,16-Jan-25
9501,Thirunelveli,Melapalayam(Uzhavar Sandhai ),Onion,Bellary,Local,3500,4600,4600,03-Jan-25
9502,Thirunelveli,Melapalayam(Uzhavar Sandhai ),Onion,Bellary,Local,4000,4400,4400,10-Jan-25
9503,Thirunelveli,Melapalayam(Uzhavar Sandhai ),Onion,Bellary,Local,4000,4600,4600,02-Jan-25
9504,Madurai,Melur(Uzhavar Sandhai ),Onion,Bellary,Local,4500,5000,5000,27-Jan-25
9505,Madurai,Melur(Uzhavar Sandhai ),Onion,Bellary,Local,4800,5000,5000,10-Jan-25
9506,Coimbatore,Mettupalayam(Uzhavar Sandhai ),Onion,Bellary,Local,4200,4600,4600,03-Jan-25
9507,Coimbatore,Mettupalayam(Uzhavar Sandhai ),Onion,Bellary,Local,4400,4800,4800,21-Jan-25
9508,Salem,Mettur(Uzhavar Sandhai ),Onion,Bellary,Local,4000,5500,5500,23-Jan-25
9509,Salem,Mettur(Uzhavar Sandhai ),Onion,Bellary,Local,4000,6000,6000,10-Jan-25
9510,Indore,Mhow(F&V),Onion,Onion,FAQ,800,800,800,02-Jan-25
9511,Indore,Mhow(F&V),Onion,Onion,FAQ,900,1100,980,06-Jan-25
9512,Indore,Mhow(F&V),Onion,Onion,FAQ,1200,1800,1500,25-Jan-25
9513,Indore,Mhow(F&V),Onion,Onion,FAQ,1200,2000,1500,31-Jan-25
9514,Indore,Mhow(F&V),Onion,Onion,FAQ,1300,1700,1500,24-Jan-25
9515,Rampur,Milak,Onion,Red,FAQ,2075,2150,2110,28-Jan-25
9516,Rampur,Milak,Onion,Red,FAQ,2165,2255,2210,23-Jan-25
9517,Mirzapur,Mirzapur,Onion,Red,FAQ,2300,2375,2350,19-Jan-25
9518,Mirzapur,Mirzapur,Onion,Red,FAQ,2400,2485,2450,14-Jan-25
9519,Mirzapur,Mirzapur,Onion,Red,FAQ,3375,3475,3435,15-Jan-25
9520,Khiri (Lakhimpur),Mohammdi,Onion,Red,FAQ,2220,2320,2275,22-Jan-25
9521,Khiri (Lakhimpur),Mohammdi,Onion,Red,FAQ,2285,2370,2330,20-Jan-25
9522,Khiri (Lakhimpur),Mohammdi,Onion,Red,FAQ,2624,2720,2675,07-Jan-25
9523,Namakkal,Mohanur(Uzhavar Sandhai ),Onion,Bellary,Local,4500,5000,5000,10-Jan-25
9524,Mahendragarh-Narnaul,Mohindergarh,Onion,Onion,FAQ,1500,2000,1600,04-Jan-25
9525,Mahendragarh-Narnaul,Mohindergarh,Onion,Onion,FAQ,1700,2500,2500,20-Jan-25
9526,Mahendragarh-Narnaul,Mohindergarh,Onion,Onion,FAQ,1800,2000,2000,09-Jan-25
9527,Morbi,Morbi,Onion,Onion,FAQ,500,2100,1300,10-Jan-25
9528,Morbi,Morbi,Onion,Onion,FAQ,500,2300,1400,16-Jan-25
9529,Morbi,Morbi,Onion,Onion,FAQ,500,2300,1400,21-Jan-25
9530,Morbi,Morbi,Onion,Onion,FAQ,500,2400,1450,04-Jan-25
9531,Morbi,Morbi,Onion,Onion,FAQ,700,2800,1750,01-Jan-25
9532,Morena,Morena,Onion,Onion,FAQ,2000,2000,2000,02-Jan-25
9533,Jhansi,Moth,Onion,Red,FAQ,1950,2060,2030,20-Jan-25
9534,Jhansi,Moth,Onion,Red,FAQ,2040,2180,2100,14-Jan-25
9535,Jalpaiguri,Moynaguri,Onion,Nasik,FAQ,2700,2900,2800,18-Jan-25
9536,Jaunpur,Mugrabaadshahpur,Onion,Red,FAQ,2385,2585,2485,10-Jan-25
9537,Hoshiarpur,Mukerian,Onion,Onion,FAQ,2100,2500,2300,06-Jan-25
9538,Hoshiarpur,Mukerian,Onion,Onion,FAQ,2100,2600,2300,10-Jan-25
9539,Hoshiarpur,Mukerian,Onion,Onion,FAQ,2200,2500,2300,09-Jan-25
9540,Hoshiarpur,Mukerian,Onion,Onion,FAQ,2200,2500,2400,11-Jan-25
9541,Hoshiarpur,Mukerian,Onion,Onion,FAQ,2300,2700,2500,15-Jan-25
9542,Kozhikode(Calicut),Mukkom,Onion,Onion,FAQ,3500,4000,3800,30-Jan-25
9543,Sambhal,Muradabad,Onion,Red,FAQ,2240,2350,2290,10-Jan-25
9544,Jalpaiguri,Dhupguri,Onion,Nasik,FAQ,2700,2900,2800,18-Jan-25
9545,Nashik,Dindori(Vani),Onion,Red,FAQ,1400,2863,2251,16-Jan-25
9546,Nashik,Dindori(Vani),Onion,Red,FAQ,1651,2860,2111,09-Jan-25
9547,Nashik,Dindori(Vani),Onion,Red,Local,1715,3050,2450,30-Jan-25
9548,Nashik,Dindori(Vani),Onion,Red,Local,1800,2899,2411,25-Jan-25
9549,Mau(Maunathbhanjan),Doharighat,Onion,Red,FAQ,3400,3500,3455,02-Jan-25
9550,Mau(Maunathbhanjan),Doharighat,Onion,Red,Non-FAQ,3400,3500,3460,22-Jan-25
9551,Ludhiana,Doraha,Onion,Other,Non-FAQ,2300,3000,2700,25-Jan-25
9552,Ludhiana,Doraha,Onion,Other,Non-FAQ,2300,3000,2875,20-Jan-25
9553,Patiala,Dudhansadhan,Onion,Other,FAQ,2600,2800,2700,29-Jan-25
9554,Patiala,Dudhansadhan,Onion,Other,FAQ,3300,3500,3400,01-Jan-25
9555,Sonepur,Dungurapalli,Onion,Other,FAQ,2500,2800,2600,16-Jan-25
9556,Sonepur,Dungurapalli,Onion,Other,FAQ,3000,3200,3100,10-Jan-25
9557,Durg,Durg,Onion,Onion,Local,2000,2500,2500,17-Jan-25
9558,Durg,Durg,Onion,Onion,Non-FAQ,2000,2500,2500,24-Jan-25
9559,Durg,Durg,Onion,Onion,Non-FAQ,2200,2300,2300,21-Jan-25
9560,Paschim Bardhaman,Durgapur,Onion,Other,FAQ,2600,2850,2750,19-Jan-25
9561,Paschim Bardhaman,Durgapur,Onion,Other,FAQ,2750,2900,2850,25-Jan-25
9562,Paschim Bardhaman,Durgapur,Onion,Other,FAQ,2750,3000,2850,27-Jan-25
9563,Paschim Bardhaman,Durgapur,Onion,Other,FAQ,2750,3000,2850,31-Jan-25
9564,Paschim Bardhaman,Durgapur,Onion,Other,FAQ,2750,3050,2850,28-Jan-25
9565,Paschim Bardhaman,Durgapur,Onion,Other,FAQ,2950,3200,3000,12-Jan-25
9566,Salem,Edapadi (Uzhavar Sandhai ),Onion,Bellary,Local,5000,5600,5600,01-Jan-25
9567,Medinipur(E),Egra/contai,Onion,Onion,FAQ,2700,3000,2800,18-Jan-25
9568,Medinipur(E),Egra/contai,Onion,Onion,FAQ,3000,3400,3200,08-Jan-25
9569,Salem,Elampillai(Uzhavar Sandhai ),Onion,Bellary,Local,4000,6000,6000,10-Jan-25
9570,Salem,Elampillai(Uzhavar Sandhai ),Onion,Bellary,Local,5000,6000,6000,07-Jan-25
9571,Malda,English Bazar,Onion,Other,FAQ,3000,3200,3100,06-Jan-25
9572,Hyderabad,Erragadda(Rythu Bazar),Onion,1st Sort,FAQ,3000,3000,3000,28-Jan-25
9573,Hyderabad,Erragadda(Rythu Bazar),Onion,1st Sort,FAQ,3500,3500,3500,16-Jan-25
9574,Etawah,Etawah,Onion,Red,FAQ,1900,2300,2200,16-Jan-25
9575,Kottayam,Ettumanoor,Onion,Big,FAQ,4200,4400,4300,21-Jan-25
9576,Kottayam,Ettumanoor,Onion,Big,FAQ,4200,4400,4300,24-Jan-25
9577,Gurdaspur,F.G.Churian,Onion,Onion,FAQ,2800,3000,2900,07-Jan-25
9578,Gurdaspur,F.G.Churian,Onion,Onion,FAQ,2800,3000,2900,24-Jan-25
9579,Gurdaspur,F.G.Churian,Onion,Onion,FAQ,2800,3000,2900,31-Jan-25
9580,Ayodhya,Faizabad,Onion,Red,FAQ,1130,1200,1150,31-Jan-25
9581,Ayodhya,Faizabad,Onion,Red,FAQ,2300,2450,2350,22-Jan-25
9582,Ayodhya,Faizabad,Onion,Red,FAQ,2300,2450,2370,10-Jan-25
9583,Faridabad,Faridabad,Onion,Other,FAQ,3000,4000,3500,16-Jan-25
9584,Faridkot,Faridkot,Onion,Onion,FAQ,2000,2550,2400,16-Jan-25
9585,Gurgaon,Farukh Nagar,Onion,Other,FAQ,2100,2500,2100,30-Jan-25
9586,Farukhabad,Farukhabad,Onion,Red,FAQ,2200,2400,2275,22-Jan-25
9587,Farukhabad,Farukhabad,Onion,Red,FAQ,2200,2450,2300,08-Jan-25
9588,Fatehabad,Fatehabad,Onion,Other,FAQ,2000,2000,2000,30-Jan-25
9589,Agra,Fatehabad,Onion,Red,FAQ,1600,1750,1650,23-Jan-25
9590,Agra,Fatehabad,Onion,Red,FAQ,1700,2000,1750,02-Jan-25
9591,Agra,Fatehabad,Onion,Red,FAQ,1800,2000,1850,04-Jan-25
9592,Fatehpur,Fatehpur,Onion,Red,FAQ,1900,2050,1970,18-Jan-25
9593,Fatehpur,Fatehpur,Onion,Red,FAQ,2000,2200,2100,15-Jan-25
9594,Agra,Fatehpur Sikri,Onion,Red,FAQ,1940,2080,2000,01-Feb-25
9595,Agra,Fatehpur Sikri,Onion,Red,FAQ,2180,2300,2240,04-Jan-25
9596,Thiruchirappalli,Musiri(Uzhavar Sandhai ),Onion,Bellary,Local,3500,5500,5500,24-Jan-25
9597,Thiruchirappalli,Musiri(Uzhavar Sandhai ),Onion,Bellary,Local,3500,5500,5500,25-Jan-25
9598,Thiruchirappalli,Musiri(Uzhavar Sandhai ),Onion,Bellary,Local,4000,5000,5000,20-Jan-25
9599,Thiruchirappalli,Musiri(Uzhavar Sandhai ),Onion,Bellary,Local,4000,5600,5600,05-Jan-25
9600,Hamirpur,Muskara,Onion,Red,FAQ,2000,2200,2100,30-Jan-25
9601,Hamirpur,Muskara,Onion,Red,FAQ,2300,2400,2350,09-Jan-25
9602,Yamuna Nagar,Mustafabad,Onion,Other,FAQ,1000,1200,1000,31-Jan-25
9603,Yamuna Nagar,Mustafabad,Onion,Other,FAQ,2600,2800,2600,02-Jan-25
9604,Thiruvarur,Muthupettai(Uzhavar Sandhai ),Onion,Bellary,Local,5000,5000,5000,17-Jan-25
9605,Muzaffarnagar,Muzzafarnagar,Onion,Red,FAQ,2450,2750,2600,08-Jan-25
9606,Nagercoil (Kannyiakumari),Myladi(Uzhavar Sandhai ),Onion,Bellary,Local,4500,5000,5000,30-Jan-25
9607,Nagercoil (Kannyiakumari),Myladi(Uzhavar Sandhai ),Onion,Bellary,Local,4500,5500,5500,01-Jan-25
9608,Nagercoil (Kannyiakumari),Myladi(Uzhavar Sandhai ),Onion,Bellary,Local,4500,5500,5500,07-Jan-25
9609,Nagercoil (Kannyiakumari),Myladi(Uzhavar Sandhai ),Onion,Bellary,Local,4500,5500,5500,16-Jan-25
9610,Patiala,Nabha,Onion,Other,FAQ,1700,2800,2400,29-Jan-25
9611,Nadia,Nadia,Onion,Other,FAQ,2200,2550,2400,04-Jan-25
9612,Nadia,Nadia,Onion,Other,FAQ,2675,2950,2800,27-Jan-25
9613,Nadia,Nadia,Onion,Other,FAQ,2700,2950,2800,22-Jan-25
9614,Nadia,Nadia,Onion,Other,FAQ,2700,2975,2800,26-Jan-25
9615,Nadia,Nadia,Onion,Other,FAQ,2700,3000,2800,24-Jan-25
9616,Nadia,Nadia,Onion,Other,FAQ,2900,3125,3000,13-Jan-25
9617,Nadia,Nadia,Onion,Other,Non-FAQ,2500,2850,2625,31-Jan-25
9618,Kheda,Nadiyad(Piplag),Onion,Onion,Non-FAQ,1000,1400,1200,29-Jan-25
9619,Nagapattinam,Nagapattinam(Uzhavar Sandhai ),Onion,Bellary,Local,2500,3000,3000,11-Jan-25
9620,Nagapattinam,Nagapattinam(Uzhavar Sandhai ),Onion,Bellary,Local,2500,3000,3000,15-Jan-25
9621,Nagpur,Nagpur,Onion,Red,Local,1400,2400,2150,30-Jan-25
9622,Nagpur,Nagpur,Onion,White,FAQ,1600,2600,2350,23-Jan-25
9623,Nagpur,Nagpur,Onion,White,Local,1600,2600,2350,27-Jan-25
9624,Bijnor,Najibabad,Onion,Red,FAQ,1000,1400,1200,14-Jan-25
9625,Bijnor,Najibabad,Onion,Red,FAQ,1200,1600,1400,11-Jan-25
9626,Namakkal,Namakkal(Uzhavar Sandhai ),Onion,Bellary,Local,4000,4500,4500,02-Jan-25
9627,Namakkal,Namakkal(Uzhavar Sandhai ),Onion,Bellary,Local,4500,5000,5000,10-Jan-25
9628,Nashik,Nampur,Onion,Red,FAQ,200,2455,2100,20-Jan-25
9629,Nashik,Nampur,Onion,Red,Local,400,2470,1800,30-Jan-25
9630,Chengalpattu,Nanganallur(Uzhavar Sandhai ),Onion,Bellary,Local,2500,3000,3000,31-Jan-25
9631,Chengalpattu,Nanganallur(Uzhavar Sandhai ),Onion,Bellary,Local,3000,4000,4000,19-Jan-25
9632,Chengalpattu,Nanganallur(Uzhavar Sandhai ),Onion,Bellary,Local,3500,4500,4500,16-Jan-25
9633,Ambala,Naraingarh,Onion,Onion,FAQ,1500,2000,1900,28-Jan-25
9634,Ambala,Naraingarh,Onion,Onion,FAQ,2000,2500,2200,07-Jan-25
9635,Thiruvellore,Naravarikuppam(Uzhavar Sandhai ),Onion,Bellary,Local,4500,4500,4500,02-Jan-25
9636,Thiruvellore,Naravarikuppam(Uzhavar Sandhai ),Onion,Bellary,Local,4500,4500,4500,06-Jan-25
9637,Mahendragarh-Narnaul,Narnaul,Onion,Other,FAQ,1500,2000,1800,28-Jan-25
9638,Mahendragarh-Narnaul,Narnaul,Onion,Other,FAQ,1500,2000,2000,01-Jan-25
9639,Rajgarh,Narsinghgarh,Onion,Onion,FAQ,1350,2200,2200,06-Jan-25
9640,Rajgarh,Narsinghgarh,Onion,Onion,Non-FAQ,310,1810,1810,27-Jan-25
9641,Jammu,Narwal Jammu (F&V),Onion,Other,FAQ,2400,2600,2500,15-Jan-25
9642,Jammu,Narwal Jammu (F&V),Onion,Other,FAQ,2800,3000,2900,24-Jan-25
9643,Jammu,Narwal Jammu (F&V),Onion,Other,FAQ,2800,3000,2900,25-Jan-25
9644,Nashik,Nasik,Onion,Pole,FAQ,1100,2700,1975,14-Jan-25
9645,Delhi,Azadpur,Onion,Onion,FAQ,1250,3000,2094,01-Feb-25
9646,Azamgarh,Azamgarh,Onion,Red,FAQ,2115,2265,2190,03-Jan-25
9647,Azamgarh,Azamgarh,Onion,Red,FAQ,2275,2425,2350,17-Jan-25
9648,Azamgarh,Azamgarh,Onion,Red,Non-FAQ,2000,2150,2080,01-Feb-25
9649,Raebarelli,Bachranwa,Onion,Red,FAQ,2450,2550,2500,10-Jan-25
9650,Raebarelli,Bachranwa,Onion,Red,FAQ,2700,2800,2750,01-Jan-25
9651,Badaun,Badayoun,Onion,Nasik,FAQ,2140,2320,2250,09-Jan-25
9652,Badaun,Badayoun,Onion,Nasik,FAQ,2200,2340,2255,28-Jan-25
9653,Badwani,Badwani(F&V),Onion,Onion,FAQ,1300,1300,1300,19-Jan-25
9654,Moga,Baghapurana,Onion,Local,FAQ,2000,3000,2500,07-Jan-25
9655,Jhajar,Bahadurgarh,Onion,Other,FAQ,1500,2500,2000,01-Feb-25
9656,Bahraich,Bahraich,Onion,Red,FAQ,2400,2550,2480,15-Jan-25
9657,Bahraich,Bahraich,Onion,Red,FAQ,2400,2600,2500,09-Jan-25
9658,Bahraich,Bahraich,Onion,Red,FAQ,2500,2700,2600,13-Jan-25
9659,Bahraich,Bahraich,Onion,Red,FAQ,2500,2700,2600,14-Jan-25
9660,Puruliya,Balarampur,Onion,Other,FAQ,2500,3000,2600,11-Jan-25
9661,Puruliya,Balarampur,Onion,Other,FAQ,2500,3000,2800,15-Jan-25
9662,Puruliya,Balarampur,Onion,Other,FAQ,3200,3500,3300,09-Jan-25
9663,Thiruvananthapuram,Balarampuram,Onion,1st Sort,FAQ,4000,5000,4000,17-Jan-25
9664,Thiruvananthapuram,Balarampuram,Onion,1st Sort,FAQ,4000,5000,5000,24-Jan-25
9665,Ballia,Ballia,Onion,Red,FAQ,2400,2450,2430,13-Jan-25
9666,Balrampur,Balrampur,Onion,Red,FAQ,2100,2300,2200,01-Feb-25
9667,Balrampur,Balrampur,Onion,Red,FAQ,2160,2380,2275,22-Jan-25
9668,Khurda,Balugaon,Onion,Other,FAQ,2800,3200,3000,12-Jan-25
9669,Khurda,Balugaon,Onion,Other,FAQ,3000,3300,3200,30-Jan-25
9670,Khurda,Balugaon,Onion,Other,Non-FAQ,2800,3100,3000,27-Jan-25
9671,Banda,Banda,Onion,Red,FAQ,1900,2070,2000,29-Jan-25
9672,Banda,Banda,Onion,Red,FAQ,2110,2250,2175,27-Jan-25
9673,Banda,Banda,Onion,Red,FAQ,2230,2370,2300,25-Jan-25
9674,Bangalore,Bangalore,Onion,Bangalore-Samall,FAQ,1000,2000,1400,06-Jan-25
9675,Bangalore,Bangalore,Onion,Bangalore-Samall,FAQ,1500,2000,1700,17-Jan-25
9676,Bangalore,Bangalore,Onion,Bangalore-Samall,FAQ,1500,2500,2000,24-Jan-25
9677,Bangalore,Bangalore,Onion,Local,FAQ,1500,2500,2300,30-Jan-25
9678,Bangalore,Bangalore,Onion,Local,FAQ,2000,2800,2300,21-Jan-25
9679,Bangalore,Bangalore,Onion,Local,FAQ,2500,3200,3000,24-Jan-25
9680,Bangalore,Bangalore,Onion,Onion,FAQ,2500,3000,2800,15-Jan-25
9681,Bangalore,Bangalore,Onion,Onion,FAQ,2500,3200,2800,27-Jan-25
9682,Bangalore,Bangalore,Onion,Puna,FAQ,2500,3400,2800,30-Jan-25
9683,Unnao,Bangarmau,Onion,Red,FAQ,2250,2350,2300,21-Jan-25
9684,Bankura,Bankura Sadar,Onion,Nasik,FAQ,2800,3100,3000,30-Jan-25
9685,Bankura,Bankura Sadar,Onion,Nasik,FAQ,3000,3300,3200,02-Jan-25
9686,Bankura,Bankura Sadar,Onion,Nasik,FAQ,3000,3300,3200,06-Jan-25
9687,Mohali,Banur,Onion,Other,FAQ,1340,3400,1340,31-Jan-25
9688,Mohali,Banur,Onion,Other,FAQ,1340,3700,1340,30-Jan-25
9689,Mohali,Banur,Onion,Other,FAQ,1650,2800,1650,15-Jan-25
9690,Barabanki,Barabanki,Onion,Red,FAQ,2100,2200,2150,30-Jan-25
9691,Barabanki,Barabanki,Onion,Red,FAQ,2250,2350,2300,24-Jan-25
9692,Barabanki,Barabanki,Onion,Red,FAQ,2290,2390,2340,18-Jan-25
9693,Barabanki,Barabanki,Onion,Red,FAQ,2305,2405,2355,12-Jan-25
9694,Barabanki,Barabanki,Onion,Red,FAQ,2400,2500,2450,03-Jan-25
9695,Banka,Barahat,Onion,Medium,FAQ,3500,4000,3800,02-Jan-25
9696,Baran,Baran,Onion,Other,FAQ,500,800,700,14-Jan-25
9697,North 24 Parganas,Barasat,Onion,Other,FAQ,2700,2700,2700,03-Jan-25
9698,Dahod,Dahod(Veg. Market),Onion,Onion,FAQ,900,2500,2000,28-Jan-25
9699,Dahod,Dahod(Veg. Market),Onion,Onion,FAQ,1200,2500,2000,21-Jan-25
9700,Dahod,Dahod(Veg. Market),Onion,Onion,FAQ,1500,3000,2500,07-Jan-25
9701,Dahod,Dahod(Veg. Market),Onion,Onion,FAQ,1600,2800,2400,11-Jan-25
9702,Patna,Danapur,Onion,Medium,FAQ,3000,3400,3200,18-Jan-25
9703,Patna,Danapur,Onion,Medium,FAQ,3400,3800,3600,13-Jan-25
9704,Hoshiarpur,Dasuya,Onion,Other,FAQ,2200,2600,2400,17-Jan-25
9705,Davangere,Davangere,Onion,Onion,FAQ,1000,3700,2000,29-Jan-25
9706,Davangere,Davangere,Onion,Onion,FAQ,1000,4000,2550,20-Jan-25
9707,Davangere,Davangere,Onion,Onion,FAQ,1000,4800,3000,16-Jan-25
9708,Davangere,Davangere,Onion,Onion,FAQ,1000,5600,3300,01-Jan-25
9709,Banaskanth,Deesa(Deesa Veg Yard),Onion,Other,FAQ,1000,2350,1675,03-Jan-25
9710,Dehradoon,Dehradoon,Onion,Nasik,FAQ,1500,2800,2000,09-Jan-25
9711,Krishnagiri,Denkanikottai(Uzhavar Sandhai ),Onion,Bellary,Local,3000,4000,4000,17-Jan-25
9712,Krishnagiri,Denkanikottai(Uzhavar Sandhai ),Onion,Bellary,Local,4000,4500,4500,10-Jan-25
9713,Krishnagiri,Denkanikottai(Uzhavar Sandhai ),Onion,Bellary,Local,4000,4500,4500,14-Jan-25
9714,Krishnagiri,Denkanikottai(Uzhavar Sandhai ),Onion,Bellary,Local,4000,4500,4500,21-Jan-25
9715,Sagar,Deori,Onion,Onion,Non-FAQ,900,1500,1500,26-Jan-25
9716,Sagar,Deori,Onion,Onion,Non-FAQ,950,1500,1500,29-Jan-25
9717,Mohali,Dera Bassi,Onion,Other,FAQ,2400,2500,2500,11-Jan-25
9718,Mohali,Dera Bassi,Onion,Other,FAQ,2400,2500,2500,12-Jan-25
9719,Mohali,Dera Bassi,Onion,Other,FAQ,2400,2500,2500,14-Jan-25
9720,Theni,Devaram(Uzhavar Sandhai ),Onion,Bellary,Local,4000,4400,4400,08-Jan-25
9721,Deoria,Devariya,Onion,Red,Non-FAQ,2225,2245,2230,30-Jan-25
9722,Dhar,Dhamnod(F&V),Onion,Onion,FAQ,1600,2500,1800,16-Jan-25
9723,Amroha,Dhanaura,Onion,Medium,FAQ,1200,1500,1400,02-Jan-25
9724,Amroha,Dhanaura,Onion,Medium,Non-FAQ,1000,1500,1200,01-Feb-25
9725,Amroha,Dhanaura,Onion,Medium,Non-FAQ,1200,1600,1400,18-Jan-25
9726,Kaithal,Dhand,Onion,Other,FAQ,2500,2600,2580,24-Jan-25
9727,Mandi,Dhanotu (Mandi),Onion,Other,FAQ,2400,3000,2700,17-Jan-25
9728,Mandi,Dhanotu (Mandi),Onion,Other,FAQ,2600,3200,2900,03-Jan-25
9729,Mandi,Dhanotu (Mandi),Onion,Other,FAQ,2800,3200,3000,27-Jan-25
9730,Kangra,Dharamshala,Onion,Other,FAQ,3000,3400,3200,01-Feb-25
9731,Kangra,Dharamshala,Onion,Other,FAQ,3000,3500,3250,21-Jan-25
9732,Thirupur,Dharapuram(Uzhavar Sandhai ),Onion,Bellary,Local,4500,5000,5000,05-Jan-25
9733,Dharashiv(Usmanabad),Dharashiv,Onion,Red,FAQ,1700,3800,2750,03-Jan-25
9734,Dharashiv(Usmanabad),Dharashiv,Onion,Red,FAQ,2000,3500,2750,26-Jan-25
9735,Gurdaspur,Dhariwal,Onion,Other,FAQ,1500,1700,1600,01-Jan-25
9736,Gurdaspur,Dhariwal,Onion,Other,FAQ,1600,1900,1800,07-Jan-25
9737,Gurdaspur,Dhariwal,Onion,Other,FAQ,1600,1900,1800,09-Jan-25
9738,Dharmapuri,Dharmapuri(Uzhavar Sandhai ),Onion,Bellary,Local,4300,4600,4600,22-Jan-25
9739,Dharmapuri,Dharmapuri(Uzhavar Sandhai ),Onion,Bellary,Local,4600,5000,5000,07-Jan-25
9740,Rajkot,Dhoraji,Onion,Nasik,FAQ,505,2230,1905,08-Jan-25
9741,Dhule,Dhule,Onion,Red,FAQ,200,1800,1600,14-Jan-25
9742,Dhule,Dhule,Onion,Red,FAQ,200,1800,1600,16-Jan-25
9743,Dhule,Dhule,Onion,Red,Local,200,2060,1900,01-Feb-25
9744,Sangrur,Dhuri,Onion,Onion,FAQ,2000,2200,2100,01-Feb-25
9745,Sangrur,Dhuri,Onion,Other,FAQ,2000,2500,2400,20-Jan-25
9746,Sangrur,Dhuri,Onion,Other,FAQ,2000,2700,2400,03-Jan-25
9747,Sounth 24 Parganas,Diamond Harbour(South 24-pgs),Onion,Red,FAQ,2800,3000,2900,02-Jan-25
9748,Sounth 24 Parganas,Diamond Harbour(South 24-pgs),Onion,Red,FAQ,2900,3000,2950,14-Jan-25
9749,Fazilka,Fazilka,Onion,Other,FAQ,2000,2500,2200,15-Jan-25
9750,Fazilka,Fazilka,Onion,Other,FAQ,2000,2500,2200,29-Jan-25
9751,Mewat,FerozpurZirkha(Nagina),Onion,Other,FAQ,1000,1400,1200,14-Jan-25
9752,Firozabad,Firozabad,Onion,Red,FAQ,2308,2500,2410,14-Jan-25
9753,Ferozpur,Firozepur City,Onion,Other,FAQ,2500,3000,2750,15-Jan-25
9754,Maharajganj,Gadaura,Onion,Red,FAQ,2300,2500,2400,01-Feb-25
9755,Maharajganj,Gadaura,Onion,Red,FAQ,2300,2500,2400,15-Jan-25
9756,Maharajganj,Gadaura,Onion,Red,FAQ,2300,2500,2400,29-Jan-25
9757,Maharajganj,Gadaura,Onion,Red,FAQ,2600,2800,2700,08-Jan-25
9758,Malda,Gajol,Onion,Other,FAQ,2000,2800,2400,01-Feb-25
9759,Malda,Gajol,Onion,Other,FAQ,2300,3000,2500,09-Jan-25
9760,Malda,Gajol,Onion,Other,FAQ,2400,2800,2600,04-Jan-25
9761,Malda,Gajol,Onion,Other,FAQ,2400,2800,2600,06-Jan-25
9762,Sonipat,Ganaur,Onion,Onion,Non-FAQ,2800,3000,2800,21-Jan-25
9763,Sonipat,Ganaur,Onion,Onion,Non-FAQ,2800,3000,2800,24-Jan-25
9764,Sonipat,Ganaur,Onion,Onion,Non-FAQ,2800,3000,2800,27-Jan-25
9765,Pudukkottai,Gandarvakottai(Uzhavar Sandhai ),Onion,Bellary,Local,4000,5000,5000,02-Jan-25
9766,Pudukkottai,Gandarvakottai(Uzhavar Sandhai ),Onion,Bellary,Local,4000,5000,5000,28-Jan-25
9767,Saharanpur,Gangoh,Onion,Red,FAQ,2000,2500,2200,20-Jan-25
9768,Medinipur(W),Garbeta(Medinipur),Onion,Onion,FAQ,2400,2800,2600,06-Jan-25
9769,Medinipur(W),Garbeta(Medinipur),Onion,Onion,FAQ,2400,2800,2600,19-Jan-25
9770,Medinipur(W),Garbeta(Medinipur),Onion,Onion,FAQ,2800,3300,3000,12-Jan-25
9771,Medinipur(W),Garbeta(Medinipur),Onion,Onion,FAQ,2800,3300,3000,14-Jan-25
9772,Hoshiarpur,Garh Shankar,Onion,Other,Non-FAQ,2000,2300,2200,22-Jan-25
9773,Hoshiarpur,Garh Shankar,Onion,Other,Non-FAQ,2000,2500,2200,24-Jan-25
9774,Hoshiarpur,Garh Shankar(Mahalpur),Onion,Onion,FAQ,1800,2500,2000,28-Jan-25
9775,Hoshiarpur,Garh Shankar(Mahalpur),Onion,Onion,FAQ,2000,2800,2500,18-Jan-25
9776,Sagar,Garhakota,Onion,Onion,FAQ,1100,1200,1200,05-Jan-25
9777,Hoshiarpur,GarhShankar (Kotfatuhi),Onion,Other,FAQ,2100,2500,2300,31-Jan-25
9778,Hoshiarpur,GarhShankar (Kotfatuhi),Onion,Other,FAQ,2200,2500,2300,24-Jan-25
9779,Mandsaur,Garoth,Onion,Onion,FAQ,1030,1760,1760,01-Feb-25
9780,Karnal,Gharaunda,Onion,Other,FAQ,2000,2800,2800,17-Jan-25
9781,Karnal,Gharaunda,Onion,Other,FAQ,2000,3000,3000,02-Jan-25
9782,Karnal,Gharaunda,Onion,Other,FAQ,2500,2500,2500,30-Jan-25
9783,Ghaziabad,Ghaziabad,Onion,Red,FAQ,2200,2300,2250,25-Jan-25
9784,Ghaziabad,Ghaziabad,Onion,Red,FAQ,2380,2480,2430,12-Jan-25
9785,Mainpuri,Ghiraur,Onion,Red,FAQ,2200,2400,2300,14-Jan-25
9786,Villupuram,Gingee(Uzhavar Sandhai ),Onion,Bellary,Local,4000,4000,4000,22-Jan-25
9787,Erode,Gobichettipalayam(Uzhavar Sandhai ),Onion,Bellary,Local,4000,5000,5000,02-Jan-25
9788,Erode,Gobichettipalayam(Uzhavar Sandhai ),Onion,Bellary,Local,4600,5000,5000,14-Jan-25
9789,Erode,Gobichettipalayam(Uzhavar Sandhai ),Onion,Bellary,Local,5000,5200,5200,08-Jan-25
9790,Sonipat,Gohana,Onion,Other,FAQ,2000,3000,2500,05-Jan-25
9791,Sonipat,Gohana,Onion,Other,FAQ,2500,2800,2600,01-Jan-25
9792,Lakhimpur,Golagokarnath,Onion,Red,FAQ,2500,2600,2560,03-Jan-25
9793,Lakhimpur,Golagokarnath,Onion,Red,FAQ,2700,2850,2790,10-Jan-25
9794,Hanumangarh,Goluwala,Onion,1st Sort,FAQ,2000,2100,2100,20-Jan-25
9795,Hanumangarh,Goluwala,Onion,1st Sort,FAQ,2000,2200,2200,30-Jan-25
9796,Hanumangarh,Goluwala,Onion,1st Sort,FAQ,2100,2100,2100,17-Jan-25
9797,Hanumangarh,Goluwala,Onion,1st Sort,FAQ,2100,2200,2200,19-Jan-25
9798,Hanumangarh,Goluwala,Onion,1st Sort,FAQ,2500,2500,2500,01-Jan-25
9799,Hanumangarh,Goluwala,Onion,1st Sort,FAQ,2500,2500,2500,07-Jan-25
9800,Jammu,Narwal Jammu (F&V),Onion,Other,FAQ,3000,3200,3100,03-Jan-25
9801,Nashik,Nasik,Onion,Pole,FAQ,1000,2701,2300,07-Jan-25
9802,Nashik,Nasik,Onion,Pole,FAQ,1100,2500,2150,22-Jan-25
9803,Nashik,Nasik,Onion,Pole,FAQ,1100,2700,2050,11-Jan-25
9804,Nashik,Nasik,Onion,Pole,FAQ,1400,2751,2300,17-Jan-25
9805,Thirupathur,Natrampalli(Uzhavar Sandhai ),Onion,Bellary,Local,5500,6000,6000,16-Jan-25
9806,Maharajganj,Nautnava,Onion,Red,FAQ,2300,2500,2400,15-Jan-25
9807,Gonda,Nawabganj,Onion,Red,FAQ,2150,2250,2200,31-Jan-25
9808,Gonda,Nawabganj,Onion,Red,Non-FAQ,2000,2100,2050,31-Jan-25
9809,Jhunjhunu,Nawalgarh,Onion,Red,FAQ,1100,1300,1200,28-Jan-25
9810,Nawanshahr,Nawan Shahar(Subzi Mandi),Onion,Other,FAQ,2400,2500,2450,17-Jan-25
9811,Thiruvarur,Needamangalam(Uzhavar Sandhai ),Onion,Bellary,Local,5800,5800,5800,20-Jan-25
9812,Kasargod,Neeleswaram,Onion,Big,FAQ,3800,4200,4000,31-Jan-25
9813,Neemuch,Neemuch,Onion,Onion,FAQ,300,2200,2200,07-Jan-25
9814,Neemuch,Neemuch,Onion,Onion,FAQ,316,2851,2580,01-Jan-25
9815,Neemuch,Neemuch,Onion,Onion,FAQ,400,2450,1170,10-Jan-25
9816,Karnal,"New Grain Market(main), Karnal",Onion,Other,FAQ,1400,2200,1700,26-Jan-25
9817,Ahmednagar,Newasa(Ghodegaon),Onion,Red,FAQ,1000,2700,2200,13-Jan-25
9818,Ahmednagar,Newasa(Ghodegaon),Onion,Red,FAQ,1000,2800,2500,15-Jan-25
9819,Ahmednagar,Newasa(Ghodegaon),Onion,Red,Local,1000,2800,2500,29-Jan-25
9820,Moga,Nihal Singh Wala,Onion,Other,FAQ,2000,2500,2200,23-Jan-25
9821,Unokoti,Pabiacherra,Onion,Nasik,FAQ,3800,4000,3900,12-Jan-25
9822,Vadodara(Baroda),Padra,Onion,Other,FAQ,1500,3000,2250,30-Jan-25
9823,Vadodara(Baroda),Padra,Onion,Other,FAQ,2000,3000,2500,24-Jan-25
9824,Kottayam,Pala,Onion,Big,FAQ,4600,5000,4800,02-Jan-25
9825,Kottayam,Pala,Onion,Big,FAQ,4600,5000,4800,29-Jan-25
9826,Kottayam,Pala,Onion,Big,Non-FAQ,9800,11000,10500,29-Jan-25
9827,Dharmapuri,Palacode(Uzhavar Sandhai ),Onion,Bellary,Local,4500,5000,5000,03-Jan-25
9828,Kangra,Palampur,Onion,Other,FAQ,3000,3200,3100,18-Jan-25
9829,Madurai,Palanganatham(Uzhavar Sandhai ),Onion,Bellary,Local,4500,5000,5000,23-Jan-25
9830,Dindigul,Palani(Uzhavar Sandhai ),Onion,Bellary,Local,3000,5000,5000,04-Jan-25
9831,Dindigul,Palani(Uzhavar Sandhai ),Onion,Bellary,Local,3500,5000,5000,25-Jan-25
9832,Lakhimpur,Paliakala,Onion,Red,FAQ,2600,2700,2650,16-Jan-25
9833,Bhavnagar,Palitana,Onion,Red,FAQ,1600,4000,3000,24-Jan-25
9834,Thirupur,Palladam(Uzhavar Sandhai ),Onion,Bellary,Local,3500,4000,4000,01-Feb-25
9835,Thirupur,Palladam(Uzhavar Sandhai ),Onion,Bellary,Local,3500,4000,4000,03-Jan-25
9836,Chengalpattu,Pallavaram(Uzhavar Sandhai ),Onion,Bellary,Local,3000,5000,5000,05-Jan-25
9837,Chengalpattu,Pallavaram(Uzhavar Sandhai ),Onion,Bellary,Local,3000,5000,5000,29-Jan-25
9838,Kottayam,Pampady,Onion,Big,FAQ,4000,5000,4600,09-Jan-25
9839,Balrampur,Panchpedwa,Onion,Red,FAQ,1800,2000,1900,10-Jan-25
9840,Balrampur,Panchpedwa,Onion,Red,FAQ,1800,2200,2000,29-Jan-25
9841,Balrampur,Panchpedwa,Onion,Red,FAQ,2000,2200,2100,11-Jan-25
9842,Balrampur,Panchpedwa,Onion,Red,FAQ,2000,2200,2100,28-Jan-25
9843,Balrampur,Panchpedwa,Onion,Red,FAQ,2000,2400,2200,31-Jan-25
9844,Hooghly,Pandua,Onion,Nasik,FAQ,2450,2550,2500,18-Jan-25
9845,Panipat,Panipat,Onion,Other,FAQ,1000,1800,1400,24-Jan-25
9846,North Tripura,Panisagar,Onion,Nasik,FAQ,3800,4000,3900,05-Jan-25
9847,North Tripura,Panisagar,Onion,Nasik,FAQ,3900,4000,3950,08-Jan-25
9848,North Tripura,Panisagar,Onion,Nasik,FAQ,3900,4000,3950,19-Jan-25
9849,Cuddalore,Panruti(Uzhavar Sandhai ),Onion,Bellary,Local,4000,5000,5000,20-Jan-25
9850,Cuddalore,Panruti(Uzhavar Sandhai ),Onion,Bellary,Local,4000,5000,5000,24-Jan-25
9851,Sounth 24 Parganas,Diamond Harbour(South 24-pgs),Onion,Red,FAQ,3100,3300,3200,08-Jan-25
9852,Auraiya,Dibiapur,Onion,Red,FAQ,1400,1575,1500,11-Jan-25
9853,Gurdaspur,Dinanagar,Onion,Other,FAQ,2000,2200,2000,27-Jan-25
9854,Dindigul,Dindigul(Uzhavar Sandhai ),Onion,Bellary,Local,5000,5600,5600,05-Jan-25
9855,Nashik,Dindori(Vani),Onion,Red,FAQ,1650,3300,2525,03-Jan-25
9856,Coochbehar,Dinhata,Onion,Onion,FAQ,2800,3200,3000,26-Jan-25
9857,Bulandshahar,Divai,Onion,Red,FAQ,1600,1800,1700,19-Jan-25
9858,Mau(Maunathbhanjan),Doharighat,Onion,Red,FAQ,3400,3500,3460,08-Jan-25
9859,Mau(Maunathbhanjan),Doharighat,Onion,Red,FAQ,3400,3500,3460,13-Jan-25
9860,Ludhiana,Doraha,Onion,Other,FAQ,2000,3000,2500,06-Jan-25
9861,Patiala,Dudhansadhan,Onion,Other,FAQ,2600,2800,2700,27-Jan-25
9862,Patiala,Dudhansadhan,Onion,Other,FAQ,3300,3500,3400,03-Jan-25
9863,Patiala,Dudhansadhan,Onion,Other,FAQ,3300,3500,3400,10-Jan-25
9864,Durg,Durg,Onion,Onion,Local,2000,2200,2200,15-Jan-25
9865,Paschim Bardhaman,Durgapur,Onion,Other,FAQ,2550,2800,2600,01-Jan-25
9866,Paschim Bardhaman,Durgapur,Onion,Other,FAQ,2650,2850,2700,03-Jan-25
9867,Salem,Edapadi (Uzhavar Sandhai ),Onion,Bellary,Local,3000,5000,5000,20-Jan-25
9868,Salem,Edapadi (Uzhavar Sandhai ),Onion,Bellary,Local,5000,5600,5600,15-Jan-25
9869,Salem,Elampillai(Uzhavar Sandhai ),Onion,Bellary,Local,4500,5000,5000,20-Jan-25
9870,Malda,English Bazar,Onion,Other,FAQ,2000,2800,2500,28-Jan-25
9871,Etawah,Etawah,Onion,Red,FAQ,1800,2100,2000,17-Jan-25
9872,Etawah,Etawah,Onion,Red,FAQ,2000,2350,2300,26-Jan-25
9873,Etawah,Etawah,Onion,Red,FAQ,2150,2450,2350,06-Jan-25
9874,Etawah,Etawah,Onion,Red,FAQ,2200,2600,2500,04-Jan-25
9875,Kottayam,Ettumanoor,Onion,Big,FAQ,4000,4200,4100,01-Feb-25
9876,Kottayam,Ettumanoor,Onion,Big,FAQ,4200,4600,4400,29-Jan-25
9877,Kottayam,Ettumanoor,Onion,Onion,FAQ,6200,6400,6300,23-Jan-25
9878,Gurdaspur,F.G.Churian,Onion,Onion,FAQ,2800,3000,2900,09-Jan-25
9879,Gurdaspur,F.G.Churian,Onion,Onion,FAQ,3300,3500,3400,08-Jan-25
9880,Ayodhya,Faizabad,Onion,Red,FAQ,2180,2300,2240,25-Jan-25
9881,Ayodhya,Faizabad,Onion,Red,FAQ,2250,2400,2300,30-Jan-25
9882,Ayodhya,Faizabad,Onion,Red,FAQ,2250,2400,2330,21-Jan-25
9883,Alipurduar,Falakata,Onion,Other,Non-FAQ,2800,3000,2900,22-Jan-25
9884,Alipurduar,Falakata,Onion,Other,Non-FAQ,2800,3000,2900,23-Jan-25
9885,Faridkot,Faridkot,Onion,Onion,FAQ,2000,2500,2300,04-Jan-25
9886,Farukhabad,Farukhabad,Onion,Red,FAQ,2200,2450,2325,07-Jan-25
9887,Farukhabad,Farukhabad,Onion,Red,FAQ,2200,2450,2325,09-Jan-25
9888,Farukhabad,Farukhabad,Onion,Red,FAQ,2300,2500,2375,14-Jan-25
9889,Agra,Fatehabad,Onion,Red,Non-FAQ,1500,1650,1550,24-Jan-25
9890,Fatehpur,Fatehpur,Onion,Red,FAQ,1800,2000,1900,24-Jan-25
9891,Fatehpur,Fatehpur,Onion,Red,FAQ,1800,2000,1910,25-Jan-25
9892,Fatehpur,Fatehpur,Onion,Red,FAQ,1800,2020,1925,19-Jan-25
9893,Agra,Fatehpur Sikri,Onion,Red,FAQ,2150,2250,2195,08-Jan-25
9894,Fazilka,Fazilka,Onion,Other,FAQ,2000,2500,2200,06-Jan-25
9895,Fazilka,Fazilka,Onion,Other,FAQ,2000,2500,2200,25-Jan-25
9896,Firozabad,Firozabad,Onion,Red,FAQ,1980,2170,2060,28-Jan-25
9897,Firozabad,Firozabad,Onion,Red,FAQ,2320,2510,2415,15-Jan-25
9898,Ferozpur,Firozepur City,Onion,Other,FAQ,3000,4000,3500,11-Jan-25
9899,Maharajganj,Gadaura,Onion,Red,FAQ,2200,2400,2300,22-Jan-25
9900,Malda,Gajol,Onion,Other,FAQ,2000,3000,2500,21-Jan-25
9901,Pudukkottai,Gandarvakottai(Uzhavar Sandhai ),Onion,Bellary,Local,4000,5000,5000,13-Jan-25
9902,Pudukkottai,Gandarvakottai(Uzhavar Sandhai ),Onion,Bellary,Local,4500,5000,5000,08-Jan-25
9903,Gonda,Gonda,Onion,Red,FAQ,2100,2400,2200,20-Jan-25
9904,Gonda,Gonda,Onion,Red,FAQ,2200,2400,2300,02-Jan-25
9905,Gonda,Gonda,Onion,Red,FAQ,2500,2800,2600,06-Jan-25
9906,Rajkot,Gondal,Onion,Red,FAQ,555,2305,1705,29-Jan-25
9907,Bhadohi(Sant Ravi Nagar),Gopiganj,Onion,Red,FAQ,2270,2350,2330,21-Jan-25
9908,Gorakhpur,Gorakhpur,Onion,Red,FAQ,2200,2425,2300,11-Jan-25
9909,The Nilgiris,Gudalur(Uzhavar Sandhai ),Onion,Bellary,Local,4000,4200,4200,31-Jan-25
9910,The Nilgiris,Gudalur(Uzhavar Sandhai ),Onion,Bellary,Local,4200,4500,4500,20-Jan-25
9911,The Nilgiris,Gudalur(Uzhavar Sandhai ),Onion,Bellary,Local,4500,5000,5000,07-Jan-25
9912,The Nilgiris,Gudalur(Uzhavar Sandhai ),Onion,Bellary,Local,4500,5000,5000,26-Jan-25
9913,The Nilgiris,Gudalur(Uzhavar Sandhai ),Onion,Bellary,Local,4800,5000,5000,04-Jan-25
9914,Hyderabad,Gudimalkapur,Onion,1st Sort,FAQ,800,3000,2000,01-Feb-25
9915,Hyderabad,Gudimalkapur,Onion,1st Sort,FAQ,1000,4000,2500,02-Jan-25
9916,Hyderabad,Gudimalkapur,Onion,1st Sort,FAQ,1200,4000,2400,19-Jan-25
9917,Vellore,Gudiyatham(Uzhavar Sandhai ),Onion,Bellary,Local,4000,4000,4000,26-Jan-25
9918,Vellore,Gudiyatham(Uzhavar Sandhai ),Onion,Bellary,Local,4200,4200,4200,13-Jan-25
9919,Vellore,Gudiyatham(Uzhavar Sandhai ),Onion,Bellary,Local,4200,4200,4200,15-Jan-25
9920,Vellore,Gudiyatham(Uzhavar Sandhai ),Onion,Bellary,Local,4500,4500,4500,23-Jan-25
9921,Vellore,Gudiyatham(Uzhavar Sandhai ),Onion,Bellary,Local,4500,4500,4500,27-Jan-25
9922,Vellore,Gudiyatham(Uzhavar Sandhai ),Onion,Bellary,Local,4600,4600,4600,09-Jan-25
9923,Vellore,Gudiyatham(Uzhavar Sandhai ),Onion,Bellary,Local,5000,5000,5000,01-Jan-25
9924,Vellore,Gudiyatham(Uzhavar Sandhai ),Onion,Bellary,Local,5000,5000,5000,07-Jan-25
9925,Chengalpattu,Guduvancheri(Uzhavar Sandhai ),Onion,Bellary,Local,3000,5000,5000,12-Jan-25
9926,Gurdaspur,Gurdaspur,Onion,Other,FAQ,2200,2400,2300,24-Jan-25
9927,Gurdaspur,Gurdaspur,Onion,Other,Non-FAQ,2200,2400,2300,25-Jan-25
9928,Gurgaon,Gurgaon,Onion,Other,FAQ,2000,3000,2500,27-Jan-25
9929,Gurgaon,Gurgaon,Onion,Other,FAQ,2000,3000,2500,31-Jan-25
9930,Jhansi,Gurusarai,Onion,Red,FAQ,2010,2085,2050,25-Jan-25
9931,Hathras,Haathras,Onion,Red,FAQ,2050,2250,2150,29-Jan-25
9932,Hathras,Haathras,Onion,Red,FAQ,2080,2280,2180,03-Jan-25
9933,Hathras,Haathras,Onion,Red,FAQ,2120,2320,2220,25-Jan-25
9934,North 24 Parganas,Habra,Onion,Other,FAQ,3000,3200,3200,04-Jan-25
9935,Nanital,Haldwani,Onion,Other,FAQ,1500,2000,1800,12-Jan-25
9936,Nanital,Haldwani,Onion,Other,FAQ,2000,2600,2400,21-Jan-25
9937,Hamirpur,Hamirpur(Nadaun),Onion,Other,FAQ,2800,3200,3000,07-Jan-25
9938,Hissar,Hansi,Onion,Other,FAQ,1500,2500,2000,19-Jan-25
9939,Hanumangarh,Hanumangarh(Urlivas),Onion,1st Sort,FAQ,2500,2700,2600,07-Jan-25
9940,Ghaziabad,Hapur,Onion,Red,FAQ,2150,2260,2200,21-Jan-25
9941,Hardoi,Hardoi,Onion,Pusa-Red,FAQ,2210,2380,2305,25-Jan-25
9942,Hardoi,Hardoi,Onion,Pusa-Red,FAQ,2380,2470,2430,15-Jan-25
9943,Sitapur,Hargaon (Laharpur),Onion,Nasik,FAQ,2600,2800,2700,22-Jan-25
9944,Haridwar,Haridwar Union,Onion,Onion,FAQ,2000,2500,2200,16-Jan-25
9945,Dharmapuri,Harur(Uzhavar Sandhai ),Onion,Bellary,Local,4000,4500,4500,10-Jan-25
9946,Dharmapuri,Harur(Uzhavar Sandhai ),Onion,Bellary,Local,4000,4500,4500,16-Jan-25
9947,Palwal,Hassanpur,Onion,Other,FAQ,1500,1500,1500,28-Jan-25
9948,Salem,Hasthampatti(Uzhavar Sandhai ),Onion,Bellary,Local,5000,5400,5400,17-Jan-25
9949,Salem,Hasthampatti(Uzhavar Sandhai ),Onion,Bellary,Local,5000,5400,5400,30-Jan-25
9950,Salem,Hasthampatti(Uzhavar Sandhai ),Onion,Bellary,Local,5000,5500,5500,29-Jan-25
9951,Salem,Hasthampatti(Uzhavar Sandhai ),Onion,Bellary,Local,5500,6000,6000,04-Jan-25
9952,Dhenkanal,Hindol,Onion,Other,FAQ,3000,3500,3200,04-Jan-25
9953,Shajapur,Soyatkalan,Onion,Onion,FAQ,1595,1595,1595,15-Jan-25
9954,Ganganagar,Sriganganagar (F&V),Onion,Other,FAQ,2100,2500,2300,20-Jan-25
9955,Ganganagar,Sriganganagar (F&V),Onion,Other,FAQ,2200,2600,2400,01-Feb-25
9956,Ganganagar,Sriganganagar (F&V),Onion,Other,FAQ,2500,2900,2700,14-Jan-25
9957,Virudhunagar,Srivilliputhur(Uzhavar Sandhai ),Onion,Bellary,Local,4000,5000,5000,08-Jan-25
9958,Virudhunagar,Srivilliputhur(Uzhavar Sandhai ),Onion,Bellary,Local,4000,5000,5000,13-Jan-25
9959,Virudhunagar,Srivilliputhur(Uzhavar Sandhai ),Onion,Bellary,Local,4000,5000,5000,14-Jan-25
9960,Sangrur,Sunam,Onion,Nasik,FAQ,2000,2500,2200,21-Jan-25
9961,Sangrur,Sunam,Onion,Nasik,FAQ,2000,2800,2300,17-Jan-25
9962,Sangrur,Sunam,Onion,Nasik,FAQ,2000,2800,2500,16-Jan-25
9963,Coimbatore,Sundarapuram(Uzhavar Sandhai ),Onion,Bellary,Local,3800,4200,4200,09-Jan-25
9964,Kancheepuram,Sunguvarchatram(Uzhavar Sandhai ),Onion,Bellary,Local,3500,4000,4000,30-Jan-25
9965,Surat,Surat,Onion,Other,FAQ,1000,3000,2000,09-Jan-25
9966,Surat,Surat,Onion,Other,FAQ,1000,3500,2250,27-Jan-25
9967,Ganganagar,Suratgarh,Onion,1st Sort,FAQ,1400,1600,1500,30-Jan-25
9968,Samastipur,Tajpur,Onion,Medium,FAQ,2500,2700,2700,20-Jan-25
9969,Bhavnagar,Taleja,Onion,Red,FAQ,850,2310,1580,20-Jan-25
9970,Bhavnagar,Taleja,Onion,Red,FAQ,900,2370,1635,18-Jan-25
9971,Bhatinda,Talwandi Sabo,Onion,Other,FAQ,2800,3000,2900,01-Feb-25
9972,Thiruvannamalai,Tamarainagar(Uzhavar Sandhai ),Onion,Bellary,Local,3500,4000,4000,14-Jan-25
9973,Thiruvannamalai,Tamarainagar(Uzhavar Sandhai ),Onion,Bellary,Local,3500,4000,4000,19-Jan-25
9974,Thiruvannamalai,Tamarainagar(Uzhavar Sandhai ),Onion,Bellary,Local,3500,4000,4000,30-Jan-25
9975,Thiruvannamalai,Tamarainagar(Uzhavar Sandhai ),Onion,Bellary,Local,4000,4500,4500,07-Jan-25
9976,Medinipur(E),Tamluk (Medinipur E),Onion,Onion,FAQ,2400,2800,2600,28-Jan-25
9977,Medinipur(E),Tamluk (Medinipur E),Onion,Onion,FAQ,2800,3200,3000,10-Jan-25
9978,Medinipur(E),Tamluk (Medinipur E),Onion,Onion,FAQ,3200,3600,3400,09-Jan-25
9979,Hoshiarpur,Tanda Urmur,Onion,Other,FAQ,2800,3200,3000,20-Jan-25
9980,Hoshiarpur,Tanda Urmur,Onion,Other,FAQ,3000,3500,3200,10-Jan-25
9981,Tarntaran,Tarantaran,Onion,Other,FAQ,2000,2500,2200,10-Jan-25
9982,Tarntaran,Tarantaran,Onion,Other,FAQ,2000,2500,2200,16-Jan-25
9983,Tarntaran,Tarantaran,Onion,Other,FAQ,2500,3200,3000,01-Jan-25
9984,Karnal,Tarori,Onion,Other,FAQ,2500,3000,2800,23-Jan-25
9985,Mewat,Tauru,Onion,Other,FAQ,2500,2500,2500,18-Jan-25
9986,Tenkasi,Tenkasi(Uzhavar Sandhai ),Onion,Bellary,Local,4000,4000,4000,05-Jan-25
9987,Tenkasi,Tenkasi(Uzhavar Sandhai ),Onion,Bellary,Local,4000,4000,4000,12-Jan-25
9988,Tenkasi,Tenkasi(Uzhavar Sandhai ),Onion,Bellary,Local,4000,4000,4000,23-Jan-25
9989,Kannur,Thalasserry,Onion,1st Sort,FAQ,3000,3400,3200,31-Jan-25
9990,Kannur,Thalasserry,Onion,1st Sort,FAQ,3500,3800,3600,21-Jan-25
9991,Kannur,Thalasserry,Onion,1st Sort,FAQ,3800,4100,4000,09-Jan-25
9992,Virudhunagar,Thalavaipuram(Uzhavar Sandhai ),Onion,Bellary,Local,4000,5000,5000,19-Jan-25
9993,Virudhunagar,Thalavaipuram(Uzhavar Sandhai ),Onion,Bellary,Local,4000,5000,5000,26-Jan-25
9994,Virudhunagar,Thalavaipuram(Uzhavar Sandhai ),Onion,Bellary,Local,4000,5000,5000,27-Jan-25
9995,Kottayam,Thalayolaparambu,Onion,Big,FAQ,3200,3600,3400,16-Jan-25
9996,Kottayam,Thalayolaparambu,Onion,Onion,FAQ,8800,9200,9000,23-Jan-25
9997,Kozhikode(Calicut),Thamarassery,Onion,Other,FAQ,2800,3500,3100,29-Jan-25
9998,Salem,Thammampatti (Uzhavar Sandhai ),Onion,Bellary,Local,5000,5400,5400,30-Jan-25
9999,Salem,Thammampatti (Uzhavar Sandhai ),Onion,Bellary,Local,5000,5500,5500,16-Jan-25
10000,Thanjavur,Thanjavur(Uzhavar Sandhai ),Onion,Bellary,Local,4600,4600,4600,02-Jan-25
10001,Salem,Thathakapatti(Uzhavar Sandhai ),Onion,Bellary,Local,5000,5500,5500,17-Jan-25
10002,Nashik,Nasik,Onion,Pole,FAQ,1611,3500,2500,18-Jan-25
10003,Thirupathur,Natrampalli(Uzhavar Sandhai ),Onion,Bellary,Local,4000,4500,4500,24-Jan-25
10004,Thirupathur,Natrampalli(Uzhavar Sandhai ),Onion,Bellary,Local,4000,4500,4500,25-Jan-25
10005,Gonda,Nawabganj,Onion,Red,FAQ,2150,2250,2200,29-Jan-25
10006,Gonda,Nawabganj,Onion,Red,FAQ,2200,2280,2240,25-Jan-25
10007,Gonda,Nawabganj,Onion,Red,FAQ,2200,2300,2250,23-Jan-25
10008,Nawanshahr,Nawan Shahar(Subzi Mandi),Onion,Other,FAQ,2400,2600,2500,01-Feb-25
10009,Thiruvarur,Needamangalam(Uzhavar Sandhai ),Onion,Bellary,Local,5400,5400,5400,01-Jan-25
10010,Kasargod,Neeleswaram,Onion,Big,FAQ,3600,4000,3800,16-Jan-25
10011,Kasargod,Neeleswaram,Onion,Big,FAQ,3800,4200,4000,25-Jan-25
10012,Neemuch,Neemuch,Onion,Onion,FAQ,411,2501,1840,08-Jan-25
10013,Faridabad,"New Grain Market , Faridabad",Onion,Onion,Non-FAQ,2200,2800,2500,27-Jan-25
10014,Panchkula,"New Grain Market , Panchkula",Onion,Other,FAQ,2500,3500,3000,28-Jan-25
10015,Karnal,"New Grain Market(main), Karnal",Onion,Other,FAQ,1200,2200,1600,11-Jan-25
10016,Karnal,"New Grain Market(main), Karnal",Onion,Other,FAQ,1400,2500,2000,04-Jan-25
10017,Karnal,"New Grain Market(main), Karnal",Onion,Other,FAQ,1400,2800,2100,03-Jan-25
10018,Karnal,"New Grain Market(main), Karnal",Onion,Other,FAQ,2200,2500,2350,30-Jan-25
10019,Ahmednagar,Newasa(Ghodegaon),Onion,Red,Local,1000,2800,2500,01-Feb-25
10020,Thirunelveli,NGO Colony(Uzhavar Sandhai ),Onion,Bellary,Local,3500,4000,4000,18-Jan-25
10021,Thirunelveli,NGO Colony(Uzhavar Sandhai ),Onion,Bellary,Local,3500,4400,4400,08-Jan-25
10022,Thirunelveli,NGO Colony(Uzhavar Sandhai ),Onion,Bellary,Local,3600,4000,4000,01-Feb-25
10023,Moga,Nihal Singh Wala,Onion,Other,FAQ,2500,3000,2800,31-Jan-25
10024,Ghaziabad,Noida,Onion,Red,FAQ,2250,2370,2310,21-Jan-25
10025,Ghaziabad,Noida,Onion,Red,FAQ,2360,2470,2410,15-Jan-25
10026,Ghaziabad,Noida,Onion,Red,FAQ,2520,2620,2575,03-Jan-25
10027,Ghaziabad,Noida,Onion,Red,FAQ,2750,2900,2860,01-Jan-25
10028,Mewat,Nuh,Onion,Other,Non-FAQ,1800,2000,2000,23-Jan-25
10029,Ahmednagar,Om Chaitanya Multistate Agro Purpose CoOp Society ,Onion,Red,FAQ,500,3500,2500,05-Jan-25
10030,Jalaun (Orai),Orai,Onion,Red,FAQ,1800,2200,2000,01-Feb-25
10031,Unokoti,Pabiacherra,Onion,Nasik,FAQ,3600,3800,3700,09-Jan-25
10032,Kancheepuram,Padappai(Uzhavar Sandhai ),Onion,Bellary,Local,3000,4000,4000,11-Jan-25
10033,Kancheepuram,Padappai(Uzhavar Sandhai ),Onion,Bellary,Local,3000,4500,4500,24-Jan-25
10034,Kancheepuram,Padappai(Uzhavar Sandhai ),Onion,Bellary,Local,4000,4000,4000,08-Jan-25
10035,Vadodara(Baroda),Padra,Onion,Other,FAQ,2000,2750,2400,07-Jan-25
10036,Vadodara(Baroda),Padra,Onion,Other,FAQ,2000,3000,2500,23-Jan-25
10037,Vadodara(Baroda),Padra,Onion,Other,FAQ,2000,3500,2750,25-Jan-25
10038,Kottayam,Pala,Onion,Big,Non-FAQ,9800,10400,10000,22-Jan-25
10039,Kottayam,Pala,Onion,Big,Non-FAQ,9800,11000,10500,24-Jan-25
10040,Dharmapuri,Palacode(Uzhavar Sandhai ),Onion,Bellary,Local,3600,4000,4000,07-Jan-25
10041,Dharmapuri,Palacode(Uzhavar Sandhai ),Onion,Bellary,Local,3600,4000,4000,29-Jan-25
10042,Dharmapuri,Palacode(Uzhavar Sandhai ),Onion,Bellary,Local,4500,5000,5000,01-Jan-25
10043,Dharmapuri,Palacode(Uzhavar Sandhai ),Onion,Bellary,Local,4500,5000,5000,28-Jan-25
10044,Palakad,Palakkad,Onion,Big,FAQ,4200,5000,4700,11-Jan-25
10045,Kangra,Palampur,Onion,Other,FAQ,3000,3100,3050,01-Feb-25
10046,Kangra,Palampur,Onion,Other,FAQ,3200,3400,3300,06-Jan-25
10047,Kangra,Palampur,Onion,Other,FAQ,3200,3500,3300,28-Jan-25
10048,Kangra,Palampur,Onion,Other,FAQ,3400,3500,3450,09-Jan-25
10049,Madurai,Palanganatham(Uzhavar Sandhai ),Onion,Bellary,Local,4000,5000,5000,26-Jan-25
10050,Kozhikode(Calicut),Palayam,Onion,Other,FAQ,3400,3800,3400,22-Jan-25
10051,Pudukkottai,Gandarvakottai(Uzhavar Sandhai ),Onion,Bellary,Local,4500,5000,5000,21-Jan-25
10052,Hoshiarpur,Garh Shankar,Onion,Other,FAQ,2000,2200,2100,10-Jan-25
10053,Hoshiarpur,Garh Shankar,Onion,Other,FAQ,2000,2300,2200,08-Jan-25
10054,Hoshiarpur,Garh Shankar(Mahalpur),Onion,Onion,FAQ,2000,2500,2300,22-Jan-25
10055,Hoshiarpur,Garh Shankar(Mahalpur),Onion,Onion,FAQ,2000,2800,2500,16-Jan-25
10056,Hoshiarpur,Garh Shankar(Mahalpur),Onion,Onion,FAQ,2000,3000,2500,11-Jan-25
10057,Hoshiarpur,Garh Shankar(Mahalpur),Onion,Onion,FAQ,2500,3000,2800,08-Jan-25
10058,Hoshiarpur,Garh Shankar(Mahalpur),Onion,Onion,FAQ,2500,3000,2800,21-Jan-25
10059,Sagar,Garhakota,Onion,Onion,FAQ,1000,1100,1100,06-Jan-25
10060,Hoshiarpur,GarhShankar (Kotfatuhi),Onion,Other,FAQ,2000,2300,2200,16-Jan-25
10061,Hoshiarpur,GarhShankar (Kotfatuhi),Onion,Other,Non-FAQ,2200,2600,2500,22-Jan-25
10062,Mandsaur,Garoth,Onion,Onion,FAQ,100,1600,1020,16-Jan-25
10063,Mandsaur,Garoth,Onion,Onion,Non-FAQ,100,1690,510,29-Jan-25
10064,Ghazipur,Gazipur,Onion,Red,FAQ,2140,2180,2160,28-Jan-25
10065,Ghazipur,Gazipur,Onion,Red,FAQ,2160,2200,2180,23-Jan-25
10066,Ghazipur,Gazipur,Onion,Red,FAQ,2320,2360,2340,04-Jan-25
10067,Kaithar,"Gerabari, Korha Block",Onion,Medium,FAQ,3800,4000,3900,08-Jan-25
10068,Kaithar,"Gerabari, Korha Block",Onion,Medium,FAQ,3800,4000,3900,13-Jan-25
10069,Kaithar,"Gerabari, Korha Block",Onion,Medium,FAQ,3800,4000,3900,21-Jan-25
10070,Patiala,Ghanaur,Onion,Other,FAQ,2600,3000,2800,28-Jan-25
10071,Karnal,Gharaunda,Onion,Other,FAQ,2500,2500,2500,01-Feb-25
10072,Karnal,Gharaunda,Onion,Other,FAQ,2500,2800,2800,10-Jan-25
10073,Karnal,Gharaunda,Onion,Other,FAQ,2500,2800,2800,14-Jan-25
10074,Karnal,Gharaunda,Onion,Other,FAQ,2500,2800,2800,16-Jan-25
10075,Medinipur(W),Ghatal,Onion,Onion,FAQ,2600,3000,2700,06-Jan-25
10076,Ghaziabad,Ghaziabad,Onion,Red,FAQ,2200,2280,2240,26-Jan-25
10077,Villupuram,Gingee(Uzhavar Sandhai ),Onion,Bellary,Local,4000,4000,4000,13-Jan-25
10078,Villupuram,Gingee(Uzhavar Sandhai ),Onion,Bellary,Local,4000,5000,5000,04-Jan-25
10079,Erode,Gobichettipalayam(Uzhavar Sandhai ),Onion,Bellary,Local,4000,4500,4500,27-Jan-25
10080,Erode,Gobichettipalayam(Uzhavar Sandhai ),Onion,Bellary,Local,4500,4800,4800,18-Jan-25
10081,Sonipat,Gohana,Onion,Other,FAQ,2000,2500,2200,20-Jan-25
10082,Sonipat,Gohana,Onion,Other,FAQ,2000,2500,2200,28-Jan-25
10083,Lakhimpur,Golagokarnath,Onion,Red,FAQ,2250,2350,2300,25-Jan-25
10084,Hanumangarh,Goluwala,Onion,1st Sort,FAQ,2000,2200,2200,18-Jan-25
10085,Hanumangarh,Goluwala,Onion,1st Sort,FAQ,2000,2300,2300,14-Jan-25
10086,Hanumangarh,Goluwala,Onion,1st Sort,FAQ,2500,2600,2600,04-Jan-25
10087,Gonda,Gonda,Onion,Red,FAQ,2200,2500,2300,19-Jan-25
10088,Rajkot,Gondal,Onion,Red,FAQ,755,2605,2055,06-Jan-25
10089,Rajkot,Gondal,Onion,White,FAQ,905,1080,1030,31-Jan-25
10090,Rajkot,Gondal,Onion,White,FAQ,1080,2030,1780,08-Jan-25
10091,Gorakhpur,Gorakhpur,Onion,Red,FAQ,2150,2250,2200,16-Jan-25
10092,Gorakhpur,Gorakhpur,Onion,Red,FAQ,2150,2250,2200,31-Jan-25
10093,The Nilgiris,Gudalur(Uzhavar Sandhai ),Onion,Bellary,Local,4400,4800,4800,01-Feb-25
10094,The Nilgiris,Gudalur(Uzhavar Sandhai ),Onion,Bellary,Local,4500,5000,5000,10-Jan-25
10095,The Nilgiris,Gudalur(Uzhavar Sandhai ),Onion,Bellary,Local,4500,5000,5000,27-Jan-25
10096,Hyderabad,Gudimalkapur,Onion,1st Sort,FAQ,600,4400,2200,03-Jan-25
10097,Hyderabad,Gudimalkapur,Onion,1st Sort,FAQ,700,4000,2400,17-Jan-25
10098,Vellore,Gudiyatham(Uzhavar Sandhai ),Onion,Bellary,Local,4000,4500,4500,19-Jan-25
10099,Vellore,Gudiyatham(Uzhavar Sandhai ),Onion,Bellary,Local,4500,4500,4500,29-Jan-25
10100,Bulandshahar,Gulavati,Onion,Red,FAQ,3000,3200,3100,27-Jan-25
10101,Bulandshahar,Gulavati,Onion,Red,FAQ,3000,3200,3100,31-Jan-25
10102,Salem,Thathakapatti(Uzhavar Sandhai ),Onion,Bellary,Local,5000,6000,6000,05-Jan-25
10103,Theni,Theni(Uzhavar Sandhai ),Onion,Bellary,Local,3800,4500,4500,19-Jan-25
10104,Theni,Theni(Uzhavar Sandhai ),Onion,Bellary,Local,4000,4500,4500,08-Jan-25
10105,Theni,Theni(Uzhavar Sandhai ),Onion,Bellary,Local,4000,4500,4500,26-Jan-25
10106,Theni,Theni(Uzhavar Sandhai ),Onion,Bellary,Local,4200,4400,4400,20-Jan-25
10107,Chengalpattu,Thirukalukundram(Uzhavar Sandhai ),Onion,Bellary,Local,4000,4000,4000,11-Jan-25
10108,Vellore,Thirupathur,Onion,Bellary,Local,4500,4500,4500,10-Jan-25
10109,Vellore,Thirupathur,Onion,Bellary,Local,4500,4500,4500,16-Jan-25
10110,Vellore,Thirupathur,Onion,Bellary,Local,4500,4500,4500,21-Jan-25
10111,Vellore,Thirupathur,Onion,Bellary,Local,5000,5000,5000,29-Jan-25
10112,Malappuram,Thirurrangadi,Onion,Other,FAQ,3900,3900,3900,03-Jan-25
10113,Idukki,Thodupuzha,Onion,Big,Non-FAQ,3300,3500,3500,18-Jan-25
10114,Idukki,Thodupuzha,Onion,Small,FAQ,9300,9500,9500,22-Jan-25
10115,Thoubal,Thoubal,Onion,Other,FAQ,6500,7000,6750,10-Jan-25
10116,Ernakulam,Thrippunithura,Onion,Big,FAQ,4200,4800,4200,24-Jan-25
10117,Ernakulam,Thrippunithura,Onion,Big,FAQ,4500,4500,4500,22-Jan-25
10118,Thirssur,Thrissur,Onion,Onion,FAQ,5700,5700,5700,08-Jan-25
10119,Thirssur,Thrissur,Onion,Onion,FAQ,5700,5700,5700,13-Jan-25
10120,Thirssur,Thrissur,Onion,Onion,FAQ,5700,5700,5700,14-Jan-25
10121,Thirssur,Thrissur,Onion,Onion,FAQ,7000,7500,7300,30-Jan-25
10122,Thiruchirappalli,Thuraiyur,Onion,Bellary,Local,4000,5000,5000,31-Jan-25
10123,Thiruchirappalli,Thuraiyur,Onion,Bellary,Local,4500,5500,5500,23-Jan-25
10124,Thiruchirappalli,Thuraiyur,Onion,Bellary,Local,5000,5600,5600,02-Jan-25
10125,Khiri (Lakhimpur),Tikonia,Onion,Red,FAQ,2350,2420,2390,22-Jan-25
10126,Shahjahanpur,Tilhar,Onion,Red,FAQ,2100,2200,2150,04-Jan-25
10127,Villupuram,Tindivanam,Onion,Bellary,Local,4000,4000,4000,21-Jan-25
10128,Villupuram,Tindivanam,Onion,Bellary,Local,4000,4000,4000,22-Jan-25
10129,Namakkal,Tiruchengode,Onion,Bellary,Local,4500,6000,6000,13-Jan-25
10130,Sivaganga,Tirupatthur(Uzhavar Sandhai ),Onion,Bellary,Local,5200,5500,5500,01-Jan-25
10131,Sivaganga,Tirupatthur(Uzhavar Sandhai ),Onion,Bellary,Local,5200,5500,5500,10-Jan-25
10132,Sivaganga,Tirupatthur(Uzhavar Sandhai ),Onion,Bellary,Local,5200,5500,5500,16-Jan-25
10133,Sivaganga,Tirupatthur(Uzhavar Sandhai ),Onion,Bellary,Local,5200,5500,5500,21-Jan-25
10134,Thirupur,Tiruppur (North) (Uzhavar Sandhai ),Onion,Bellary,Local,3500,4000,4000,12-Jan-25
10135,Thirupur,Tiruppur (South) (Uzhavar Sandhai ),Onion,Bellary,Local,3000,3500,3500,11-Jan-25
10136,Thirupur,Tiruppur (South) (Uzhavar Sandhai ),Onion,Bellary,Local,3000,3500,3500,15-Jan-25
10137,Thiruvellore,Tiruvallur(Uzhavar Sandhai ),Onion,Bellary,Local,4500,4500,4500,08-Jan-25
10138,Thiruvellore,Tiruvallur(Uzhavar Sandhai ),Onion,Bellary,Local,4600,4600,4600,13-Jan-25
10139,Thiruvellore,Tiruvallur(Uzhavar Sandhai ),Onion,Bellary,Local,4600,4600,4600,14-Jan-25
10140,Thiruvellore,Tiruvallur(Uzhavar Sandhai ),Onion,Bellary,Local,4600,4600,4600,22-Jan-25
10141,Thiruvellore,Tiruvallur(Uzhavar Sandhai ),Onion,Bellary,Local,6000,6000,6000,07-Jan-25
10142,Thiruvannamalai,Tiruvannamalai(Uzhavar Sandhai ),Onion,Bellary,Local,4500,5000,5000,23-Jan-25
10143,Thiruvannamalai,Tiruvannamalai(Uzhavar Sandhai ),Onion,Bellary,Local,4500,5000,5000,31-Jan-25
10144,Thiruvarur,Tiruvarur(Uzhavar Sandhai ),Onion,Bellary,Local,4000,5600,5600,07-Jan-25
10145,Fatehabad,Tohana(New Veg Market),Onion,Onion,Non-FAQ,0,0,2600,22-Jan-25
10146,Balrampur,Tulsipur,Onion,Red,FAQ,2400,2450,2430,07-Jan-25
10147,Balrampur,Tulsipur,Onion,Red,FAQ,2500,2580,2550,12-Jan-25
10148,Balrampur,Tulsipur,Onion,Red,FAQ,3800,3880,3840,03-Jan-25
10149,Firozabad,Tundla,Onion,Red,FAQ,2040,2080,2065,31-Jan-25
10150,Sirmore,Paonta Sahib,Onion,Other,FAQ,2500,2700,2600,20-Jan-25
10151,Thanjavur,Papanasam(Uzhavar Sandhai ),Onion,Bellary,Local,3600,4800,4800,14-Jan-25
10152,Thanjavur,Papanasam(Uzhavar Sandhai ),Onion,Bellary,Local,3600,4800,4800,15-Jan-25
10153,Thanjavur,Papanasam(Uzhavar Sandhai ),Onion,Bellary,Local,3600,4800,4800,17-Jan-25
10154,Thanjavur,Papanasam(Uzhavar Sandhai ),Onion,Bellary,Local,3600,4800,4800,22-Jan-25
10155,Thanjavur,Papanasam(Uzhavar Sandhai ),Onion,Bellary,Local,3600,5000,5000,27-Jan-25
10156,Ramanathapuram,Paramakudi(Uzhavar Sandhai ),Onion,Bellary,Local,5000,5500,5500,25-Jan-25
10157,Ramanathapuram,Paramakudi(Uzhavar Sandhai ),Onion,Bellary,Local,5000,6000,6000,13-Jan-25
10158,Namakkal,Paramathivelur(Uzhavar Sandhai ),Onion,Bellary,Local,4400,5000,5000,17-Jan-25
10159,Namakkal,Paramathivelur(Uzhavar Sandhai ),Onion,Bellary,Local,5400,6000,6000,04-Jan-25
10160,Namakkal,Paramathivelur(Uzhavar Sandhai ),Onion,Bellary,Local,5500,6000,6000,14-Jan-25
10161,Namakkal,Paramathivelur(Uzhavar Sandhai ),Onion,Bellary,Local,5500,6000,6000,15-Jan-25
10162,Malappuram,Parappanangadi,Onion,Other,FAQ,3200,3300,3300,31-Jan-25
10163,Ahmednagar,Parner,Onion,Red,FAQ,500,2600,1700,12-Jan-25
10164,Ahmednagar,Parner,Onion,Red,FAQ,500,3800,2350,05-Jan-25
10165,Ahmednagar,Pathardi,Onion,Red,FAQ,500,4000,2250,01-Jan-25
10166,Patiala,Patiala,Onion,Onion,FAQ,2000,3000,2500,13-Jan-25
10167,Patiala,Patran,Onion,Other,FAQ,700,2000,1560,30-Jan-25
10168,Patiala,Patran,Onion,Other,FAQ,1500,2000,1710,24-Jan-25
10169,Palakad,Pattambi,Onion,Big,FAQ,3400,3800,3600,13-Jan-25
10170,Palakad,Pattambi,Onion,Big,FAQ,3800,4000,3900,03-Jan-25
10171,Palakad,Pattambi,Onion,Small,FAQ,8000,8500,8200,06-Jan-25
10172,Palakad,Pattambi,Onion,Small,FAQ,8500,9000,8800,10-Jan-25
10173,Palakad,Pattambi,Onion,Small,FAQ,8500,9000,8800,16-Jan-25
10174,Tarntaran,Patti,Onion,Other,FAQ,2200,3000,2500,05-Jan-25
10175,Tarntaran,Patti,Onion,Other,FAQ,2800,3500,3000,12-Jan-25
10176,Kurnool,Pattikonda,Onion,Local,Non-FAQ,3500,4000,3800,01-Feb-25
10177,Kurnool,Pattikonda,Onion,Local,Non-FAQ,3500,4000,3800,29-Jan-25
10178,Thanjavur,Pattukottai(Uzhavar Sandhai ),Onion,Bellary,Local,4000,5000,5000,01-Jan-25
10179,Thanjavur,Pattukottai(Uzhavar Sandhai ),Onion,Bellary,Local,4000,5000,5000,21-Jan-25
10180,Perambalur,Perambalur(Uzhavar Sandhai ),Onion,Bellary,Local,4800,5200,5200,14-Jan-25
10181,Perambalur,Perambalur(Uzhavar Sandhai ),Onion,Bellary,Local,5000,5200,5200,04-Jan-25
10182,Perambalur,Perambalur(Uzhavar Sandhai ),Onion,Bellary,Local,5000,5200,5200,05-Jan-25
10183,Kozhikode(Calicut),Perambra,Onion,Other,FAQ,3600,3900,3800,31-Jan-25
10184,Malappuram,Perinthalmanna,Onion,Onion,FAQ,3000,3600,3400,20-Jan-25
10185,Theni,Periyakulam(Uzhavar Sandhai ),Onion,Bellary,Local,4000,4500,4500,07-Jan-25
10186,Theni,Periyakulam(Uzhavar Sandhai ),Onion,Bellary,Local,4200,4600,4600,26-Jan-25
10187,Erode,Perundurai(Uzhavar Sandhai ),Onion,Bellary,Local,4200,4500,4500,24-Jan-25
10188,Erode,Perundurai(Uzhavar Sandhai ),Onion,Bellary,Local,4500,5000,5000,07-Jan-25
10189,Erode,Perundurai(Uzhavar Sandhai ),Onion,Bellary,Local,4800,5200,5200,09-Jan-25
10190,kapurthala,Phagwara,Onion,Other,Non-FAQ,2340,2523,2340,21-Jan-25
10191,Satara,Phaltan,Onion,Hybrid,FAQ,1000,5101,2100,07-Jan-25
10192,Jalandhar,Phillaur(Apra Mandi),Onion,Other,FAQ,2500,2500,2500,24-Jan-25
10193,Pillibhit,Pilibhit,Onion,Red,FAQ,2205,2285,2245,24-Jan-25
10194,Pillibhit,Pilibhit,Onion,Red,FAQ,2315,2395,2355,03-Jan-25
10195,Nashik,Pimpalgaon,Onion,Pole,FAQ,500,2600,1800,11-Jan-25
10196,Nashik,Pimpalgaon,Onion,Pole,FAQ,700,2821,2250,24-Jan-25
10197,Nashik,Pimpalgaon Baswant(Saykheda),Onion,Red,FAQ,700,1900,1625,13-Jan-25
10198,Nashik,Pimpalgaon Baswant(Saykheda),Onion,Red,Local,800,2300,1950,30-Jan-25
10199,Hoshangabad,Pipariya(F&V),Onion,Onion,FAQ,1300,2600,1800,31-Jan-25
10200,Dhenkanal,Hindol,Onion,Other,FAQ,3000,3500,3200,06-Jan-25
10201,Nagpur,Hingna,Onion,Red,Local,3000,3000,3000,30-Jan-25
10202,Nagpur,Hingna,Onion,White,Local,3000,3000,3000,28-Jan-25
10203,Ganjam,Hinjilicut,Onion,Other,FAQ,2500,4000,3000,01-Feb-25
10204,Ganjam,Hinjilicut,Onion,Other,FAQ,2500,4000,3000,17-Jan-25
10205,Ganjam,Hinjilicut,Onion,Other,FAQ,2600,4000,3400,22-Jan-25
10206,Hissar,Hissar,Onion,Other,FAQ,1400,2000,1800,26-Jan-25
10207,Hissar,Hissar,Onion,Other,FAQ,1500,2500,2000,12-Jan-25
10208,Palwal,Hodal,Onion,Onion,FAQ,2000,2400,2200,26-Jan-25
10209,Palwal,Hodal,Onion,Onion,FAQ,2000,2500,2200,05-Jan-25
10210,Palwal,Hodal,Onion,Onion,Non-FAQ,2000,2500,2200,23-Jan-25
10211,Hoshiarpur,Hoshiarpur,Onion,Other,FAQ,2200,2400,2300,27-Jan-25
10212,Krishnagiri,Hosur(Uzhavar Sandhai ),Onion,Bellary,Local,4000,4500,4500,15-Jan-25
10213,Krishnagiri,Hosur(Uzhavar Sandhai ),Onion,Bellary,Local,4500,5000,5000,08-Jan-25
10214,Dharwad,Hubli (Amaragol),Onion,Local,FAQ,400,500,450,23-Jan-25
10215,Dharwad,Hubli (Amaragol),Onion,Puna,FAQ,500,3500,1800,22-Jan-25
10216,Indore,Indore,Onion,Onion,FAQ,1000,2300,2268,17-Jan-25
10217,Indore,Indore,Onion,Other,FAQ,1074,2227,2227,01-Feb-25
10218,Indore,Indore,Onion,Other,FAQ,1551,2606,2606,07-Jan-25
10219,Indore,Indore,Onion,Other,FAQ,1604,2615,2615,04-Jan-25
10220,Karnal,Indri,Onion,Other,Non-FAQ,2000,3000,2500,18-Jan-25
10221,Thirssur,Irinjalakkuda,Onion,Other,FAQ,5000,5000,5000,21-Jan-25
10222,Amethi,Jafarganj,Onion,Red,FAQ,2300,2400,2350,13-Jan-25
10223,Amethi,Jafarganj,Onion,Red,FAQ,2370,2450,2410,02-Jan-25
10224,Yamuna Nagar,Jagadhri,Onion,Other,FAQ,2400,3000,2800,02-Jan-25
10225,Madhubani,Jahajharpur,Onion,Medium,FAQ,2800,3000,2900,19-Jan-25
10226,Madhubani,Jahajharpur,Onion,Medium,FAQ,2800,3000,2900,23-Jan-25
10227,Madhubani,Jahajharpur,Onion,Medium,FAQ,3100,3300,3200,14-Jan-25
10228,Madhubani,Jahajharpur,Onion,Medium,FAQ,3100,3300,3200,30-Jan-25
10229,Bulandshahar,Jahangirabad,Onion,Red,FAQ,2270,2460,2365,11-Jan-25
10230,Bulandshahar,Jahangirabad,Onion,Red,FAQ,2305,2480,2395,12-Jan-25
10231,Fatehabad,Jakhal,Onion,Other,FAQ,2000,2000,2000,08-Jan-25
10232,Fatehabad,Jakhal,Onion,Other,FAQ,2000,2000,2000,22-Jan-25
10233,Salem,Jalagandapuram(Uzhavar Sandhai ),Onion,Bellary,Local,5000,5500,5500,26-Jan-25
10234,Salem,Jalagandapuram(Uzhavar Sandhai ),Onion,Bellary,Local,5000,5500,5500,29-Jan-25
10235,Fazilka,Jalalabad,Onion,Other,FAQ,2800,3000,2900,10-Jan-25
10236,Jalandhar,Jalandhar City(Jalandhar),Onion,Other,FAQ,500,1500,1000,16-Jan-25
10237,Jalandhar,Jalandhar City(Jalandhar),Onion,Other,FAQ,500,1500,1000,30-Jan-25
10238,Jalandhar,Jalandhar City(Jalandhar),Onion,Other,Non-FAQ,500,1500,1000,18-Jan-25
10239,Balasore,Jaleswar,Onion,Other,FAQ,2000,2400,2200,19-Jan-25
10240,Balasore,Jaleswar,Onion,Other,FAQ,2100,2500,2300,10-Jan-25
10241,Jalgaon,Jalgaon,Onion,Red,FAQ,625,2262,1425,24-Jan-25
10242,Jalgaon,Jalgaon,Onion,Red,Local,675,2377,1512,01-Feb-25
10243,Jalpaiguri,Jalpaiguri Sadar,Onion,Nasik,FAQ,2850,2950,2900,16-Jan-25
10244,Chengalpattu,Jameenrayapettai(Uzhavar Sandhai ),Onion,Bellary,Local,3500,5000,5000,23-Jan-25
10245,Jamnagar,Jamnagar,Onion,Other,FAQ,600,2500,1600,28-Jan-25
10246,Jamnagar,Jamnagar,Onion,Other,FAQ,600,2500,1650,25-Jan-25
10247,Jamnagar,Jamnagar,Onion,Other,FAQ,750,2500,1675,22-Jan-25
10248,Jamui,Jamui,Onion,Medium,FAQ,2500,2600,2600,06-Jan-25
10249,Murshidabad,Jangipur,Onion,Red,FAQ,2675,2720,2700,30-Jan-25
10250,Murshidabad,Jangipur,Onion,Red,FAQ,2735,2790,2765,24-Jan-25
10251,Etawah,Jasvantnagar,Onion,Red,FAQ,2070,2170,2120,01-Feb-25
10252,Gurdaspur,Gurdaspur,Onion,Other,FAQ,2200,2400,2300,21-Jan-25
10253,Gurdaspur,Gurdaspur,Onion,Other,FAQ,2200,2600,2400,23-Jan-25
10254,Gurgaon,Gurgaon,Onion,Other,FAQ,2000,3000,2500,01-Jan-25
10255,Gurgaon,Gurgaon,Onion,Other,FAQ,2000,3000,2500,12-Jan-25
10256,Gurgaon,Gurgaon,Onion,Other,FAQ,2000,3000,2500,29-Jan-25
10257,Gurgaon,Gurgaon,Onion,Other,FAQ,2000,3000,2500,30-Jan-25
10258,Jhansi,Gurusarai,Onion,Red,FAQ,2015,2080,2065,29-Jan-25
10259,Jhansi,Gurusarai,Onion,Red,FAQ,2100,2185,2150,04-Jan-25
10260,North 24 Parganas,Habra,Onion,Other,FAQ,2500,2600,2600,03-Jan-25
10261,North 24 Parganas,Habra,Onion,Other,FAQ,3000,3200,3200,25-Jan-25
10262,North 24 Parganas,Habra,Onion,Other,FAQ,3000,3500,3400,12-Jan-25
10263,Nanital,Haldwani,Onion,Other,FAQ,2000,2600,2400,05-Jan-25
10264,Nanital,Haldwani,Onion,Other,FAQ,2300,2600,2400,07-Jan-25
10265,Hamirpur,Hamirpur,Onion,Other,FAQ,2500,2800,2650,18-Jan-25
10266,Hamirpur,Hamirpur(Nadaun),Onion,Other,FAQ,2900,3200,3100,10-Jan-25
10267,Hissar,Hansi,Onion,Other,FAQ,1500,2500,2000,20-Jan-25
10268,Hissar,Hansi,Onion,Other,FAQ,1500,3000,2000,26-Jan-25
10269,Hissar,Hansi,Onion,Other,FAQ,1500,3000,2000,27-Jan-25
10270,Hissar,Hansi,Onion,Other,FAQ,1500,3000,2000,31-Jan-25
10271,Hissar,Hansi,Onion,Other,FAQ,2000,3000,2500,03-Jan-25
10272,Hissar,Hansi,Onion,Other,FAQ,2000,3000,2500,04-Jan-25
10273,Hanumangarh,Hanumangarh(Urlivas),Onion,1st Sort,FAQ,2000,2300,2150,20-Jan-25
10274,Hanumangarh,Hanumangarh(Urlivas),Onion,1st Sort,FAQ,2500,2700,2600,10-Jan-25
10275,Ghaziabad,Hapur,Onion,Red,FAQ,2100,2200,2180,25-Jan-25
10276,Ghaziabad,Hapur,Onion,Red,FAQ,2500,2600,2550,06-Jan-25
10277,Hardoi,Hardoi,Onion,Pusa-Red,FAQ,2480,2540,2520,01-Jan-25
10278,Sitapur,Hargaon (Laharpur),Onion,Nasik,FAQ,2400,2600,2500,29-Jan-25
10279,Sitapur,Hargaon (Laharpur),Onion,Nasik,FAQ,2500,2700,2600,21-Jan-25
10280,Haridwar,Haridwar Union,Onion,Onion,FAQ,1800,2500,2000,10-Jan-25
10281,Haridwar,Haridwar Union,Onion,Onion,FAQ,2000,2400,2200,07-Jan-25
10282,Haridwar,Haridwar Union,Onion,Onion,FAQ,2000,2600,2400,30-Jan-25
10283,Dharmapuri,Harur(Uzhavar Sandhai ),Onion,Bellary,Local,4000,4500,4500,31-Jan-25
10284,Palwal,Hassanpur,Onion,Other,FAQ,1600,1600,1600,20-Jan-25
10285,Palwal,Hassanpur,Onion,Other,Non-FAQ,1500,1500,1500,29-Jan-25
10286,Salem,Hasthampatti(Uzhavar Sandhai ),Onion,Bellary,Local,5000,5500,5500,01-Feb-25
10287,Salem,Hasthampatti(Uzhavar Sandhai ),Onion,Bellary,Local,5000,5600,5600,14-Jan-25
10288,Salem,Hasthampatti(Uzhavar Sandhai ),Onion,Bellary,Local,5000,6000,6000,08-Jan-25
10289,Dhenkanal,Hindol,Onion,Other,FAQ,3000,4000,3500,10-Jan-25
10290,Dhenkanal,Hindol,Onion,Other,Non-FAQ,3000,3500,3200,26-Jan-25
10291,Dhenkanal,Hindol,Onion,Other,Non-FAQ,3000,3500,3200,29-Jan-25
10292,Dhenkanal,Hindol,Onion,Other,Non-FAQ,3000,3500,3200,30-Jan-25
10293,Nagpur,Hingna,Onion,Red,FAQ,2700,3000,2850,14-Jan-25
10294,Nagpur,Hingna,Onion,Red,FAQ,2700,3000,2850,16-Jan-25
10295,Ganjam,Hinjilicut,Onion,Other,FAQ,2000,3400,3000,23-Jan-25
10296,Ganjam,Hinjilicut,Onion,Other,FAQ,2500,4000,3000,26-Jan-25
10297,Ganjam,Hinjilicut,Onion,Other,FAQ,3000,4000,4000,11-Jan-25
10298,Ganjam,Hinjilicut,Onion,Other,FAQ,3000,4000,4000,13-Jan-25
10299,Ganjam,Hinjilicut,Onion,Other,FAQ,4000,5000,5000,04-Jan-25
10300,Hissar,Hissar,Onion,Other,FAQ,1500,2200,2000,30-Jan-25
10301,Hissar,Hissar,Onion,Other,FAQ,1800,2400,2200,17-Jan-25
10302,Hoshangabad,Hoshangabad(F&V),Onion,Onion,FAQ,1220,2130,1660,15-Jan-25
10303,Hoshangabad,Hoshangabad(F&V),Onion,Onion,FAQ,1310,2240,1730,18-Jan-25
10304,Hoshiarpur,Hoshiarpur,Onion,Other,FAQ,2200,2400,2300,31-Jan-25
10305,Hoshangabad,Pipariya(F&V),Onion,Onion,FAQ,1500,3500,2500,04-Jan-25
10306,Ernakulam,Piravam,Onion,Big,FAQ,3000,5000,4000,31-Jan-25
10307,Bhojpur,Piro,Onion,Medium,FAQ,3000,3030,3015,18-Jan-25
10308,Bhojpur,Piro,Onion,Medium,FAQ,5000,5030,5010,03-Jan-25
10309,Coimbatore,Pollachi(Uzhavar Sandhai ),Onion,Bellary,Local,4000,4400,4400,28-Jan-25
10310,Coimbatore,Pollachi(Uzhavar Sandhai ),Onion,Bellary,Local,4000,5500,5500,11-Jan-25
10311,Thiruvannamalai,Polur(Uzhavar Sandhai ),Onion,Bellary,Local,4200,5000,5000,08-Jan-25
10312,Thiruvannamalai,Polur(Uzhavar Sandhai ),Onion,Bellary,Local,4200,5000,5000,13-Jan-25
10313,Pratapgarh,Pratapgarh,Onion,Other,FAQ,800,2217,1841,27-Jan-25
10314,Pudukkottai,Pudukottai(Uzhavar Sandhai ),Onion,Bellary,Local,4500,5000,5000,28-Jan-25
10315,Pudukkottai,Pudukottai(Uzhavar Sandhai ),Onion,Bellary,Local,5000,6000,6000,08-Jan-25
10316,Kanpur Dehat,Pukharayan,Onion,Red,FAQ,2430,2450,2440,15-Jan-25
10317,Pune,Pune(Khadiki),Onion,Local,FAQ,1200,2600,1900,09-Jan-25
10318,Pune,Pune(Khadiki),Onion,Local,FAQ,1600,2600,2100,15-Jan-25
10319,Pune,Pune(Khadiki),Onion,Local,Local,1300,2200,1750,31-Jan-25
10320,Pune,Pune(Manjri),Onion,Local,FAQ,1700,2600,2200,21-Jan-25
10321,Pune,Pune(Manjri),Onion,Local,FAQ,2200,3100,2800,18-Jan-25
10322,Pune,Pune(Manjri),Onion,Local,FAQ,2200,3300,2800,05-Jan-25
10323,Pune,Pune(Moshi),Onion,Local,FAQ,300,3000,1650,03-Jan-25
10324,Pune,Pune(Moshi),Onion,Local,FAQ,500,2000,1250,07-Jan-25
10325,Pune,Pune(Pimpri),Onion,Local,FAQ,1000,2200,1600,25-Jan-25
10326,Mewat,Punhana,Onion,Other,FAQ,2000,2000,2000,18-Jan-25
10327,Pillibhit,Puranpur,Onion,Red,FAQ,1360,1435,1395,11-Jan-25
10328,Pillibhit,Puranpur,Onion,Red,FAQ,2160,2240,2200,05-Jan-25
10329,Pillibhit,Puranpur,Onion,Red,FAQ,2200,2290,2245,30-Jan-25
10330,Pillibhit,Puranpur,Onion,Red,Non-FAQ,2200,2270,2238,31-Jan-25
10331,Pillibhit,Puranpur,Onion,Red,Non-FAQ,2200,2280,2245,20-Jan-25
10332,Puruliya,Purulia,Onion,Other,FAQ,2400,2800,2500,20-Jan-25
10333,Puruliya,Purulia,Onion,Other,FAQ,2600,3300,3000,12-Jan-25
10334,Puruliya,Purulia,Onion,Other,FAQ,2600,3400,3000,06-Jan-25
10335,Unnao,Purwa,Onion,Red,FAQ,2275,2375,2325,24-Jan-25
10336,Shahjahanpur,Puwaha,Onion,Red,FAQ,2125,2325,2225,16-Jan-25
10337,Shahjahanpur,Puwaha,Onion,Red,FAQ,2145,2345,2245,07-Jan-25
10338,Shahjahanpur,Puwaha,Onion,Red,FAQ,2150,2350,2250,03-Jan-25
10339,Yamuna Nagar,Radaur,Onion,Other,FAQ,1800,2200,1900,24-Jan-25
10340,Yamuna Nagar,Radaur,Onion,Other,FAQ,2600,3200,3000,18-Jan-25
10341,Ahmednagar,Rahata,Onion,Red,FAQ,400,3200,2100,19-Jan-25
10342,Ahmednagar,Rahata,Onion,Red,Local,400,3000,2200,26-Jan-25
10343,Raebarelli,Raibareilly,Onion,Red,FAQ,2300,2400,2360,19-Jan-25
10344,Raigarh,Raigarh,Onion,Local,FAQ,2200,2600,2400,21-Jan-25
10345,Raigarh,Raigarh,Onion,Local,Local,2000,2600,2300,17-Jan-25
10346,Panchkula,Raipur Rai,Onion,Other,FAQ,2500,2800,2500,18-Jan-25
10347,Virudhunagar,Rajapalayam(Uzhavar Sandhai ),Onion,Bellary,Local,3700,4500,4500,25-Jan-25
10348,Virudhunagar,Rajapalayam(Uzhavar Sandhai ),Onion,Bellary,Local,4500,5000,5000,23-Jan-25
10349,Rajnandgaon,Rajnandgaon,Onion,Onion,Local,2000,2500,2300,07-Jan-25
10350,Rajnandgaon,Rajnandgaon,Onion,Onion,Non-FAQ,1900,2300,2100,31-Jan-25
10351,Rajouri,Rajouri (F&V),Onion,Other,FAQ,3200,3400,3300,14-Jan-25
10352,Patiala,Rajpura,Onion,Local,FAQ,1800,2800,2300,12-Jan-25
10353,Patiala,Rajpura,Onion,Local,FAQ,2000,2500,2200,23-Jan-25
10354,Patiala,Rajpura,Onion,Local,FAQ,2000,2800,2400,02-Jan-25
10355,Bhatinda,Raman,Onion,Other,FAQ,2410,2515,2455,09-Jan-25
10356,Etawah,Jasvantnagar,Onion,Red,FAQ,2170,2270,2220,31-Jan-25
10357,Etawah,Jasvantnagar,Onion,Red,FAQ,2270,2370,2320,08-Jan-25
10358,Jaunpur,Jaunpur,Onion,Red,FAQ,2135,2235,2185,25-Jan-25
10359,Jaunpur,Jaunpur,Onion,Red,FAQ,2375,2435,2400,16-Jan-25
10360,Raebarelli,Jayas,Onion,Red,FAQ,2300,2350,2330,16-Jan-25
10361,Ariyalur,Jeyankondam (Uzhavar Sandhai ),Onion,Bellary,Local,4000,5200,5200,03-Jan-25
10362,Jhansi,Jhansi,Onion,Red,FAQ,1900,2050,2000,22-Jan-25
10363,Jhansi,Jhansi,Onion,Red,FAQ,2000,2120,2035,06-Jan-25
10364,Jhansi,Jhansi,Onion,Red,FAQ,2000,2140,2050,10-Jan-25
10365,Jharsuguda,Jharsuguda,Onion,Other,FAQ,3500,4000,4000,03-Jan-25
10366,Jharsuguda,Jharsuguda,Onion,Other,Non-FAQ,3500,3500,3500,21-Jan-25
10367,Jind,Jind,Onion,Other,FAQ,1800,2400,2100,08-Jan-25
10368,Jodhpur,Jodhpur (F&V),Onion,Other,FAQ,1000,2000,1500,13-Jan-25
10369,Jodhpur,Jodhpur (F&V),Onion,Other,FAQ,1000,2000,1500,15-Jan-25
10370,Jodhpur,Jodhpur (F&V),Onion,Other,FAQ,1000,2000,1500,22-Jan-25
10371,Jodhpur,Jodhpur (F&V),Onion,Other,FAQ,1000,2200,1600,23-Jan-25
10372,Jodhpur,Jodhpur (F&V),Onion,Other,FAQ,1000,2200,1600,25-Jan-25
10373,Pune,Junnar(Alephata),Onion,Other,FAQ,1100,3500,2800,26-Jan-25
10374,North Tripura,Kadamtala,Onion,Nasik,FAQ,3700,3800,3750,11-Jan-25
10375,Vellore,Kahithapattarai(Uzhavar Sandhai ),Onion,Bellary,Local,4200,4200,4200,09-Jan-25
10376,Shamli,Kairana,Onion,Red,FAQ,1500,1600,1550,08-Jan-25
10377,Shamli,Kairana,Onion,Red,FAQ,1500,1600,1550,13-Jan-25
10378,Kakching,Kakching Market,Onion,Red,FAQ,5500,6000,5750,06-Jan-25
10379,Sirsa,kalanwali,Onion,Other,FAQ,2000,2000,2000,20-Jan-25
10380,Shajapur,Kalapipal(F&V),Onion,Onion,FAQ,1180,1565,1340,14-Jan-25
10381,Kalburgi,Kalburgi,Onion,Onion,FAQ,500,4000,2250,11-Jan-25
10382,Hooghly,Kalipur,Onion,Nasik,FAQ,2700,2900,2800,28-Jan-25
10383,Hooghly,Kalipur,Onion,Nasik,FAQ,3000,3200,3000,05-Jan-25
10384,Kozhikode(Calicut),Kallachi,Onion,Other,FAQ,3300,3700,3500,20-Jan-25
10385,Kallakuruchi,Kallakurichi(Uzhavar Sandhai ),Onion,Bellary,Local,4000,5000,5000,23-Jan-25
10386,Kallakuruchi,Kallakurichi(Uzhavar Sandhai ),Onion,Bellary,Local,4000,5000,5000,28-Jan-25
10387,Thane,Kalyan,Onion,1st Sort,FAQ,2400,2600,2500,22-Jan-25
10388,Thane,Kalyan,Onion,1st Sort,FAQ,3000,3500,3250,07-Jan-25
10389,Thane,Kalyan,Onion,2nd Sort,FAQ,2000,2200,2100,02-Jan-25
10390,Nadia,Kalyani,Onion,Onion,FAQ,2800,3000,2900,20-Jan-25
10391,Khowai,Kalyanpur,Onion,Nasik,FAQ,3400,3600,3500,19-Jan-25
10392,Nagpur,Kamthi,Onion,Local,FAQ,1500,2500,2000,24-Jan-25
10393,Nagpur,Kamthi,Onion,Local,FAQ,2000,3000,2500,08-Jan-25
10394,Nagpur,Kamthi,Onion,Local,FAQ,2000,3000,2500,13-Jan-25
10395,Kancheepuram,Kancheepuram(Uzhavar Sandhai ),Onion,Bellary,Local,3600,4000,4000,16-Jan-25
10396,Kancheepuram,Kancheepuram(Uzhavar Sandhai ),Onion,Bellary,Local,3600,4500,4500,01-Feb-25
10397,Kancheepuram,Kancheepuram(Uzhavar Sandhai ),Onion,Bellary,Local,3800,4400,4400,27-Jan-25
10398,Thirupur,Kangayam(Uzhavar Sandhai ),Onion,Bellary,Local,4200,4600,4600,30-Jan-25
10399,Thirupur,Kangayam(Uzhavar Sandhai ),Onion,Bellary,Local,5100,5500,5500,01-Jan-25
10400,Kangra,Kangra,Onion,Other,FAQ,3200,3300,3300,20-Jan-25
10401,Kangra,Kangra(Baijnath),Onion,Onion,FAQ,2800,2900,2800,01-Feb-25
10402,Kangra,Kangra(Baijnath),Onion,Onion,FAQ,2900,3200,3000,15-Jan-25
10403,Kangra,Kangra(Baijnath),Onion,Onion,FAQ,3000,3200,3100,09-Jan-25
10404,Kangra,Kangra(Jaisinghpur),Onion,1st Sort,FAQ,2700,2800,2750,01-Jan-25
10405,Kangra,Kangra(Nagrota Bagwan),Onion,Other,FAQ,3000,3200,3100,23-Jan-25
10406,Kangra,Kangra(Nagrota Bagwan),Onion,Other,FAQ,3000,3200,3100,30-Jan-25
10407,Kangra,Kangra(Nagrota Bagwan),Onion,Other,FAQ,3000,3500,3200,03-Jan-25
10408,Kasargod,Kanjangadu,Onion,Big,FAQ,3300,4000,3500,16-Jan-25
10409,Kottayam,Kanjirappally,Onion,Big,FAQ,4500,5000,4800,22-Jan-25
10410,Kottayam,Kanjirappally,Onion,Onion,FAQ,11000,12000,11800,16-Jan-25
10411,Kannuj,Kannauj,Onion,Red,FAQ,2300,2400,2350,16-Jan-25
10412,Kannur,Kannur,Onion,Other,FAQ,3200,3400,3300,28-Jan-25
10413,Kanpur,Kanpur(Grain),Onion,Red,FAQ,2130,2230,2180,31-Jan-25
10414,Kanpur,Kanpur(Grain),Onion,Red,FAQ,2250,2450,2350,14-Jan-25
10415,Kheda,Kapadvanj,Onion,Other,FAQ,1400,2700,2050,01-Feb-25
10416,Satara,Karad,Onion,Other,FAQ,2000,2800,2800,18-Jan-25
10417,Satara,Karad,Onion,Other,FAQ,2500,2800,2800,02-Jan-25
10418,Satara,Karad,Onion,Other,FAQ,2500,2800,2800,13-Jan-25
10419,Sivaganga,Karaikudi(Uzhavar Sandhai ),Onion,Bellary,Local,4000,5500,5500,01-Jan-25
10420,Sivaganga,Karaikudi(Uzhavar Sandhai ),Onion,Bellary,Local,5000,5600,5600,04-Jan-25
10421,Sivaganga,Karaikudi(Uzhavar Sandhai ),Onion,Bellary,Local,5200,5600,5600,09-Jan-25
10422,Nadia,Karimpur,Onion,Nasik,FAQ,2250,2350,2300,14-Jan-25
10423,Nadia,Karimpur,Onion,Nasik,FAQ,2700,2900,2800,06-Jan-25
10424,Virudhunagar,Kariyapatti(Uzhavar Sandhai ),Onion,Bellary,Local,3500,4000,4000,08-Jan-25
10425,Virudhunagar,Kariyapatti(Uzhavar Sandhai ),Onion,Bellary,Local,3500,4000,4000,13-Jan-25
10426,Virudhunagar,Kariyapatti(Uzhavar Sandhai ),Onion,Bellary,Local,3500,4000,4000,15-Jan-25
10427,Virudhunagar,Kariyapatti(Uzhavar Sandhai ),Onion,Bellary,Local,3500,4000,4000,22-Jan-25
10428,Virudhunagar,Kariyapatti(Uzhavar Sandhai ),Onion,Bellary,Local,5000,6000,6000,06-Jan-25
10429,Virudhunagar,Kariyapatti(Uzhavar Sandhai ),Onion,Bellary,Local,5500,6000,6000,11-Jan-25
10430,Ahmednagar,Karjat,Onion,Local,FAQ,500,2500,1500,13-Jan-25
10431,Ahmednagar,Karjat,Onion,Local,FAQ,500,3300,1900,07-Jan-25
10432,Ahmednagar,Karjat,Onion,Local,Local,1000,2800,1900,26-Jan-25
10433,Gonda,Karnailganj,Onion,Red,FAQ,2150,2250,2200,31-Jan-25
10434,Darjeeling,Karsiyang(Matigara),Onion,Other,FAQ,3200,3500,3300,24-Jan-25
10435,Darjeeling,Karsiyang(Matigara),Onion,Other,FAQ,3200,3500,3300,31-Jan-25
10436,Karur,Karur(Uzhavar Sandhai ),Onion,Bellary,Local,4500,5000,5000,07-Jan-25
10437,Karur,Karur(Uzhavar Sandhai ),Onion,Bellary,Local,4500,5000,5000,19-Jan-25
10438,Karur,Karur(Uzhavar Sandhai ),Onion,Bellary,Local,4500,5000,5000,27-Jan-25
10439,Karur,Karur(Uzhavar Sandhai ),Onion,Bellary,Local,4500,5000,5000,31-Jan-25
10440,UdhamSinghNagar,Kashipur,Onion,Other,FAQ,1400,1600,1500,27-Jan-25
10441,UdhamSinghNagar,Kashipur,Onion,Other,FAQ,1600,2000,1800,25-Jan-25
10442,Puruliya,Kasipur,Onion,Other,FAQ,2800,3000,2900,04-Jan-25
10443,Puruliya,Kasipur,Onion,Other,FAQ,3000,3500,3200,06-Jan-25
10444,Kathua,Kathua,Onion,Other,FAQ,2000,2500,2250,18-Jan-25
10445,Idukki,Kattappana,Onion,Big,FAQ,3600,4000,4000,09-Jan-25
10446,Idukki,Kattappana,Onion,Big,Non-FAQ,3700,4300,4000,27-Jan-25
10447,Idukki,Kattappana,Onion,Small,FAQ,8700,9000,8900,18-Jan-25
10448,Idukki,Kattappana,Onion,Small,FAQ,9000,10000,9600,03-Jan-25
10449,Idukki,Kattappana,Onion,Small,Non-FAQ,5700,6000,6000,01-Feb-25
10450,Purba Bardhaman,Katwa,Onion,Other,FAQ,2400,2600,2500,01-Feb-25
10451,Purba Bardhaman,Katwa,Onion,Other,FAQ,2400,2600,2500,15-Jan-25
10452,Krishnagiri,Kaveripattinam(Uzhavar Sandhai ),Onion,Bellary,Local,4000,5000,5000,30-Jan-25
10453,Farukhabad,Kayamganj,Onion,Red,FAQ,2220,2320,2270,20-Jan-25
10454,Farukhabad,Kayamganj,Onion,Red,FAQ,2250,2350,2300,17-Jan-25
10455,Alappuzha,Kayamkulam,Onion,Big,FAQ,3500,3700,3600,20-Jan-25
10456,Alappuzha,Kayamkulam,Onion,Small,FAQ,6700,6900,6800,26-Jan-25
10457,Thiruvannamalai,Keelpennathur(Uzhavar Sandhai ),Onion,Bellary,Local,3500,4000,4000,26-Jan-25
10458,Sundergarh,Bonai,Onion,Other,FAQ,4000,4000,4000,10-Jan-25
10459,Boudh,Boudh,Onion,Other,FAQ,4000,6000,5000,13-Jan-25
10460,Hyderabad,Bowenpally,Onion,1st Sort,FAQ,1000,3000,2500,19-Jan-25
10461,Mansa,Budalada,Onion,Other,FAQ,2400,3000,2600,22-Jan-25
10462,Bhiwani,Ch. Dadri,Onion,Other,FAQ,1100,3000,2050,01-Jan-25
10463,Bijnor,Chaandpur,Onion,Red,FAQ,1600,1800,1700,10-Jan-25
10464,Bijnor,Chaandpur,Onion,Red,FAQ,1600,1800,1700,14-Jan-25
10465,Nadia,Chakdah,Onion,Other,FAQ,3400,3550,3500,08-Jan-25
10466,Thiruvananthapuram,Chala,Onion,Big,FAQ,4200,4600,4200,04-Jan-25
10467,Thiruvananthapuram,Chala,Onion,Big,FAQ,4600,4800,4600,10-Jan-25
10468,Thiruvananthapuram,Chala,Onion,Onion,FAQ,9200,9500,9200,16-Jan-25
10469,Thirssur,Chalakudy,Onion,Onion,FAQ,3700,4500,4500,17-Jan-25
10470,Chamba,Chamba,Onion,Other,FAQ,3000,3500,3250,07-Jan-25
10471,Chamba,Chamba,Onion,Other,FAQ,3000,3500,3250,09-Jan-25
10472,Ropar (Rupnagar),Chamkaur Sahib,Onion,Other,FAQ,7900,8000,7950,14-Jan-25
10473,Hooghly,Champadanga,Onion,Nasik,FAQ,2500,2800,2700,19-Jan-25
10474,Hooghly,Champadanga,Onion,Nasik,FAQ,3000,3200,3100,03-Jan-25
10475,Bhadrak,Chandabali,Onion,Other,FAQ,2550,2870,2790,29-Jan-25
10476,Sambhal,Chandausi,Onion,Red,FAQ,2150,2250,2200,21-Jan-25
10477,Sambhal,Chandausi,Onion,Red,FAQ,2150,2250,2210,19-Jan-25
10478,Chandauli,Chandoli,Onion,Red,FAQ,2300,2400,2350,04-Jan-25
10479,Chandauli,Chandoli,Onion,Red,FAQ,2390,2490,2440,10-Jan-25
10480,Chandrapur,Chandrapur(Ganjwad),Onion,Other,FAQ,2000,3000,2500,22-Jan-25
10481,Nashik,Chandvad,Onion,Red,FAQ,1002,2600,2250,23-Jan-25
10482,Nashik,Chandvad,Onion,Red,FAQ,1060,2500,2030,17-Jan-25
10483,Nashik,Chandvad,Onion,Red,FAQ,1201,2726,2280,06-Jan-25
10484,Aligarh,Charra,Onion,Red,FAQ,2300,2500,2400,19-Jan-25
10485,Kollam,Chathanoor,Onion,Other,FAQ,4800,5200,5000,28-Jan-25
10486,Chattrapati Sambhajinagar,Chattrapati Sambhajinagar,Onion,Other,FAQ,550,2300,1425,19-Jan-25
10487,Thirssur,Chavakkad,Onion,Other,Non-FAQ,3800,4600,4600,17-Jan-25
10488,Chengalpattu,Chengalpet(Uzhavar Sandhai ),Onion,Bellary,Local,3000,4000,4000,13-Jan-25
10489,Chengalpattu,Chengalpet(Uzhavar Sandhai ),Onion,Bellary,Local,3500,4000,4000,29-Jan-25
10490,Chengalpattu,Chengalpet(Uzhavar Sandhai ),Onion,Bellary,Local,3500,4000,4000,30-Jan-25
10491,Thiruvannamalai,Chengam(Uzhavar Sandhai ),Onion,Bellary,Local,3600,4000,4000,17-Jan-25
10492,Alappuzha,Chengannur,Onion,Onion,FAQ,3400,3800,3500,01-Feb-25
10493,Alappuzha,Chengannur,Onion,Onion,FAQ,3500,3800,3600,17-Jan-25
10494,Alappuzha,Chengannur,Onion,Small,FAQ,8500,9200,9000,13-Jan-25
10495,Yamuna Nagar,Chhachrauli,Onion,Onion,FAQ,2100,3000,2100,15-Jan-25
10496,Yamuna Nagar,Chhachrauli,Onion,Onion,FAQ,2500,3200,2500,03-Jan-25
10497,Yamuna Nagar,Chhachrauli,Onion,Other,FAQ,1800,2900,1800,24-Jan-25
10498,Kannuj,Chhibramau,Onion,Red,FAQ,2000,2125,2060,28-Jan-25
10499,Cuddalore,Chidambaram(Uzhavar Sandhai ),Onion,Bellary,Local,4000,5000,5000,19-Jan-25
10500,Cuddalore,Chidambaram(Uzhavar Sandhai ),Onion,Bellary,Local,4000,5000,5000,23-Jan-25
10501,Cuddalore,Chidambaram(Uzhavar Sandhai ),Onion,Bellary,Local,4000,5000,5000,25-Jan-25
10502,Chikmagalur,Chikkamagalore,Onion,Other,FAQ,3001,3201,3101,27-Jan-25
10503,Chikmagalur,Chikkamagalore,Onion,Other,FAQ,3233,3433,3333,16-Jan-25
10504,Dindigul,Chinnalapatti(Uzhavar Sandhai ),Onion,Bellary,Local,4000,5000,5000,28-Jan-25
10505,Theni,Chinnamanur(Uzhavar Sandhai ),Onion,Bellary,Local,4500,4600,4600,11-Jan-25
10506,Theni,Chinnamanur(Uzhavar Sandhai ),Onion,Bellary,Local,4600,4600,4600,22-Jan-25
10507,Ballia,Chitwadagaon,Onion,Red,FAQ,2130,2240,2190,06-Jan-25
10508,Madurai,Chokkikulam(Uzhavar Sandhai ),Onion,Bellary,Local,4500,5000,5000,13-Jan-25
10509,Kottayam,Athirampuzha,Onion,Big,FAQ,3800,4000,3900,25-Jan-25
10510,Kottayam,Athirampuzha,Onion,Big,FAQ,4000,4200,4100,23-Jan-25
10511,Kottayam,Athirampuzha,Onion,Big,Non-FAQ,3600,3800,3700,20-Jan-25
10512,Kottayam,Athirampuzha,Onion,Onion,FAQ,6800,7000,6900,29-Jan-25
10513,Kottayam,Athirampuzha,Onion,Onion,FAQ,6800,7000,6900,30-Jan-25
10514,Kottayam,Athirampuzha,Onion,Onion,FAQ,7800,8200,8000,01-Jan-25
10515,Salem,Athur(Uzhavar Sandhai ),Onion,Bellary,Local,4000,5500,5500,01-Feb-25
10516,Salem,Athur(Uzhavar Sandhai ),Onion,Bellary,Local,4000,5500,5500,29-Jan-25
10517,Bargarh,Attabira,Onion,Other,FAQ,3500,4000,3500,20-Jan-25
10518,Salem,Attayampatti(Uzhavar Sandhai ),Onion,Bellary,Local,4500,5000,5000,19-Jan-25
10519,Salem,Attayampatti(Uzhavar Sandhai ),Onion,Bellary,Local,5000,6000,6000,09-Jan-25
10520,Krishnagiri,Avallapalli(Uzhavar Sandhai ),Onion,Bellary,Local,3500,4000,4000,01-Feb-25
10521,Etah,Awagarh,Onion,Red,Non-FAQ,1000,1400,1100,28-Jan-25
10522,Delhi,Azadpur,Onion,Onion,FAQ,875,3000,1969,17-Jan-25
10523,Delhi,Azadpur,Onion,Onion,FAQ,875,3000,1969,22-Jan-25
10524,Delhi,Azadpur,Onion,Onion,FAQ,1000,2750,1792,14-Jan-25
10525,Delhi,Azadpur,Onion,Onion,FAQ,1000,3000,2169,28-Jan-25
10526,Raebarelli,Bachranwa,Onion,Red,FAQ,2350,2450,2400,23-Jan-25
10527,Raebarelli,Bachranwa,Onion,Red,FAQ,2350,2450,2400,25-Jan-25
10528,Badaun,Badayoun,Onion,Nasik,FAQ,2140,2320,2255,12-Jan-25
10529,Dhar,Badnawar,Onion,Onion,FAQ,510,535,535,09-Jan-25
10530,Dhar,Badnawar,Onion,Onion,FAQ,700,700,700,13-Jan-25
10531,Dhar,Badnawar,Onion,Onion,FAQ,1200,1300,1300,06-Jan-25
10532,Badwani,Badwani(F&V),Onion,Onion,FAQ,1300,1300,1300,20-Jan-25
10533,Chikmagalur,Bagepalli,Onion,Onion,FAQ,3000,4000,3400,28-Jan-25
10534,Moga,Baghapurana,Onion,Local,FAQ,2000,3000,2500,28-Jan-25
10535,Jhajar,Bahadurgarh,Onion,Other,FAQ,1500,2500,2000,24-Jan-25
10536,Bahraich,Bahraich,Onion,Red,FAQ,2075,2225,2150,29-Jan-25
10537,Bahraich,Bahraich,Onion,Red,FAQ,2100,2300,2215,01-Feb-25
10538,Bahraich,Bahraich,Onion,Red,FAQ,2175,2325,2250,21-Jan-25
10539,Puruliya,Balarampur,Onion,Other,FAQ,2600,3000,2800,21-Jan-25
10540,Thiruvananthapuram,Balarampuram,Onion,1st Sort,FAQ,4000,5000,5000,18-Jan-25
10541,Thiruvananthapuram,Balarampuram,Onion,1st Sort,FAQ,5000,5000,5000,10-Jan-25
10542,Thiruvananthapuram,Balarampuram,Onion,1st Sort,FAQ,5000,5000,5000,14-Jan-25
10543,Ballia,Ballia,Onion,Red,FAQ,2170,2230,2200,02-Jan-25
10544,Ballia,Ballia,Onion,Red,FAQ,2250,2320,2280,22-Jan-25
10545,Balotra,Balotra,Onion,1st Sort,FAQ,2300,2400,2380,20-Jan-25
10546,Balotra,Balotra,Onion,1st Sort,FAQ,2400,2500,2480,22-Jan-25
10547,Balrampur,Balrampur,Onion,Red,FAQ,2170,2395,2280,19-Jan-25
10548,Balrampur,Balrampur,Onion,Red,FAQ,2250,2460,2350,05-Jan-25
10549,Khurda,Balugaon,Onion,Other,FAQ,2500,3000,2800,02-Jan-25
10550,Banda,Banda,Onion,Red,FAQ,1970,2130,2050,01-Feb-25
10551,Banda,Banda,Onion,Red,FAQ,2620,2775,2700,03-Jan-25
10552,Bangalore,Bangalore,Onion,Bangalore-Samall,FAQ,800,1500,1200,30-Jan-25
10553,Bangalore,Bangalore,Onion,Bangalore-Samall,FAQ,1000,2000,1500,22-Jan-25
10554,Bangalore,Bangalore,Onion,Local,FAQ,1500,2500,2300,27-Jan-25
10555,Bangalore,Bangalore,Onion,Onion,FAQ,2800,3600,3200,04-Jan-25
10556,Bangalore,Bangalore,Onion,Onion,FAQ,3200,4000,3400,24-Jan-25
10557,Bangalore,Bangalore,Onion,Puna,FAQ,3000,4000,3400,04-Jan-25
10558,Bangalore,Bangalore,Onion,Puna,FAQ,3000,4000,3500,24-Jan-25
10559,Bangalore,Bangalore,Onion,Puna,FAQ,3000,4400,3600,01-Jan-25
10560,Mohali,Banur,Onion,Other,FAQ,1590,3600,1590,20-Jan-25
10561,Barabanki,Barabanki,Onion,Red,FAQ,2300,2400,2350,14-Jan-25
10562,Sonipat,Sonepat(Kharkhoda),Onion,Other,FAQ,1500,2500,2000,15-Jan-25
10563,Sonipat,Sonepat(Kharkhoda),Onion,Other,FAQ,1800,2400,2000,18-Jan-25
10564,Sonipat,Sonepat(Kharkhoda),Onion,Other,FAQ,1800,2400,2200,30-Jan-25
10565,Sonipat,Sonepat(Kharkhoda),Onion,Other,FAQ,2500,3000,2800,07-Jan-25
10566,Dewas,Sonkachh(F&V),Onion,Local,FAQ,501,1210,950,17-Jan-25
10567,Salem,Sooramangalam(Uzhavar Sandhai ),Onion,Bellary,Local,4500,5000,5000,20-Jan-25
10568,Salem,Sooramangalam(Uzhavar Sandhai ),Onion,Bellary,Local,4600,5400,5400,30-Jan-25
10569,Salem,Sooramangalam(Uzhavar Sandhai ),Onion,Bellary,Local,5000,5600,5600,13-Jan-25
10570,Salem,Sooramangalam(Uzhavar Sandhai ),Onion,Bellary,Local,5000,5600,5600,22-Jan-25
10571,Salem,Sooramangalam(Uzhavar Sandhai ),Onion,Bellary,Local,5500,6000,6000,17-Jan-25
10572,Salem,Sooramangalam(Uzhavar Sandhai ),Onion,Bellary,Local,5500,6000,6000,24-Jan-25
10573,Virudhunagar,Srivilliputhur(Uzhavar Sandhai ),Onion,Bellary,Local,3500,4000,4000,28-Jan-25
10574,Virudhunagar,Srivilliputhur(Uzhavar Sandhai ),Onion,Bellary,Local,4800,6000,6000,22-Jan-25
10575,Amethi,Sultanpur,Onion,Red,FAQ,2300,2450,2355,18-Jan-25
10576,Amethi,Sultanpur,Onion,Red,FAQ,2355,2500,2400,08-Jan-25
10577,Amethi,Sultanpur,Onion,Red,FAQ,2400,2600,2450,04-Jan-25
10578,Sangrur,Sunam,Onion,Nasik,FAQ,1800,2500,2000,26-Jan-25
10579,Sangrur,Sunam,Onion,Nasik,FAQ,2000,2500,2200,19-Jan-25
10580,Sangrur,Sunam,Onion,Nasik,FAQ,2000,2500,2200,29-Jan-25
10581,Sangrur,Sunam,Onion,Nasik,FAQ,2000,2800,2500,08-Jan-25
10582,Sangrur,Sunam,Onion,Nasik,FAQ,2000,2800,2500,14-Jan-25
10583,Coimbatore,Sundarapuram(Uzhavar Sandhai ),Onion,Bellary,Local,3800,4200,4200,05-Jan-25
10584,Surat,Surat,Onion,Other,FAQ,1000,2700,1850,16-Jan-25
10585,Surat,Surat,Onion,Other,FAQ,1000,3000,2000,05-Jan-25
10586,Surat,Surat,Onion,Other,FAQ,1200,2900,2090,23-Jan-25
10587,Surat,Surat,Onion,Other,FAQ,1200,3550,2375,02-Jan-25
10588,Samastipur,Tajpur,Onion,Medium,FAQ,2400,2600,2500,27-Jan-25
10589,Kannur,Taliparamba,Onion,Onion,FAQ,3900,4100,4000,08-Jan-25
10590,Bhatinda,Talwandi Sabo,Onion,Other,FAQ,2000,2300,2100,17-Jan-25
10591,Bhatinda,Talwandi Sabo,Onion,Other,FAQ,2000,2500,2200,16-Jan-25
10592,Thiruvannamalai,Tamarainagar(Uzhavar Sandhai ),Onion,Bellary,Local,3500,4000,4000,16-Jan-25
10593,Thiruvannamalai,Tamarainagar(Uzhavar Sandhai ),Onion,Bellary,Local,3500,4000,4000,26-Jan-25
10594,Thiruvannamalai,Tamarainagar(Uzhavar Sandhai ),Onion,Bellary,Local,4000,4500,4500,05-Jan-25
10595,Thiruvannamalai,Tamarainagar(Uzhavar Sandhai ),Onion,Bellary,Local,4000,4500,4500,06-Jan-25
10596,Medinipur(E),Tamluk (Medinipur E),Onion,Onion,FAQ,2200,2600,2400,25-Jan-25
10597,Medinipur(E),Tamluk (Medinipur E),Onion,Onion,FAQ,2400,2800,2600,24-Jan-25
10598,Medinipur(E),Tamluk (Medinipur E),Onion,Onion,FAQ,2400,2800,2600,27-Jan-25
10599,Medinipur(E),Tamluk (Medinipur E),Onion,Onion,FAQ,2600,3000,2800,19-Jan-25
10600,Medinipur(E),Tamluk (Medinipur E),Onion,Onion,FAQ,2800,3200,3000,17-Jan-25
10601,Tarntaran,Tarantaran,Onion,Other,FAQ,2000,2200,2100,11-Jan-25
10602,Tarntaran,Tarantaran,Onion,Other,FAQ,2000,2400,2200,22-Jan-25
10603,Mewat,Tauru,Onion,Other,Non-FAQ,2500,2700,2600,22-Jan-25
10604,Khowai,Teliamura,Onion,Nasik,FAQ,3450,3550,3500,31-Jan-25
10605,Tenkasi,Tenkasi(Uzhavar Sandhai ),Onion,Bellary,Local,3500,4500,4500,03-Jan-25
10606,Kannur,Thalasserry,Onion,1st Sort,FAQ,2800,3100,3000,18-Jan-25
10607,Kannur,Thalasserry,Onion,1st Sort,FAQ,3400,3600,3500,26-Jan-25
10608,Erode,Thalavadi(Uzhavar Sandhai ),Onion,Bellary,Local,4000,4500,4500,04-Jan-25
10609,Erode,Thalavadi(Uzhavar Sandhai ),Onion,Bellary,Local,4000,4500,4500,09-Jan-25
10610,Erode,Thalavadi(Uzhavar Sandhai ),Onion,Bellary,Local,4000,4500,4500,18-Jan-25
10611,Erode,Thalavadi(Uzhavar Sandhai ),Onion,Bellary,Local,4000,4600,4600,23-Jan-25
10612,Krishnagiri,Hosur(Uzhavar Sandhai ),Onion,Bellary,Local,4000,4500,4500,01-Jan-25
10613,Krishnagiri,Hosur(Uzhavar Sandhai ),Onion,Bellary,Local,4000,4500,4500,23-Jan-25
10614,Krishnagiri,Hosur(Uzhavar Sandhai ),Onion,Bellary,Local,4500,5000,5000,05-Jan-25
10615,Dharwad,Hubli (Amaragol),Onion,Puna,FAQ,500,3000,1800,29-Jan-25
10616,Imphal West,Imphal,Onion,Other,FAQ,4200,5000,4600,23-Jan-25
10617,Imphal West,Imphal,Onion,Other,FAQ,5200,6000,5600,07-Jan-25
10618,Indore,Indore,Onion,Other,FAQ,1196,2234,2234,09-Jan-25
10619,Indore,Indore,Onion,Other,FAQ,1206,2382,2382,08-Jan-25
10620,Karnal,Indri,Onion,Other,Non-FAQ,2000,2500,2500,24-Jan-25
10621,Yamuna Nagar,Jagadhri,Onion,Other,FAQ,2000,2300,2150,24-Jan-25
10622,Yamuna Nagar,Jagadhri,Onion,Other,FAQ,2000,2350,2150,20-Jan-25
10623,Yamuna Nagar,Jagadhri,Onion,Other,FAQ,2200,2650,2450,14-Jan-25
10624,Yamuna Nagar,Jagadhri,Onion,Other,FAQ,2300,2680,2450,10-Jan-25
10625,Madhubani,Jahajharpur,Onion,Medium,FAQ,3100,3300,3200,29-Jan-25
10626,Madhubani,Jahajharpur,Onion,Medium,FAQ,3200,3400,3300,17-Jan-25
10627,Bulandshahar,Jahangirabad,Onion,Red,FAQ,2100,2280,2190,22-Jan-25
10628,Bulandshahar,Jahangirabad,Onion,Red,FAQ,2200,2400,2295,18-Jan-25
10629,Madhubani,Jainagar,Onion,Medium,FAQ,3000,3200,3100,22-Jan-25
10630,Jaipur,Jaipur (F&V),Onion,Other,FAQ,1500,2500,2000,09-Jan-25
10631,Salem,Jalagandapuram(Uzhavar Sandhai ),Onion,Bellary,Local,5000,5400,5400,30-Jan-25
10632,Salem,Jalagandapuram(Uzhavar Sandhai ),Onion,Bellary,Local,5000,5400,5400,31-Jan-25
10633,Salem,Jalagandapuram(Uzhavar Sandhai ),Onion,Bellary,Local,5000,5500,5500,04-Jan-25
10634,Salem,Jalagandapuram(Uzhavar Sandhai ),Onion,Bellary,Local,5000,5500,5500,06-Jan-25
10635,Salem,Jalagandapuram(Uzhavar Sandhai ),Onion,Bellary,Local,5000,5500,5500,25-Jan-25
10636,Fazilka,Jalalabad,Onion,Other,FAQ,2500,2800,2700,22-Jan-25
10637,Jalandhar,Jalandhar City(Jalandhar),Onion,Other,FAQ,500,1500,1000,31-Jan-25
10638,Jalaun (Orai),Jalaun,Onion,Red,FAQ,1500,1800,1600,18-Jan-25
10639,Jalpaiguri,Jalpaiguri Sadar,Onion,Nasik,FAQ,2800,3000,2900,23-Jan-25
10640,Chengalpattu,Jameenrayapettai(Uzhavar Sandhai ),Onion,Bellary,Local,3500,5000,5000,28-Jan-25
10641,Murshidabad,Jangipur,Onion,Red,FAQ,2675,2720,2700,31-Jan-25
10642,Murshidabad,Jangipur,Onion,Red,FAQ,2750,2800,2780,10-Jan-25
10643,Murshidabad,Jangipur,Onion,Red,FAQ,2945,3000,2975,07-Jan-25
10644,Murshidabad,Jangipur,Onion,Red,FAQ,3205,3250,3230,06-Jan-25
10645,Ratlam,Jaora,Onion,Onion,FAQ,936,1700,1300,27-Jan-25
10646,Prayagraj,Jasra,Onion,Red,FAQ,1900,2045,1975,30-Jan-25
10647,Jaunpur,Jaunpur,Onion,Red,FAQ,2100,2200,2150,01-Feb-25
10648,Jaunpur,Jaunpur,Onion,Red,FAQ,2140,2210,2175,28-Jan-25
10649,Jaunpur,Jaunpur,Onion,Red,FAQ,2500,2600,2550,07-Jan-25
10650,Raebarelli,Jayas,Onion,Red,FAQ,2250,2380,2300,26-Jan-25
10651,Raebarelli,Jayas,Onion,Red,FAQ,2300,2400,2320,17-Jan-25
10652,Raebarelli,Jayas,Onion,Red,FAQ,2300,2400,2350,14-Jan-25
10653,Raebarelli,Jayas,Onion,Red,FAQ,2300,2420,2350,13-Jan-25
10654,Raebarelli,Jayas,Onion,Red,FAQ,2400,2500,2450,06-Jan-25
10655,Ariyalur,Jeyankondam (Uzhavar Sandhai ),Onion,Bellary,Local,4000,4600,4600,11-Jan-25
10656,Jhajar,Jhajjar,Onion,Other,FAQ,2800,3200,3000,08-Jan-25
10657,Jhansi,Jhansi,Onion,Red,FAQ,1900,2120,2050,15-Jan-25
10658,Jhansi,Jhansi,Onion,Red,FAQ,2000,2200,2100,01-Jan-25
10659,Jhansi,Jhansi,Onion,Red,Non-FAQ,1950,2100,2010,20-Jan-25
10660,Jharsuguda,Jharsuguda,Onion,Other,Non-FAQ,3500,4000,3500,31-Jan-25
10661,Jind,Jind,Onion,Other,FAQ,1500,2300,2100,22-Jan-25
10662,Jind,Jind,Onion,Other,FAQ,2000,2400,2250,19-Jan-25
10663,Tuticorin,Tuticorin(Uzhavar Sandhai ),Onion,Bellary,Local,4500,5000,5000,11-Jan-25
10664,Udaipur,Udaipur (F&V),Onion,Other,FAQ,1500,3000,2250,03-Jan-25
10665,Mayurbhanja,Udala,Onion,Onion,FAQ,3500,3700,3600,16-Jan-25
10666,The Nilgiris,Udhagamandalam(Uzhavar Sandhai ),Onion,Bellary,Local,4000,4400,4400,17-Jan-25
10667,The Nilgiris,Udhagamandalam(Uzhavar Sandhai ),Onion,Bellary,Local,4500,5000,5000,20-Jan-25
10668,Udhampur,Udhampur,Onion,Other,FAQ,2800,3000,2900,04-Jan-25
10669,Coimbatore,Udumalpet,Onion,Bellary,Local,4200,4800,4800,27-Jan-25
10670,Udupi,Udupi,Onion,Onion,FAQ,3200,3600,3400,04-Jan-25
10671,Udupi,Udupi,Onion,Onion,Ref grade-1,3000,3200,3100,30-Jan-25
10672,Badaun,Ujhani,Onion,Red,FAQ,2200,2300,2250,29-Jan-25
10673,Ujjain,Ujjain,Onion,Onion,FAQ,448,2269,2101,04-Jan-25
10674,Howrah,Uluberia,Onion,Other,FAQ,3000,3400,3200,26-Jan-25
10675,Howrah,Uluberia,Onion,Other,FAQ,3000,3600,3200,22-Jan-25
10676,Howrah,Uluberia,Onion,Other,FAQ,3000,3800,3400,08-Jan-25
10677,Howrah,Uluberia,Onion,Other,FAQ,4800,5500,5200,02-Jan-25
10678,Villupuram,Ulundurpettai,Onion,Bellary,Local,4000,5000,5000,03-Jan-25
10679,Villupuram,Ulundurpettai,Onion,Bellary,Local,4000,5000,5000,28-Jan-25
10680,Una,Una,Onion,Other,Non-FAQ,2000,3000,2500,20-Jan-25
10681,Madurai,Usilampatty,Onion,Bellary,Local,4500,5000,5000,24-Jan-25
10682,Madurai,Usilampatty,Onion,Bellary,Local,4800,5000,5000,26-Jan-25
10683,Madurai,Usilampatty,Onion,Bellary,Local,4800,5200,5200,18-Jan-25
10684,Kanpur,Uttaripura,Onion,Red,FAQ,2220,2420,2320,07-Jan-25
10685,Kanpur,Uttaripura,Onion,Red,FAQ,2225,2425,2325,18-Jan-25
10686,Palakad,Vadakkenchery,Onion,Small,FAQ,8000,8500,8250,03-Jan-25
10687,Palakad,Vadakkenchery,Onion,Small,FAQ,8000,9000,8500,31-Jan-25
10688,Palakad,Vadakkenchery,Onion,Small,FAQ,8500,9000,8750,08-Jan-25
10689,Nagercoil (Kannyiakumari),Vadaseri,Onion,Bellary,Local,5000,5500,5500,17-Jan-25
10690,Coimbatore,Vadavalli(Uzhavar Sandhai ),Onion,Bellary,Local,3400,3800,3800,17-Jan-25
10691,Coimbatore,Vadavalli(Uzhavar Sandhai ),Onion,Bellary,Local,3500,4000,4000,28-Jan-25
10692,Coimbatore,Vadavalli(Uzhavar Sandhai ),Onion,Bellary,Local,3500,4000,4000,29-Jan-25
10693,Coimbatore,Vadavalli(Uzhavar Sandhai ),Onion,Bellary,Local,3800,4200,4200,20-Jan-25
10694,Kolhapur,Vadgaonpeth,Onion,Local,FAQ,1800,3000,2500,11-Jan-25
10695,Chattrapati Sambhajinagar,Vaijpur,Onion,Red,FAQ,500,2700,2000,09-Jan-25
10696,Thiruvarur,Valangaiman,Onion,Bellary,Local,4400,4400,4400,26-Jan-25
10697,Thiruvarur,Valangaiman,Onion,Bellary,Local,4400,4400,4400,27-Jan-25
10698,Thiruvananthapuram,Vamanapuram,Onion,Other,FAQ,5000,5500,5500,08-Jan-25
10699,Thiruvananthapuram,Vamanapuram,Onion,Other,Non-FAQ,4500,5000,4500,01-Feb-25
10700,Idukki,Vandiperiyar,Onion,Big,FAQ,4500,4600,4600,15-Jan-25
10701,Idukki,Vandiperiyar,Onion,Big,FAQ,4500,4800,4800,27-Jan-25
10702,Idukki,Vandiperiyar,Onion,Small,FAQ,6000,6500,6500,27-Jan-25
10703,Thirupathur,Vaniyampadi(Uzhavar Sandhai ),Onion,Bellary,Local,4000,4000,4000,28-Jan-25
10704,Thirupathur,Vaniyampadi(Uzhavar Sandhai ),Onion,Bellary,Local,4000,5000,5000,12-Jan-25
10705,Thirupathur,Vaniyampadi(Uzhavar Sandhai ),Onion,Bellary,Local,4500,5000,5000,04-Jan-25
10706,Varanasi,Varanasi,Onion,Red,FAQ,2425,2550,2480,09-Jan-25
10707,Mumbai,Vashi New Mumbai,Onion,Other,FAQ,500,3200,1850,04-Jan-25
10708,Mumbai,Vashi New Mumbai,Onion,Other,FAQ,1000,2800,1900,17-Jan-25
10709,Dindigul,Vedasanthur(Uzhavar Sandhai ),Onion,Bellary,Local,3000,4500,4500,31-Jan-25
10710,Dindigul,Vedasanthur(Uzhavar Sandhai ),Onion,Bellary,Local,4000,4800,4800,19-Jan-25
10711,Dindigul,Vedasanthur(Uzhavar Sandhai ),Onion,Bellary,Local,4000,4800,4800,21-Jan-25
10712,Dindigul,Vedasanthur(Uzhavar Sandhai ),Onion,Bellary,Local,4000,4800,4800,22-Jan-25
10713,North 24 Parganas,Barasat,Onion,Other,FAQ,2800,2800,2800,18-Jan-25
10714,Baghpat,Baraut,Onion,Red,FAQ,2100,2300,2200,26-Jan-25
10715,Baghpat,Baraut,Onion,Red,FAQ,2250,2450,2350,18-Jan-25
10716,Bareilly,Bareilly,Onion,Red,FAQ,2150,2200,2180,31-Jan-25
10717,Bareilly,Bareilly,Onion,Red,FAQ,2150,2250,2220,25-Jan-25
10718,Bareilly,Bareilly,Onion,Red,FAQ,2300,2375,2335,10-Jan-25
10719,Bargarh,Bargarh,Onion,Other,FAQ,2200,2400,2300,24-Jan-25
10720,Bargarh,Bargarh(Barapalli),Onion,Other,FAQ,2400,2600,2500,28-Jan-25
10721,Bargarh,Bargarh(Barapalli),Onion,Other,FAQ,2600,2800,2700,16-Jan-25
10722,Bargarh,Bargarh(Barapalli),Onion,Other,FAQ,3500,3700,3600,12-Jan-25
10723,Jaipur Rural,Bassi,Onion,Other,FAQ,4000,4400,4200,15-Jan-25
10724,Jaipur Rural,Bassi,Onion,Other,Non-FAQ,3600,4000,3800,29-Jan-25
10725,Fatehgarh,Bassi Pathana,Onion,Onion,FAQ,2500,3000,2800,14-Jan-25
10726,Fatehgarh,Bassi Pathana,Onion,Onion,FAQ,2500,3000,2800,15-Jan-25
10727,Fatehgarh,Bassi Pathana,Onion,Onion,FAQ,3000,3500,3200,08-Jan-25
10728,Basti,Basti,Onion,Red,FAQ,2140,2250,2190,01-Feb-25
10729,Gurdaspur,Batala,Onion,Other,FAQ,2800,3200,3000,27-Jan-25
10730,Bhatinda,Bathinda,Onion,Other,FAQ,2000,2500,2000,25-Jan-25
10731,Bhatinda,Bathinda,Onion,Other,FAQ,4000,5000,4500,06-Jan-25
10732,Jalpaiguri,Belacoba,Onion,Nasik,FAQ,2600,2800,2700,02-Jan-25
10733,Jalpaiguri,Belacoba,Onion,Nasik,FAQ,2800,2900,2900,29-Jan-25
10734,Jalpaiguri,Belacoba,Onion,Nasik,FAQ,2900,3100,3000,03-Jan-25
10735,Nadia,Bethuadahari,Onion,Dry F.A.Q.,FAQ,2700,2950,2800,19-Jan-25
10736,Nadia,Bethuadahari,Onion,Dry F.A.Q.,Non-FAQ,2300,2550,2425,17-Jan-25
10737,Nadia,Bethuadahari,Onion,Dry F.A.Q.,Non-FAQ,2500,2750,2600,28-Jan-25
10738,Hanumangarh,Bhadara,Onion,1st Sort,FAQ,1600,2300,1950,13-Jan-25
10739,Hanumangarh,Bhadara,Onion,1st Sort,FAQ,2000,3000,2500,12-Jan-25
10740,Bhatinda,Bhagta Bhai Ka,Onion,Other,FAQ,2400,2400,2400,29-Jan-25
10741,Bhatinda,Bhagta Bhai Ka,Onion,Other,FAQ,3600,3600,3600,04-Jan-25
10742,Etawah,Bharthna,Onion,Red,FAQ,2150,2350,2250,18-Jan-25
10743,Etawah,Bharthna,Onion,Red,FAQ,2220,2420,2320,20-Jan-25
10744,Etawah,Bharthna,Onion,Red,FAQ,2250,2450,2350,07-Jan-25
10745,Hamirpur,Bharuasumerpur,Onion,Red,FAQ,2200,2300,2245,30-Jan-25
10746,Hamirpur,Bharuasumerpur,Onion,Red,FAQ,2400,2500,2450,10-Jan-25
10747,Bharuch,Bharuch,Onion,Other,FAQ,1000,2000,1500,14-Jan-25
10748,Kaushambi,Bharwari,Onion,Red,FAQ,1780,1920,1855,29-Jan-25
10749,Kaushambi,Bharwari,Onion,Red,FAQ,2035,2180,2115,02-Jan-25
10750,Bhavnagar,Bhavnagar,Onion,Red,FAQ,650,2270,1460,13-Jan-25
10751,Bhavnagar,Bhavnagar,Onion,Red,FAQ,800,2310,1555,30-Jan-25
10752,Bhavnagar,Bhavnagar,Onion,White,FAQ,1240,1700,1470,24-Jan-25
10753,Bhavnagar,Bhavnagar,Onion,White,FAQ,1350,1605,1480,23-Jan-25
10754,Sangrur,Bhawanigarh,Onion,Other,FAQ,1800,2000,1900,15-Jan-25
10755,Sangrur,Bhawanigarh,Onion,Other,FAQ,2000,2000,2000,23-Jan-25
10756,Bhilwara,Bhilwara,Onion,Other,FAQ,1600,2800,2200,03-Jan-25
10757,Bhilwara,Bhilwara,Onion,Other,FAQ,1600,2800,2200,23-Jan-25
10758,Shravasti,Bhinga,Onion,Red,FAQ,2100,2420,2250,27-Jan-25
10759,Shravasti,Bhinga,Onion,Red,FAQ,2450,2770,2600,13-Jan-25
10760,Shravasti,Bhinga,Onion,Red,Non-FAQ,1775,2050,1900,30-Jan-25
10761,Bhopal,Bhopal,Onion,Onion,FAQ,1425,1500,1500,29-Jan-25
10762,Bhatinda,Bhucho,Onion,Other,FAQ,1900,2000,1950,03-Jan-25
10763,Kachchh,Bhuj,Onion,Small,FAQ,1500,2500,2000,31-Jan-25
10764,Kachchh,Bhuj,Onion,Small,FAQ,2000,2800,2400,11-Jan-25
10765,Kullu,Bhuntar,Onion,Other,FAQ,2500,2800,2600,19-Jan-25
10766,Virudhunagar,Thalavaipuram(Uzhavar Sandhai ),Onion,Bellary,Local,4000,4500,4500,10-Jan-25
10767,Virudhunagar,Thalavaipuram(Uzhavar Sandhai ),Onion,Bellary,Local,4000,5800,5800,05-Jan-25
10768,Virudhunagar,Thalavaipuram(Uzhavar Sandhai ),Onion,Bellary,Local,4500,5000,5000,22-Jan-25
10769,Virudhunagar,Thalavaipuram(Uzhavar Sandhai ),Onion,Bellary,Local,4500,5000,5000,23-Jan-25
10770,Kottayam,Thalayolaparambu,Onion,Big,FAQ,3500,3800,3600,15-Jan-25
10771,Kottayam,Thalayolaparambu,Onion,Big,FAQ,4000,4400,4200,08-Jan-25
10772,Kottayam,Thalayolaparambu,Onion,Onion,FAQ,8000,8400,8200,10-Jan-25
10773,Kozhikode(Calicut),Thamarassery,Onion,Other,FAQ,3100,3600,3200,01-Feb-25
10774,Kozhikode(Calicut),Thamarassery,Onion,Other,FAQ,3200,3800,3400,18-Jan-25
10775,Kozhikode(Calicut),Thamarassery,Onion,Other,FAQ,3400,4200,3600,01-Jan-25
10776,Kozhikode(Calicut),Thamarassery,Onion,Other,FAQ,3500,4200,3600,07-Jan-25
10777,Shamli,Thanabhavan,Onion,Red,FAQ,2200,2500,2400,18-Jan-25
10778,Kurukshetra,Thanesar,Onion,Onion,FAQ,1600,2800,2300,22-Jan-25
10779,Thanjavur,Thanjavur(Uzhavar Sandhai ),Onion,Bellary,Local,4400,4400,4400,19-Jan-25
10780,Thanjavur,Thanjavur(Uzhavar Sandhai ),Onion,Bellary,Local,4600,4600,4600,25-Jan-25
10781,Salem,Thathakapatti(Uzhavar Sandhai ),Onion,Bellary,Local,5000,5600,5600,14-Jan-25
10782,Theni,Theni(Uzhavar Sandhai ),Onion,Bellary,Local,3500,4000,4000,17-Jan-25
10783,Theni,Theni(Uzhavar Sandhai ),Onion,Bellary,Local,4000,4500,4500,10-Jan-25
10784,Theni,Theni(Uzhavar Sandhai ),Onion,Bellary,Local,4000,4500,4500,30-Jan-25
10785,Theni,Theni(Uzhavar Sandhai ),Onion,Bellary,Local,4000,4600,4600,28-Jan-25
10786,Chengalpattu,Thirukalukundram(Uzhavar Sandhai ),Onion,Bellary,Local,4000,4500,4500,03-Jan-25
10787,Chengalpattu,Thirukalukundram(Uzhavar Sandhai ),Onion,Bellary,Local,4000,5000,5000,20-Jan-25
10788,Madurai,Thirumangalam(Uzhavar Sandhai ),Onion,Bellary,Local,4500,5000,5000,11-Jan-25
10789,Madurai,Thirumangalam(Uzhavar Sandhai ),Onion,Bellary,Local,4500,5000,5000,12-Jan-25
10790,Madurai,Thirumangalam(Uzhavar Sandhai ),Onion,Bellary,Local,4500,5000,5000,30-Jan-25
10791,Madurai,Thirumangalam(Uzhavar Sandhai ),Onion,Bellary,Local,4800,5200,5200,19-Jan-25
10792,Vellore,Thirupathur,Onion,Bellary,Local,4500,4500,4500,08-Jan-25
10793,Vellore,Thirupathur,Onion,Bellary,Local,4500,4500,4500,13-Jan-25
10794,Vellore,Thirupathur,Onion,Bellary,Local,4500,4500,4500,14-Jan-25
10795,Vellore,Thirupathur,Onion,Bellary,Local,4500,4500,4500,27-Jan-25
10796,Malappuram,Thirurrangadi,Onion,Other,FAQ,3200,3200,3200,07-Jan-25
10797,Idukki,Thodupuzha,Onion,Big,FAQ,3500,3700,3700,29-Jan-25
10798,Idukki,Thodupuzha,Onion,Big,FAQ,3800,4000,4000,17-Jan-25
10799,Idukki,Thodupuzha,Onion,Small,FAQ,8300,8500,8500,08-Jan-25
10800,Idukki,Thodupuzha,Onion,Small,FAQ,8300,8500,8500,12-Jan-25
10801,Idukki,Thodupuzha,Onion,Small,FAQ,8300,8500,8500,13-Jan-25
10802,Idukki,Thodupuzha,Onion,Small,FAQ,9300,9500,9500,23-Jan-25
10803,Thoubal,Thoubal,Onion,Other,FAQ,4500,5000,4750,21-Jan-25
10804,Ernakulam,Thrippunithura,Onion,Big,FAQ,3600,4400,3600,01-Feb-25
10805,Ernakulam,Thrippunithura,Onion,Big,FAQ,4200,4800,4400,25-Jan-25
10806,Ernakulam,Thrippunithura,Onion,Big,FAQ,4500,4800,4500,09-Jan-25
10807,Thiruchirappalli,Thuraiyur,Onion,Bellary,Local,4000,5000,5000,28-Jan-25
10808,Khiri (Lakhimpur),Tikonia,Onion,Red,FAQ,1940,2050,1980,30-Jan-25
10809,Shahjahanpur,Tilhar,Onion,Red,FAQ,2160,2240,2200,08-Jan-25
10810,Shahjahanpur,Tilhar,Onion,Red,FAQ,2160,2260,2210,20-Jan-25
10811,Shahjahanpur,Tilhar,Onion,Red,FAQ,2180,2280,2230,22-Jan-25
10812,Villupuram,Tindivanam,Onion,Bellary,Local,4000,4800,4800,26-Jan-25
10813,Villupuram,Tindivanam,Onion,Bellary,Local,4000,5000,5000,05-Jan-25
10814,Bilaspur,Tiphra,Onion,Local,Non-FAQ,1800,2000,1900,30-Jan-25
10815,Dindigul,Vedasanthur(Uzhavar Sandhai ),Onion,Bellary,Local,4000,5600,5600,15-Jan-25
10816,Karur,Velayuthampalayam(Uzhavar Sandhai ),Onion,Bellary,Local,4000,5000,5000,08-Jan-25
10817,Karur,Velayuthampalayam(Uzhavar Sandhai ),Onion,Bellary,Local,4000,5000,5000,26-Jan-25
10818,Vellore,Vellore,Onion,Bellary,Local,4000,4200,4200,27-Jan-25
10819,Vellore,Vellore,Onion,Bellary,Local,4000,4500,4500,05-Jan-25
10820,Vellore,Vellore,Onion,Bellary,Local,4200,4400,4400,24-Jan-25
10821,Kozhikode(Calicut),Vengeri(Kozhikode),Onion,Onion,FAQ,2900,3200,3200,17-Jan-25
10822,Pudukkottai,Viralimalai(Uzhavar Sandhai ),Onion,Bellary,Local,4200,5000,5000,18-Jan-25
10823,Pudukkottai,Viralimalai(Uzhavar Sandhai ),Onion,Bellary,Local,4500,5000,5000,01-Jan-25
10824,Pudukkottai,Viralimalai(Uzhavar Sandhai ),Onion,Bellary,Local,5000,6000,6000,23-Jan-25
10825,Virudhunagar,Virudhunagar(Uzhavar Sandhai ),Onion,Bellary,Local,4500,4600,4600,29-Jan-25
10826,Virudhunagar,Virudhunagar(Uzhavar Sandhai ),Onion,Bellary,Local,5500,5600,5600,05-Jan-25
10827,Virudhunagar,Virudhunagar(Uzhavar Sandhai ),Onion,Bellary,Local,6800,6900,6900,14-Jan-25
10828,Cuddalore,Viruthachalam(Uzhavar Sandhai ),Onion,Bellary,Local,4000,4000,4000,19-Jan-25
10829,Cuddalore,Viruthachalam(Uzhavar Sandhai ),Onion,Bellary,Local,4000,4000,4000,22-Jan-25
10830,Cuddalore,Viruthachalam(Uzhavar Sandhai ),Onion,Bellary,Local,4000,4000,4000,30-Jan-25
10831,Cuddalore,Viruthachalam(Uzhavar Sandhai ),Onion,Bellary,Local,4000,5000,5000,07-Jan-25
10832,Junagarh,Visavadar,Onion,Onion,FAQ,620,1630,1125,03-Jan-25
10833,Pillibhit,Vishalpur,Onion,Red,FAQ,1225,1265,1245,11-Jan-25
10834,Sitapur,Viswan,Onion,Red,FAQ,2140,2180,2160,01-Feb-25
10835,Sitapur,Viswan,Onion,Red,FAQ,2300,2350,2325,23-Jan-25
10836,Thirssur,Wadakkanchery,Onion,Onion,FAQ,3900,4200,4200,16-Jan-25
10837,Badaun,Wazirganj,Onion,Red,FAQ,2200,2250,2225,12-Jan-25
10838,Badaun,Wazirganj,Onion,Red,FAQ,2200,2300,2250,10-Jan-25
10839,Yamuna Nagar,Yamuna Nagar,Onion,Other,FAQ,500,2400,1700,01-Feb-25
10840,Yamuna Nagar,Yamuna Nagar,Onion,Other,FAQ,700,2700,2000,15-Jan-25
10841,Jalgaon,Yawal,Onion,Red,FAQ,1220,1650,1410,13-Jan-25
10842,Jalgaon,Yawal,Onion,Red,FAQ,1230,1600,1410,16-Jan-25
10843,Jalgaon,Yawal,Onion,Red,FAQ,1250,1600,1330,22-Jan-25
10844,Nashik,Yeola,Onion,Red,FAQ,300,2301,1825,16-Jan-25
10845,Nashik,Yeola,Onion,Red,FAQ,500,2789,2150,01-Jan-25
10846,Jodhpur,Jodhpur (F&V),Onion,Other,FAQ,1000,2200,1600,28-Jan-25
10847,Pune,Junnar(Narayangaon),Onion,Other,FAQ,600,4000,2500,06-Jan-25
10848,Beed,Kada,Onion,Red,Local,300,3000,1800,26-Jan-25
10849,North Tripura,Kadamtala,Onion,Nasik,FAQ,3600,3700,3650,07-Jan-25
10850,Shamli,Kairana,Onion,Red,FAQ,1300,1400,1350,30-Jan-25
10851,Shamli,Kairana,Onion,Red,FAQ,1500,1600,1550,11-Jan-25
10852,Shamli,Kairana,Onion,Red,FAQ,1600,1700,1650,01-Jan-25
10853,Kakching,Kakching Market,Onion,Red,FAQ,4500,5000,4750,27-Jan-25
10854,Kakching,Kakching Market,Onion,Red,FAQ,4500,5000,4750,31-Jan-25
10855,Sirsa,kalanwali,Onion,Other,FAQ,2000,2000,2000,28-Jan-25
10856,Shajapur,Kalapipal,Onion,Onion,FAQ,641,1182,1182,16-Jan-25
10857,Shajapur,Kalapipal,Onion,Onion,FAQ,650,1857,1857,31-Jan-25
10858,Shajapur,Kalapipal(F&V),Onion,Onion,FAQ,640,1297,1180,16-Jan-25
10859,Shajapur,Kalapipal(F&V),Onion,Onion,FAQ,760,1781,1360,30-Jan-25
10860,Hooghly,Kalipur,Onion,Nasik,FAQ,2700,3000,2800,20-Jan-25
10861,Hooghly,Kalipur,Onion,Nasik,FAQ,2800,3000,2900,31-Jan-25
10862,Hooghly,Kalipur,Onion,Nasik,FAQ,2800,3000,3000,01-Jan-25
10863,Hooghly,Kalipur,Onion,Nasik,FAQ,2800,3000,3000,07-Jan-25
10864,Kozhikode(Calicut),Kallachi,Onion,Other,FAQ,3300,3700,3500,28-Jan-25
10865,Kozhikode(Calicut),Kallachi,Onion,Other,FAQ,3600,4000,3800,04-Jan-25
10866,Kozhikode(Calicut),Kallachi,Onion,Other,FAQ,3600,4000,3800,06-Jan-25
10867,Kozhikode(Calicut),Kallachi,Onion,Other,FAQ,3800,4200,4000,21-Jan-25
10868,Kallakuruchi,Kallakurichi(Uzhavar Sandhai ),Onion,Bellary,Local,4000,5000,5000,15-Jan-25
10869,Kallakuruchi,Kallakurichi(Uzhavar Sandhai ),Onion,Bellary,Local,4000,5000,5000,20-Jan-25
10870,Purba Bardhaman,Kalna,Onion,Other,FAQ,2400,2600,2500,22-Jan-25
10871,Purba Bardhaman,Kalna,Onion,Other,FAQ,2500,2700,2600,27-Jan-25
10872,Purba Bardhaman,Kalna,Onion,Other,FAQ,3000,3200,3100,05-Jan-25
10873,Purba Bardhaman,Kalna,Onion,Other,FAQ,3000,3200,3100,11-Jan-25
10874,Nashik,Kalvan,Onion,Red,FAQ,1000,2460,1901,16-Jan-25
10875,Nashik,Kalvan,Onion,Red,FAQ,1100,2920,2401,06-Jan-25
10876,Thane,Kalyan,Onion,1st Sort,FAQ,2000,2500,2250,16-Jan-25
10877,Thane,Kalyan,Onion,1st Sort,Local,2300,2400,2350,25-Jan-25
10878,Nadia,Kalyani,Onion,Onion,Non-FAQ,2800,3000,2900,17-Jan-25
10879,Theni,Kambam(Uzhavar Sandhai ),Onion,Bellary,Local,4000,4000,4000,17-Jan-25
10880,Farukhabad,Kamlaganj,Onion,Red,FAQ,1980,2180,2080,24-Jan-25
10881,Farukhabad,Kamlaganj,Onion,Red,FAQ,2200,2220,2210,01-Jan-25
10882,Nagpur,Kamthi,Onion,Local,FAQ,2000,3000,2500,20-Jan-25
10883,Kancheepuram,Kancheepuram(Uzhavar Sandhai ),Onion,Bellary,Local,3600,4500,4500,12-Jan-25
10884,Kancheepuram,Kancheepuram(Uzhavar Sandhai ),Onion,Bellary,Local,3600,4500,4500,26-Jan-25
10885,Kancheepuram,Kancheepuram(Uzhavar Sandhai ),Onion,Bellary,Local,4000,5000,5000,01-Jan-25
10886,Thirunelveli,Kandiyaperi(Uzhavar Sandhai ),Onion,Bellary,Local,3000,3600,3600,16-Jan-25
10887,Thirunelveli,Kandiyaperi(Uzhavar Sandhai ),Onion,Bellary,Local,3200,4000,4000,31-Jan-25
10888,Thirunelveli,Kandiyaperi(Uzhavar Sandhai ),Onion,Bellary,Local,3500,4000,4000,12-Jan-25
10889,Thirunelveli,Kandiyaperi(Uzhavar Sandhai ),Onion,Bellary,Local,3500,4000,4000,30-Jan-25
10890,Thirunelveli,Kandiyaperi(Uzhavar Sandhai ),Onion,Bellary,Local,3800,4600,4600,21-Jan-25
10891,Thirupur,Kangayam(Uzhavar Sandhai ),Onion,Bellary,Local,4500,5000,5000,19-Jan-25
10892,Kangra,Kangra,Onion,Other,FAQ,2800,3500,3200,02-Jan-25
10893,Kangra,Kangra,Onion,Other,FAQ,3200,3400,3300,07-Jan-25
10894,Kangra,Kangra,Onion,Other,FAQ,3200,3400,3300,09-Jan-25
10895,Kangra,Kangra(Baijnath),Onion,Onion,FAQ,2300,2500,2400,03-Jan-25
10896,Thiruvannamalai,Keelpennathur(Uzhavar Sandhai ),Onion,Bellary,Local,3500,4500,4500,12-Jan-25
10897,Keonjhar,Keonjhar,Onion,Other,FAQ,3000,3500,3500,04-Jan-25
10898,Keonjhar,Keonjhar,Onion,Other,FAQ,3000,3500,3500,08-Jan-25
10899,Keonjhar,Keonjhar,Onion,Other,FAQ,3500,4000,3500,06-Jan-25
10900,Delhi,Keshopur,Onion,Onion,FAQ,2000,2800,2500,01-Feb-25
10901,Delhi,Keshopur,Onion,Onion,FAQ,2000,3000,2500,09-Jan-25
10902,Delhi,Keshopur,Onion,Onion,FAQ,2000,3000,2500,31-Jan-25
10903,Fatehpur,Khaga,Onion,Red,FAQ,1600,1760,1700,31-Jan-25
10904,Aligarh,Khair,Onion,Red,Non-FAQ,1800,2500,2200,21-Jan-25
10905,Khairthal Tijara,Khairthal,Onion,Other,FAQ,600,1700,1100,12-Jan-25
10906,Fatehgarh,Khamano,Onion,Onion,FAQ,4000,4000,4000,13-Jan-25
10907,Fatehgarh,Khamano,Onion,Onion,FAQ,4000,4000,4000,15-Jan-25
10908,Shamli,Khandhla,Onion,Red,FAQ,2400,2500,2450,13-Jan-25
10909,Shamli,Khandhla,Onion,Red,Non-FAQ,2400,2500,2450,30-Jan-25
10910,Shamli,Khandhla,Onion,Red,Non-FAQ,2700,2800,2750,18-Jan-25
10911,Khandwa,Khandwa,Onion,Local,FAQ,800,800,800,17-Jan-25
10912,Ludhiana,Khanna,Onion,Other,FAQ,1000,2500,1500,29-Jan-25
10913,Ludhiana,Khanna,Onion,Other,FAQ,1200,2000,1500,03-Jan-25
10914,Mohali,Kharar,Onion,Other,FAQ,2600,3200,3000,07-Jan-25
10915,Nuapada,Khariar,Onion,Dry F.A.Q.,FAQ,2500,3000,3000,09-Jan-25
10916,Nuapada,Khariar,Onion,Dry F.A.Q.,Non-FAQ,3000,3100,3000,19-Jan-25
10917,Nuapada,Khariar,Onion,Dry F.A.Q.,Non-FAQ,3000,3500,3000,29-Jan-25
10918,Nuapada,Khariar Road,Onion,Other,FAQ,2500,3000,2500,12-Jan-25
10919,Nuapada,Khariar Road,Onion,Other,FAQ,2500,3000,3000,02-Jan-25
10920,Muzaffarnagar,Khatauli,Onion,Red,FAQ,1200,1800,1500,05-Jan-25
10921,UdhamSinghNagar,Khateema,Onion,Other,FAQ,2000,2200,2100,07-Jan-25
10922,UdhamSinghNagar,Khateema,Onion,Other,FAQ,2000,2200,2100,27-Jan-25
10923,Pune,Khed(Chakan),Onion,Other,FAQ,1500,2200,2000,15-Jan-25
10924,Pune,Khed(Chakan),Onion,Other,FAQ,1500,2500,2000,11-Jan-25
10925,Baghpat,Khekda,Onion,Red,FAQ,1700,1900,1800,03-Jan-25
10926,Boudh,Khunthabandha,Onion,Other,FAQ,3000,5000,4000,18-Jan-25
10927,Bulandshahar,Khurja,Onion,Red,FAQ,2200,2400,2305,20-Jan-25
10928,Bulandshahar,Khurja,Onion,Red,FAQ,2250,2450,2350,17-Jan-25
10929,UdhamSinghNagar,Kicchha,Onion,Other,FAQ,1700,1900,1800,08-Jan-25
10930,Rohtas,Kochas (Balthari),Onion,Medium,FAQ,2200,2400,2300,01-Feb-25
10931,Rohtas,Kochas (Balthari),Onion,Medium,FAQ,2200,2400,2300,15-Jan-25
10932,Rohtas,Kochas (Balthari),Onion,Medium,FAQ,2200,2400,2300,28-Jan-25
10933,Thirssur,Kodungalloor,Onion,Other,FAQ,3200,3500,3300,23-Jan-25
10934,Palakad,Koduvayoor,Onion,Big,FAQ,3800,4200,4000,05-Jan-25
10935,Palakad,Koduvayoor,Onion,Big,FAQ,3800,4200,4000,21-Jan-25
10936,Palakad,Koduvayoor,Onion,Small,FAQ,8500,8900,8700,07-Jan-25
10937,Palakad,Koduvayoor,Onion,Small,FAQ,9000,9400,9200,03-Jan-25
10938,Palakad,Koduvayoor,Onion,Small,FAQ,9000,9400,9200,17-Jan-25
10939,Kolhapur,Kolhapur,Onion,Other,FAQ,700,3000,1800,14-Jan-25
10940,Kolhapur,Kolhapur,Onion,Other,FAQ,800,2800,1100,11-Jan-25
10941,Kolhapur,Kolhapur,Onion,Other,Local,700,2700,1700,29-Jan-25
10942,Palakad,Kollengode,Onion,Big,FAQ,2500,2900,2700,14-Jan-25
10943,Palakad,Kollengode,Onion,Big,FAQ,2500,2900,2700,17-Jan-25
10944,Palakad,Kollengode,Onion,Small,FAQ,6000,6400,6200,01-Feb-25
10945,Mau(Maunathbhanjan),Kopaganj,Onion,Red,FAQ,2000,2100,2050,28-Jan-25
10946,Mau(Maunathbhanjan),Kopaganj,Onion,Red,FAQ,2100,2500,2300,16-Jan-25
10947,Ahmednagar,Kopargaon,Onion,Red,FAQ,1000,2651,2375,25-Jan-25
10948,Ahmednagar,Kopargaon,Onion,Red,FAQ,1000,2751,2300,04-Jan-25
10949,Namakkal,Tiruchengode,Onion,Bellary,Local,5000,6000,6000,01-Jan-25
10950,Sivaganga,Tirupatthur(Uzhavar Sandhai ),Onion,Bellary,Local,5200,5500,5500,14-Jan-25
10951,Sivaganga,Tirupatthur(Uzhavar Sandhai ),Onion,Bellary,Local,5200,5500,5500,27-Jan-25
10952,Sivaganga,Tirupatthur(Uzhavar Sandhai ),Onion,Bellary,Local,5500,5800,5800,02-Jan-25
10953,Thirupur,Tiruppur (North) (Uzhavar Sandhai ),Onion,Bellary,Local,3500,4000,4000,26-Jan-25
10954,Thirupur,Tiruppur (North) (Uzhavar Sandhai ),Onion,Bellary,Local,3500,4000,4000,29-Jan-25
10955,Thirupur,Tiruppur (South) (Uzhavar Sandhai ),Onion,Bellary,Local,3500,4000,4000,01-Jan-25
10956,Thirupur,Tiruppur (South) (Uzhavar Sandhai ),Onion,Bellary,Local,3500,4000,4000,21-Jan-25
10957,Thirupur,Tiruppur (South) (Uzhavar Sandhai ),Onion,Bellary,Local,3500,4000,4000,26-Jan-25
10958,Thiruvellore,Tiruvallur(Uzhavar Sandhai ),Onion,Bellary,Local,3500,3500,3500,27-Jan-25
10959,Thiruvellore,Tiruvallur(Uzhavar Sandhai ),Onion,Bellary,Local,3500,3500,3500,31-Jan-25
10960,Thiruvellore,Tiruvallur(Uzhavar Sandhai ),Onion,Bellary,Local,4600,4600,4600,16-Jan-25
10961,Thiruvellore,Tiruvallur(Uzhavar Sandhai ),Onion,Bellary,Local,4600,4600,4600,21-Jan-25
10962,Thiruvarur,Tiruvarur(Uzhavar Sandhai ),Onion,Bellary,Local,4000,5600,5600,05-Jan-25
10963,Thiruvarur,Tiruvarur(Uzhavar Sandhai ),Onion,Bellary,Local,4000,5600,5600,11-Jan-25
10964,Fatehabad,Tohana(New Veg Market),Onion,Onion,FAQ,2000,2000,2000,07-Jan-25
10965,Fatehabad,Tohana(New Veg Market),Onion,Onion,FAQ,2500,2600,2600,26-Jan-25
10966,Balrampur,Tulsipur,Onion,Red,FAQ,2480,2550,2520,13-Jan-25
10967,Balrampur,Tulsipur,Onion,Red,FAQ,2500,2550,2530,14-Jan-25
10968,Balrampur,Tulsipur,Onion,Red,FAQ,2530,2570,2550,19-Jan-25
10969,Firozabad,Tundla,Onion,Red,FAQ,2325,2350,2350,17-Jan-25
10970,Firozabad,Tundla,Onion,Red,FAQ,2325,2375,2350,13-Jan-25
10971,Udaipur,Udaipur (F&V),Onion,Other,FAQ,1000,2000,1500,25-Jan-25
10972,Mayurbhanja,Udala,Onion,Onion,FAQ,3300,3500,3400,27-Jan-25
10973,Mayurbhanja,Udala,Onion,Onion,FAQ,3500,3600,3500,31-Jan-25
10974,Udhampur,Udhampur,Onion,Other,FAQ,2500,3000,2800,25-Jan-25
10975,Coimbatore,Udumalpet,Onion,Bellary,Local,4400,4800,4800,20-Jan-25
10976,Coimbatore,Udumalpet,Onion,Bellary,Local,4500,5000,5000,08-Jan-25
10977,Udupi,Udupi,Onion,Onion,FAQ,3000,3600,3400,28-Jan-25
10978,Ujjain,Ujjain,Onion,Onion,FAQ,636,2066,2000,28-Jan-25
10979,Ujjain,Ujjain,Onion,Onion,FAQ,704,2113,2113,17-Jan-25
10980,Ujjain,Ujjain,Onion,Onion,FAQ,744,2191,2191,25-Jan-25
10981,Ujjain,Ujjain,Onion,Onion,FAQ,769,2050,2050,01-Feb-25
10982,Hissar,Uklana,Onion,Onion,FAQ,1800,2000,2000,29-Jan-25
10983,Hissar,Uklana,Onion,Onion,FAQ,2400,2600,2600,19-Jan-25
10984,Hissar,Uklana,Onion,Onion,FAQ,2700,2800,2800,08-Jan-25
10985,Howrah,Uluberia,Onion,Other,FAQ,3200,3600,3400,10-Jan-25
10986,Villupuram,Ulundurpettai,Onion,Bellary,Local,4000,5000,5000,24-Jan-25
10987,Villupuram,Ulundurpettai,Onion,Bellary,Local,4000,5000,5000,25-Jan-25
10988,Villupuram,Ulundurpettai,Onion,Bellary,Local,4000,5000,5000,31-Jan-25
10989,Nashik,Umrane,Onion,Red,FAQ,700,2751,1950,08-Jan-25
10990,Unnao,Unnao,Onion,Red,FAQ,2200,2375,2300,28-Jan-25
10991,Unnao,Unnao,Onion,Red,FAQ,2250,2375,2300,27-Jan-25
10992,Unnao,Unnao,Onion,Red,FAQ,2350,2475,2400,12-Jan-25
10993,Madurai,Usilampatty,Onion,Bellary,Local,4500,4800,4800,01-Jan-25
10994,Madurai,Usilampatty,Onion,Bellary,Local,4500,5200,5200,07-Jan-25
10995,Madurai,Usilampatty,Onion,Bellary,Local,4800,5000,5000,23-Jan-25
10996,Madurai,Usilampatty,Onion,Bellary,Local,4800,5000,5000,27-Jan-25
10997,Madurai,Usilampatty,Onion,Bellary,Local,4800,5000,5000,31-Jan-25
10998,Madurai,Usilampatty,Onion,Bellary,Local,4800,5200,5200,04-Jan-25
10999,Howrah,Ramkrishanpur(Howrah),Onion,Other,FAQ,3200,3800,3500,14-Jan-25
11000,Howrah,Ramkrishanpur(Howrah),Onion,Other,FAQ,3200,3800,3500,23-Jan-25
11001,Nanital,Ramnagar,Onion,Other,FAQ,2000,2500,2250,14-Jan-25
11002,Nanital,Ramnagar,Onion,Other,FAQ,2000,2500,2250,22-Jan-25
11003,Nanital,Ramnagar,Onion,Other,FAQ,2000,2500,2250,30-Jan-25
11004,Rampur,Rampur,Onion,Red,FAQ,2150,2225,2180,26-Jan-25
11005,Rampur,Rampur,Onion,Red,FAQ,2240,2325,2280,10-Jan-25
11006,Rampur,Rampur,Onion,Red,FAQ,2250,2350,2300,06-Jan-25
11007,Rampur,Rampur,Onion,Red,FAQ,2420,2515,2460,02-Jan-25
11008,Bhatinda,Rampuraphul(Nabha Mandi),Onion,Other,Non-FAQ,2000,3000,2500,21-Jan-25
11009,Bhatinda,Rampuraphul(Nabha Mandi),Onion,Other,Non-FAQ,3000,4000,3500,19-Jan-25
11010,Saharanpur,Rampurmaniharan,Onion,Red,Non-FAQ,1400,1900,1600,31-Jan-25
11011,Nadia,Ranaghat,Onion,Other,FAQ,3200,3350,3300,14-Jan-25
11012,Nadia,Ranaghat,Onion,Other,FAQ,3200,3350,3300,16-Jan-25
11013,Sirsa,Rania,Onion,Other,FAQ,1600,1900,1800,11-Jan-25
11014,Ranipet,Ranipettai(Uzhavar Sandhai ),Onion,Bellary,Local,3300,4200,4200,20-Jan-25
11015,Ranipet,Ranipettai(Uzhavar Sandhai ),Onion,Bellary,Local,3500,4800,4800,14-Jan-25
11016,Ranipet,Ranipettai(Uzhavar Sandhai ),Onion,Bellary,Local,4000,4000,4000,18-Jan-25
11017,Ranipet,Ranipettai(Uzhavar Sandhai ),Onion,Bellary,Local,4000,4500,4500,01-Jan-25
11018,Ranipet,Ranipettai(Uzhavar Sandhai ),Onion,Bellary,Local,4000,4800,4800,12-Jan-25
11019,Ranipet,Ranipettai(Uzhavar Sandhai ),Onion,Bellary,Local,4000,5000,5000,31-Jan-25
11020,Ranipet,Ranipettai(Uzhavar Sandhai ),Onion,Bellary,Local,4500,4800,4800,09-Jan-25
11021,Ballia,Rasda,Onion,Red,FAQ,2175,2300,2225,25-Jan-25
11022,Ballia,Rasda,Onion,Red,FAQ,2280,2515,2340,18-Jan-25
11023,Namakkal,Rasipuram(Uzhavar Sandhai ),Onion,Bellary,Local,4200,5000,5000,22-Jan-25
11024,Namakkal,Rasipuram(Uzhavar Sandhai ),Onion,Bellary,Local,5500,5800,5800,01-Jan-25
11025,Fatehabad,Ratia,Onion,Other,FAQ,1200,2500,2000,02-Jan-25
11026,Fatehabad,Ratia,Onion,Other,FAQ,1800,2300,2000,20-Jan-25
11027,Ratlam,Ratlam,Onion,Nasik,FAQ,230,1300,1300,16-Jan-25
11028,Ratlam,Ratlam,Onion,Onion,FAQ,680,2200,1900,30-Jan-25
11029,Ratlam,Ratlam,Onion,Onion,Non-FAQ,100,2171,1900,29-Jan-25
11030,Hanumangarh,Rawatsar,Onion,1st Sort,FAQ,2000,2000,2000,08-Jan-25
11031,Hanumangarh,Rawatsar,Onion,1st Sort,FAQ,2200,2200,2200,19-Jan-25
11032,Amritsar,Rayya,Onion,Red,FAQ,1800,1800,1800,28-Jan-25
11033,Amritsar,Rayya,Onion,Red,FAQ,1900,1900,1900,14-Jan-25
11034,Amritsar,Rayya,Onion,Red,FAQ,1900,1900,1900,16-Jan-25
11035,Amritsar,Rayya,Onion,Red,FAQ,2200,2200,2200,31-Jan-25
11036,Rewari,Rewari,Onion,Medium,FAQ,1000,2600,1800,16-Jan-25
11037,Rewari,Rewari,Onion,Medium,Non-FAQ,1000,3000,2000,01-Feb-25
11038,Dehradoon,Rishikesh,Onion,Other,FAQ,2600,3200,2800,03-Jan-25
11039,Dehradoon,Rishikesh,Onion,Other,FAQ,2600,3300,2800,02-Jan-25
11040,Dehradoon,Rishikesh,Onion,Other,Non-FAQ,2200,2800,2600,18-Jan-25
11041,Sonbhadra,Robertsganj,Onion,Red,Non-FAQ,2035,2220,2150,28-Jan-25
11042,Shimla,Rohroo,Onion,1st Sort,FAQ,3000,3500,3000,10-Jan-25
11043,Shimla,Rohroo,Onion,1st Sort,FAQ,3500,3800,3500,13-Jan-25
11044,Shimla,Rohroo,Onion,1st Sort,FAQ,4000,4200,4000,04-Jan-25
11045,Rohtak,Rohtak,Onion,Other,FAQ,1000,2000,1500,13-Jan-25
11046,Rohtak,Rohtak,Onion,Other,FAQ,1500,2500,1800,28-Jan-25
11047,Haridwar,Roorkee,Onion,Other,FAQ,2000,4000,3000,10-Jan-25
11048,Haridwar,Roorkee,Onion,Other,FAQ,2000,4000,3000,17-Jan-25
11049,Ropar (Rupnagar),Ropar,Onion,Other,FAQ,2000,2600,2400,03-Jan-25
11050,Coimbatore,RSPuram(Uzhavar Sandhai ),Onion,Bellary,Local,3800,4200,4200,11-Jan-25
11051,Kota,Kota (F&V),Onion,Other,FAQ,200,2200,1200,14-Jan-25
11052,Kota,Kota (F&V),Onion,Other,FAQ,300,1600,950,16-Jan-25
11053,Kota,Kota (F&V),Onion,Other,FAQ,400,2200,1300,11-Jan-25
11054,Garhwal (Pauri),Kotadwara,Onion,Other,FAQ,1800,2200,2000,01-Feb-25
11055,Ernakulam,Kothamangalam,Onion,Big,FAQ,3000,4000,3500,31-Jan-25
11056,Kotputli- Behror,Kotputli,Onion,Onion,Non-FAQ,2100,2300,2200,26-Jan-25
11057,Malappuram,Kottakkal,Onion,Other,FAQ,3400,3600,3500,29-Jan-25
11058,Kollam,Kottarakkara,Onion,Other,FAQ,5000,6000,5500,03-Jan-25
11059,Kottayam,Kottayam,Onion,Big,FAQ,4600,5000,4800,16-Jan-25
11060,Kottayam,Kottayam,Onion,Big,FAQ,4800,5200,5000,21-Jan-25
11061,Kottayam,Kottayam,Onion,Onion,FAQ,6600,7000,6800,03-Jan-25
11062,Krishnagiri,Krishnagiri(Uzhavar Sandhai ),Onion,Bellary,Local,4000,4500,4500,01-Feb-25
11063,Krishnagiri,Krishnagiri(Uzhavar Sandhai ),Onion,Bellary,Local,4000,4500,4500,04-Jan-25
11064,Krishnagiri,Krishnagiri(Uzhavar Sandhai ),Onion,Bellary,Local,4000,4500,4500,15-Jan-25
11065,Krishnagiri,Krishnagiri(Uzhavar Sandhai ),Onion,Bellary,Local,4000,4500,4500,22-Jan-25
11066,Karur,Kulithalai(Uzhavar Sandhai ),Onion,Bellary,Local,4000,5000,5000,24-Jan-25
11067,Kullu,Kullu,Onion,Other,FAQ,2800,3000,3000,21-Jan-25
11068,Namakkal,Kumarapalayam(Uzhavar Sandhai ),Onion,Bellary,Local,4000,5000,5000,12-Jan-25
11069,Namakkal,Kumarapalayam(Uzhavar Sandhai ),Onion,Bellary,Local,4000,5000,5000,25-Jan-25
11070,Namakkal,Kumarapalayam(Uzhavar Sandhai ),Onion,Bellary,Local,4200,5000,5000,21-Jan-25
11071,Coimbatore,Kurichi(Uzhavar Sandhai ),Onion,Bellary,Local,3400,3700,3700,01-Jan-25
11072,Coimbatore,Kurichi(Uzhavar Sandhai ),Onion,Bellary,Local,3800,4200,4200,28-Jan-25
11073,Kottayam,Kuruppanthura,Onion,Onion,FAQ,9709,11000,10000,13-Jan-25
11074,Hyderabad,L B Nagar,Onion,1st Sort,FAQ,2000,3000,2500,15-Jan-25
11075,Kurukshetra,Ladwa,Onion,Onion,FAQ,2500,2500,2500,05-Jan-25
11076,Lakhimpur,Lakhimpur,Onion,Red,FAQ,2080,2140,2100,29-Jan-25
11077,Lakhimpur,Lakhimpur,Onion,Red,FAQ,2470,2540,2500,02-Jan-25
11078,Raebarelli,Lalganj,Onion,Red,FAQ,1100,1200,1150,28-Jan-25
11079,Raebarelli,Lalganj,Onion,Red,FAQ,2300,2400,2350,19-Jan-25
11080,Raebarelli,Lalganj,Onion,Red,FAQ,2300,2400,2350,22-Jan-25
11081,Raebarelli,Lalganj,Onion,Red,FAQ,2350,2450,2400,13-Jan-25
11082,Thiruchirappalli,Lalgudi(Uzhavar Sandhai ),Onion,Bellary,Local,4000,5600,5600,25-Jan-25
11083,Thiruchirappalli,Lalgudi(Uzhavar Sandhai ),Onion,Bellary,Local,4000,5600,5600,26-Jan-25
11084,Nashik,Lasalgaon(Niphad),Onion,Red,FAQ,1100,2711,2470,20-Jan-25
11085,Nashik,Lasalgaon(Niphad),Onion,Red,Local,1100,2611,2350,27-Jan-25
11086,Nashik,Lasalgaon(Vinchur),Onion,Red,FAQ,900,2400,1850,13-Jan-25
11087,Nashik,Lasalgaon(Vinchur),Onion,Red,FAQ,900,2425,2050,17-Jan-25
11088,Nashik,Lasalgaon(Vinchur),Onion,Red,FAQ,900,2470,1750,11-Jan-25
11089,Nashik,Lasalgaon(Vinchur),Onion,Red,FAQ,900,2500,2000,16-Jan-25
11090,Nashik,Lasalgaon(Vinchur),Onion,Red,Local,1000,2512,2250,30-Jan-25
11091,Chattrapati Sambhajinagar,Lasur Station,Onion,Other,FAQ,550,2550,1800,16-Jan-25
11092,Chattrapati Sambhajinagar,Lasur Station,Onion,Other,FAQ,750,2615,1900,20-Jan-25
11093,Chattrapati Sambhajinagar,Lasur Station,Onion,Other,Local,550,2480,1700,29-Jan-25
11094,Sholapur,Laxmi Sopan Agriculture Produce Marketing Co Ltd,Onion,Other,FAQ,500,3500,2300,18-Jan-25
11095,Satara,Lonand,Onion,Other,FAQ,1200,3310,1500,06-Jan-25
11096,Satara,Lonand,Onion,Other,Local,800,2850,1700,27-Jan-25
11097,Lucknow,Lucknow,Onion,Red,FAQ,2420,2520,2470,14-Jan-25
11098,Lucknow,Lucknow,Onion,Red,FAQ,2490,2590,2540,04-Jan-25
11099,Lucknow,Lucknow,Onion,Red,Non-FAQ,1940,2100,2020,01-Feb-25
11100,Coimbatore,RSPuram(Uzhavar Sandhai ),Onion,Bellary,Local,3800,4400,4400,20-Jan-25
11101,Ayodhya,Rudauli,Onion,Red,FAQ,2200,2400,2300,24-Jan-25
11102,Ayodhya,Rudauli,Onion,Red,FAQ,2250,2400,2300,08-Jan-25
11103,Ayodhya,Rudauli,Onion,Red,FAQ,2300,2500,2400,17-Jan-25
11104,Ayodhya,Rudauli,Onion,Red,FAQ,3980,4160,4120,02-Jan-25
11105,Morena,Sabalgarh(F&V),Onion,Onion,FAQ,950,1000,975,05-Jan-25
11106,Medak,Sadasivpet,Onion,1st Sort,Non-FAQ,769,2745,2419,22-Jan-25
11107,Medak,Sadasivpet,Onion,1st Sort,Non-FAQ,899,2509,2342,27-Jan-25
11108,Barabanki,Safdarganj,Onion,Red,FAQ,2200,2300,2250,27-Jan-25
11109,Barabanki,Safdarganj,Onion,Red,FAQ,2250,2350,2300,16-Jan-25
11110,Jind,Safidon,Onion,Other,FAQ,1200,1500,1500,03-Jan-25
11111,Jind,Safidon,Onion,Other,FAQ,1500,2000,2000,07-Jan-25
11112,Saharanpur,Saharanpur,Onion,Red,FAQ,2200,2600,2400,14-Jan-25
11113,Ludhiana,Sahnewal,Onion,Onion,FAQ,2300,2300,2300,18-Jan-25
11114,Ludhiana,Sahnewal,Onion,Onion,FAQ,2700,2700,2700,22-Jan-25
11115,Ludhiana,Sahnewal,Onion,Onion,FAQ,2800,2800,2800,01-Feb-25
11116,Ludhiana,Sahnewal,Onion,Onion,FAQ,3000,3000,3000,04-Jan-25
11117,Raebarelli,Salon,Onion,1st Sort,FAQ,2425,2435,2430,16-Jan-25
11118,Raebarelli,Salon,Onion,1st Sort,FAQ,2425,2450,2430,15-Jan-25
11119,Raebarelli,Salon,Onion,1st Sort,FAQ,2725,2735,2730,02-Jan-25
11120,Raebarelli,Salon,Onion,1st Sort,Non-FAQ,2350,2360,2355,29-Jan-25
11121,Sambhal,Sambhal,Onion,Red,FAQ,2000,2200,2150,11-Jan-25
11122,Erode,Sampath Nagar(Uzhavar Sandhai ),Onion,Bellary,Local,4800,5200,5200,07-Jan-25
11123,Ludhiana,Samrala,Onion,Other,FAQ,2000,2400,2200,18-Jan-25
11124,Ludhiana,Samrala,Onion,Other,FAQ,2000,2500,2200,28-Jan-25
11125,Agra,Samsabad,Onion,Red,FAQ,2100,2300,2200,13-Jan-25
11126,Malda,Samsi,Onion,Onion,FAQ,2000,2800,2500,18-Jan-25
11127,Malda,Samsi,Onion,Onion,FAQ,2300,3100,2500,10-Jan-25
11128,Khandwa,Sanawad(F&V),Onion,Onion,FAQ,2500,3500,3000,05-Jan-25
11129,Hardoi,Sandila,Onion,Red,FAQ,2390,2470,2430,13-Jan-25
11130,Hardoi,Sandila,Onion,Red,FAQ,2480,2560,2520,04-Jan-25
11131,Sangli,"Sangli(Phale, Bhajipura Market)",Onion,Local,FAQ,500,3300,1900,20-Jan-25
11132,Sangli,"Sangli(Phale, Bhajipura Market)",Onion,Local,FAQ,1000,3800,2400,01-Jan-25
11133,Sangli,"Sangli(Phale, Bhajipura Market)",Onion,Local,FAQ,1000,5500,3250,03-Jan-25
11134,Hanumangarh,Sangriya,Onion,Onion,FAQ,2200,3400,2800,22-Jan-25
11135,Sangrur,Sangrur,Onion,Onion,FAQ,2500,3000,2800,14-Jan-25
11136,Sangrur,Sangrur,Onion,Onion,FAQ,2500,3000,2800,17-Jan-25
11137,Sangrur,Sangrur,Onion,Onion,FAQ,2500,3000,2800,22-Jan-25
11138,Kallakuruchi,Sankarapuram(Uzhavar Sandhai ),Onion,Bellary,Local,4000,5000,5000,21-Jan-25
11139,Una,Santoshgarh,Onion,Onion,FAQ,2400,3000,2700,08-Jan-25
11140,Una,Santoshgarh,Onion,Onion,FAQ,2500,2900,2700,17-Jan-25
11141,Sundergarh,Sargipali,Onion,Other,Non-FAQ,1500,2000,1800,01-Feb-25
11142,Nashik,Satana,Onion,Red,FAQ,550,2340,1925,10-Jan-25
11143,Satara,Satara,Onion,Other,FAQ,1000,3400,2200,02-Jan-25
11144,Satara,Satara,Onion,Other,FAQ,1000,3500,2200,04-Jan-25
11145,Erode,Sathiyamagalam(Uzhavar Sandhai ),Onion,Bellary,Local,4000,4400,4400,03-Jan-25
11146,Erode,Sathiyamagalam(Uzhavar Sandhai ),Onion,Bellary,Local,4000,4500,4500,17-Jan-25
11147,Erode,Sathiyamagalam(Uzhavar Sandhai ),Onion,Bellary,Local,4000,4500,4500,25-Jan-25
11148,Virudhunagar,Sathur(Uzhavar Sandhai ),Onion,Bellary,Local,4000,4500,4500,10-Jan-25
11149,Virudhunagar,Sathur(Uzhavar Sandhai ),Onion,Bellary,Local,4000,4500,4500,16-Jan-25
11150,Virudhunagar,Sathur(Uzhavar Sandhai ),Onion,Bellary,Local,4000,5000,5000,06-Jan-25
11151,Gorakhpur,Sehjanwa,Onion,Red,FAQ,2490,2505,2500,11-Jan-25
11152,Ludhiana,Ludhiana,Onion,Other,FAQ,800,2500,1900,20-Jan-25
11153,Ludhiana,Ludhiana,Onion,Other,FAQ,800,2900,2000,04-Jan-25
11154,Ajmer,Madanganj Kishangarh,Onion,1st Sort,FAQ,3000,3500,3200,27-Jan-25
11155,Hardoi,Madhoganj,Onion,Red,FAQ,2280,2350,2310,25-Jan-25
11156,Chengalpattu,Madhuranthagam(Uzhavar Sandhai ),Onion,Bellary,Local,4000,4500,4500,26-Jan-25
11157,Chengalpattu,Madhuranthagam(Uzhavar Sandhai ),Onion,Bellary,Local,4000,4500,4500,29-Jan-25
11158,Panipat,Madlauda,Onion,Other,FAQ,2600,2600,2600,02-Jan-25
11159,Hyderabad,Mahboob Manison,Onion,1st Sort,FAQ,2500,3300,2700,13-Jan-25
11160,Hyderabad,Mahboob Manison,Onion,1st Sort,Non-FAQ,300,1800,1400,30-Jan-25
11161,Hyderabad,Mahboob Manison,Onion,2nd Sort,FAQ,2200,2800,2600,25-Jan-25
11162,Hyderabad,Mahboob Manison,Onion,2nd Sort,Non-FAQ,300,1800,1400,18-Jan-25
11163,Ujjain,Mahidpur(F&V),Onion,Onion,FAQ,540,2200,800,28-Jan-25
11164,Mahoba,Mahoba,Onion,Red,FAQ,2300,2400,2350,14-Jan-25
11165,Mahoba,Mahoba,Onion,Red,FAQ,2300,2420,2350,02-Jan-25
11166,Mahoba,Mahoba,Onion,Red,FAQ,2330,2450,2380,18-Jan-25
11167,Mahoba,Mahoba,Onion,Red,FAQ,2400,2530,2470,05-Jan-25
11168,Bhavnagar,Mahuva(Station Road),Onion,Red,FAQ,750,2555,1655,03-Jan-25
11169,Bhavnagar,Mahuva(Station Road),Onion,Red,FAQ,755,2460,1610,27-Jan-25
11170,Bhavnagar,Mahuva(Station Road),Onion,White,FAQ,1120,2210,1665,24-Jan-25
11171,Bhavnagar,Mahuva(Station Road),Onion,White,FAQ,1210,2550,1880,16-Jan-25
11172,Khiri (Lakhimpur),Maigalganj,Onion,Red,FAQ,2900,2970,2940,27-Jan-25
11173,Khiri (Lakhimpur),Maigalganj,Onion,Red,FAQ,2900,2980,2940,15-Jan-25
11174,Mainpuri,Mainpuri,Onion,Red,FAQ,1180,1370,1290,11-Jan-25
11175,Mainpuri,Mainpuri,Onion,Red,FAQ,1965,2155,2075,31-Jan-25
11176,Mainpuri,Mainpuri,Onion,Red,FAQ,2200,2400,2300,19-Jan-25
11177,Sangrur,Malerkotla,Onion,Other,FAQ,1600,2400,1800,20-Jan-25
11178,Muktsar,Malout,Onion,Onion,FAQ,1400,1800,1600,24-Jan-25
11179,Ferozpur,Mamdot,Onion,Other,FAQ,2700,2900,2800,24-Jan-25
11180,Ferozpur,Mamdot,Onion,Other,FAQ,2900,3100,3000,15-Jan-25
11181,Ferozpur,Mamdot,Onion,Other,FAQ,3000,3200,3100,09-Jan-25
11182,Thiruchirappalli,Manachanallur(Uzhavar Sandhai ),Onion,Bellary,Local,5400,5400,5400,14-Jan-25
11183,Thiruchirappalli,Manapparai(Uzhavar Sandhai ),Onion,Bellary,Local,4000,5000,5000,28-Jan-25
11184,Thiruchirappalli,Manapparai(Uzhavar Sandhai ),Onion,Bellary,Local,4000,5600,5600,26-Jan-25
11185,Thiruchirappalli,Manapparai(Uzhavar Sandhai ),Onion,Bellary,Local,4600,5600,5600,12-Jan-25
11186,Neemuch,Manasa,Onion,Onion,FAQ,570,2196,1800,08-Jan-25
11187,Neemuch,Manasa,Onion,Onion,Non-FAQ,321,1900,1500,31-Jan-25
11188,Dhar,Manawar(F&V),Onion,Onion,Non-FAQ,1800,2000,1900,24-Jan-25
11189,Pune,Manchar,Onion,Other,Local,2700,2850,2775,30-Jan-25
11190,Mandi,Mandi(Takoli),Onion,Other,FAQ,3000,3500,3500,15-Jan-25
11191,Mandsaur,Mandsaur,Onion,Onion,FAQ,100,1814,1200,15-Jan-25
11192,Mandsaur,Mandsaur,Onion,Onion,FAQ,100,2201,1300,10-Jan-25
11193,Mandsaur,Mandsaur,Onion,Onion,FAQ,200,2252,1100,22-Jan-25
11194,Mandsaur,Mandsaur,Onion,Onion,FAQ,260,2001,600,18-Jan-25
11195,Mandsaur,Mandsaur,Onion,Onion,FAQ,299,6700,1501,21-Jan-25
11196,Mandsaur,Mandsaur,Onion,Onion,FAQ,600,1917,1652,01-Feb-25
11197,Sholapur,Mangal Wedha,Onion,Local,FAQ,700,3700,2810,01-Jan-25
11198,Sholapur,Mangal Wedha,Onion,Local,FAQ,910,2700,2500,12-Jan-25
11199,Sholapur,Mangal Wedha,Onion,Local,FAQ,1100,3500,2840,02-Jan-25
11200,Haridwar,Manglaur,Onion,Other,FAQ,1500,1700,1600,06-Jan-25
11201,Kaushambi,Manjhanpur,Onion,Red,FAQ,2000,2165,2080,05-Jan-25
11202,Nashik,Manmad,Onion,Red,FAQ,500,3001,2200,08-Jan-25
11203,Kullu,Bhuntar,Onion,Other,FAQ,2800,3000,2900,13-Jan-25
11204,Kullu,Bhuntar,Onion,Other,FAQ,3000,3200,3100,22-Jan-25
11205,Kullu,Bhuntar,Onion,Other,FAQ,3000,3200,3100,27-Jan-25
11206,Kullu,Bhuntar,Onion,Other,FAQ,3000,3500,3200,08-Jan-25
11207,Jalgaon,Bhusaval,Onion,Red,FAQ,1200,2000,1500,16-Jan-25
11208,Jalgaon,Bhusaval,Onion,Red,FAQ,1500,2200,1800,24-Jan-25
11209,Jalgaon,Bhusaval,Onion,Red,FAQ,1800,2500,2000,08-Jan-25
11210,Bijnor,Bijnaur,Onion,Red,FAQ,2250,2300,2275,15-Jan-25
11211,Bijnor,Bijnaur,Onion,Red,FAQ,2250,2300,2285,09-Jan-25
11212,Bijnor,Bijnaur,Onion,Red,FAQ,2320,2400,2340,04-Jan-25
11213,Bikaner,Bikaner (F&V),Onion,Other,FAQ,1400,1600,1500,03-Jan-25
11214,Bilaspur,Bilaspur,Onion,Other,FAQ,2500,2900,2600,23-Jan-25
11215,Bilaspur,Bilaspur,Onion,Other,FAQ,2800,3400,3200,03-Jan-25
11216,Bilaspur,Bilaspur,Onion,Other,FAQ,2900,3200,3000,11-Jan-25
11217,Jalandhar,Bilga,Onion,Other,FAQ,1800,2000,1900,30-Jan-25
11218,Navsari,Bilimora,Onion,Nasik,FAQ,1500,2800,2100,01-Feb-25
11219,Navsari,Bilimora,Onion,Nasik,FAQ,1500,2800,2200,22-Jan-25
11220,Navsari,Bilimora,Onion,Nasik,FAQ,1500,2900,2200,29-Jan-25
11221,Badaun,Bilsi,Onion,Red,FAQ,2150,2250,2200,04-Jan-25
11222,Badaun,Bilsi,Onion,Red,FAQ,2200,2250,2235,01-Feb-25
11223,Badaun,Bilsi,Onion,Red,FAQ,2200,2300,2250,08-Jan-25
11224,Badaun,Bilsi,Onion,Red,FAQ,2200,2300,2250,25-Jan-25
11225,Badaun,Bilsi,Onion,Red,FAQ,2200,2300,2250,26-Jan-25
11226,Badaun,Bilsi,Onion,Red,FAQ,2250,2350,2300,06-Jan-25
11227,Fatehpur,Bindki,Onion,Red,FAQ,1580,2100,1900,19-Jan-25
11228,Fatehpur,Bindki,Onion,Red,FAQ,1900,2000,1950,27-Jan-25
11229,Fatehpur,Bindki,Onion,Red,FAQ,2100,2200,2150,06-Jan-25
11230,Sepahijala,Bishalgarh,Onion,Nasik,FAQ,4300,4500,4400,17-Jan-25
11231,Bankura,Bishnupur(Bankura),Onion,Nasik,FAQ,1800,2500,2400,01-Jan-25
11232,Bankura,Bishnupur(Bankura),Onion,Nasik,FAQ,2000,3000,2800,04-Jan-25
11233,Sepahijala,Bishramganj,Onion,Nasik,FAQ,4300,4500,4400,24-Jan-25
11234,Sepahijala,Bishramganj,Onion,Nasik,FAQ,4500,5000,4800,06-Jan-25
11235,Sepahijala,Bishramganj,Onion,Nasik,FAQ,4500,5000,4800,10-Jan-25
11236,Birbhum,Bolpur,Onion,Onion,FAQ,2400,2600,2500,01-Jan-25
11237,Birbhum,Bolpur,Onion,Onion,FAQ,2600,2800,2700,17-Jan-25
11238,Birbhum,Bolpur,Onion,Onion,FAQ,2800,3000,2900,08-Jan-25
11239,Boudh,Boudh,Onion,Other,FAQ,3500,5000,4000,18-Jan-25
11240,Boudh,Boudh,Onion,Other,FAQ,4000,6000,5000,04-Jan-25
11241,Boudh,Boudh,Onion,Other,FAQ,4000,6000,5000,09-Jan-25
11242,Hyderabad,Bowenpally,Onion,1st Sort,FAQ,600,2500,2000,18-Jan-25
11243,Hyderabad,Bowenpally,Onion,1st Sort,FAQ,1000,3500,3000,08-Jan-25
11244,Hyderabad,Bowenpally,Onion,1st Sort,FAQ,2000,3000,2500,26-Jan-25
11245,Bulandshahar,Buland Shahr,Onion,Red,FAQ,2500,2700,2600,01-Jan-25
11246,Bhiwani,Ch. Dadri,Onion,Other,FAQ,1600,2500,2050,29-Jan-25
11247,Bhiwani,Ch. Dadri,Onion,Other,FAQ,1600,3000,2300,07-Jan-25
11248,Bhiwani,Ch. Dadri,Onion,Other,FAQ,1800,2500,2150,25-Jan-25
11249,Bijnor,Chaandpur,Onion,Red,FAQ,1400,1600,1500,17-Jan-25
11250,Bijnor,Chaandpur,Onion,Red,FAQ,1400,1600,1500,19-Jan-25
11251,Bijnor,Chaandpur,Onion,Red,FAQ,1400,1600,1500,22-Jan-25
11252,Nadia,Chakdah,Onion,Other,FAQ,3000,3150,3100,02-Jan-25
11253,Thirssur,Chalakudy,Onion,Onion,FAQ,3700,4500,4500,18-Jan-25
11254,Thirssur,Chalakudy,Onion,Other,FAQ,3500,4000,4000,13-Jan-25
11255,Chamba,Chamba,Onion,Other,FAQ,2500,3000,2750,18-Jan-25
11256,Ropar (Rupnagar),Chamkaur Sahib,Onion,Other,FAQ,3200,3300,3250,09-Jan-25
11257,Alappuzha,Mannar,Onion,Small,FAQ,8000,8200,8100,27-Jan-25
11258,Thiruvarur,Mannargudi I(Uzhavar Sandhai ),Onion,Bellary,Local,4400,6000,6000,21-Jan-25
11259,Thiruvarur,Mannargudi II(Uzhavar Sandhai ),Onion,Bellary,Local,4400,5600,5600,05-Jan-25
11260,Thiruvarur,Mannargudi II(Uzhavar Sandhai ),Onion,Bellary,Local,4400,6000,6000,26-Jan-25
11261,Thiruvarur,Mannargudi II(Uzhavar Sandhai ),Onion,Bellary,Local,4400,6000,6000,29-Jan-25
11262,Mansa,Mansa,Onion,Onion,FAQ,2000,2400,2300,12-Jan-25
11263,North Goa,Mapusa,Onion,Onion,FAQ,2500,2500,2500,07-Jan-25
11264,North Goa,Mapusa,Onion,Onion,FAQ,2500,2500,2500,16-Jan-25
11265,Mathura,Mathura,Onion,Red,FAQ,2000,2350,2200,25-Jan-25
11266,Mathura,Mathura,Onion,Red,FAQ,2100,2350,2250,23-Jan-25
11267,Mathura,Mathura,Onion,Red,FAQ,2200,2450,2300,02-Jan-25
11268,Mathura,Mathura,Onion,Red,FAQ,2200,2450,2380,16-Jan-25
11269,Jhansi,Mauranipur,Onion,Red,FAQ,2110,2200,2140,04-Jan-25
11270,Nagapattinam,Mayiladuthurai(Uzhavar Sandhai ),Onion,Bellary,Local,2500,3000,3000,12-Jan-25
11271,Nagapattinam,Mayiladuthurai(Uzhavar Sandhai ),Onion,Bellary,Local,2500,3000,3000,14-Jan-25
11272,Nagapattinam,Mayiladuthurai(Uzhavar Sandhai ),Onion,Bellary,Local,3000,3500,3500,27-Jan-25
11273,Nagapattinam,Mayiladuthurai(Uzhavar Sandhai ),Onion,Bellary,Local,4000,4500,4500,17-Jan-25
11274,Chengalpattu,Medavakkam(Uzhavar Sandhai ),Onion,Bellary,Local,4000,4600,4600,08-Jan-25
11275,Medinipur(W),Medinipur(West),Onion,Onion,FAQ,2400,2800,2600,03-Jan-25
11276,Medinipur(W),Medinipur(West),Onion,Onion,FAQ,2400,2800,2600,06-Jan-25
11277,Medinipur(W),Medinipur(West),Onion,Onion,FAQ,2400,2800,2600,29-Jan-25
11278,Rohtak,Meham,Onion,Other,FAQ,2000,2000,2000,01-Feb-25
11279,Sitapur,Mehmoodabad,Onion,Red,FAQ,2100,2160,2130,01-Feb-25
11280,Mehsana,Mehsana(Mehsana Veg),Onion,Onion,FAQ,700,2400,2000,07-Jan-25
11281,Coochbehar,Mekhliganj,Onion,Other,FAQ,2700,3000,2800,03-Jan-25
11282,Thirunelveli,Melapalayam(Uzhavar Sandhai ),Onion,Bellary,Local,3500,4400,4400,05-Jan-25
11283,Thirunelveli,Melapalayam(Uzhavar Sandhai ),Onion,Bellary,Local,4000,4400,4400,06-Jan-25
11284,Coimbatore,Mettupalayam(Uzhavar Sandhai ),Onion,Bellary,Local,3500,4000,4000,01-Feb-25
11285,Coimbatore,Mettupalayam(Uzhavar Sandhai ),Onion,Bellary,Local,3600,4000,4000,13-Jan-25
11286,Coimbatore,Mettupalayam(Uzhavar Sandhai ),Onion,Bellary,Local,3600,4000,4000,14-Jan-25
11287,Salem,Mettur(Uzhavar Sandhai ),Onion,Bellary,Local,3000,5000,5000,18-Jan-25
11288,Salem,Mettur(Uzhavar Sandhai ),Onion,Bellary,Local,4000,5500,5500,22-Jan-25
11289,Salem,Mettur(Uzhavar Sandhai ),Onion,Bellary,Local,4000,6000,6000,04-Jan-25
11290,Salem,Mettur(Uzhavar Sandhai ),Onion,Bellary,Local,4000,6000,6000,12-Jan-25
11291,Salem,Mettur(Uzhavar Sandhai ),Onion,Bellary,Local,4000,6000,6000,30-Jan-25
11292,Indore,Mhow(F&V),Onion,Onion,FAQ,900,1600,1200,12-Jan-25
11293,Indore,Mhow(F&V),Onion,Onion,FAQ,1200,2000,1500,01-Feb-25
11294,Mirzapur,Mirzapur,Onion,Red,FAQ,2100,2200,2145,31-Jan-25
11295,Mirzapur,Mirzapur,Onion,Red,FAQ,2400,2500,2450,07-Jan-25
11296,Farukhabad,Mohamadabad,Onion,Red,FAQ,1950,2150,2050,25-Jan-25
11297,Farukhabad,Mohamadabad,Onion,Red,FAQ,2240,2440,2340,06-Jan-25
11298,Farukhabad,Mohamadabad,Onion,Red,FAQ,2370,2570,2470,11-Jan-25
11299,Khiri (Lakhimpur),Mohammdi,Onion,Red,FAQ,2100,2180,2140,01-Feb-25
11300,Khiri (Lakhimpur),Mohammdi,Onion,Red,FAQ,2360,2450,2410,18-Jan-25
11301,Namakkal,Mohanur(Uzhavar Sandhai ),Onion,Bellary,Local,4500,5000,5000,03-Jan-25
11302,Namakkal,Mohanur(Uzhavar Sandhai ),Onion,Bellary,Local,4500,5000,5000,23-Jan-25
11303,Namakkal,Mohanur(Uzhavar Sandhai ),Onion,Bellary,Local,4500,5000,5000,30-Jan-25
11304,Mahendragarh-Narnaul,Mohindergarh,Onion,Onion,FAQ,1600,2000,1600,15-Jan-25
11305,Mahendragarh-Narnaul,Mohindergarh,Onion,Onion,FAQ,1800,2500,2200,24-Jan-25
11306,Madurai,Chokkikulam(Uzhavar Sandhai ),Onion,Bellary,Local,4500,5200,5200,05-Jan-25
11307,Madurai,Chokkikulam(Uzhavar Sandhai ),Onion,Bellary,Local,4800,5000,5000,30-Jan-25
11308,Madurai,Chokkikulam(Uzhavar Sandhai ),Onion,Bellary,Local,4800,5200,5200,07-Jan-25
11309,Madurai,Chokkikulam(Uzhavar Sandhai ),Onion,Bellary,Local,5000,5400,5400,02-Jan-25
11310,Jaipur Rural,Chomu (F&V),Onion,Other,FAQ,1400,2000,1700,06-Jan-25
11311,Gorakhpur,Chorichora,Onion,Red,FAQ,2500,3200,2800,02-Jan-25
11312,Gorakhpur,Chorichora,Onion,Red,FAQ,2500,3200,2800,13-Jan-25
11313,Gorakhpur,Chorichora,Onion,Red,Non-FAQ,2800,2950,2850,01-Feb-25
11314,Gorakhpur,Chorichora,Onion,Red,Non-FAQ,3000,3400,3200,25-Jan-25
11315,Churu,Churu,Onion,1st Sort,FAQ,1500,1700,1600,10-Jan-25
11316,Coochbehar,Coochbehar,Onion,Other,FAQ,2300,2400,2350,14-Jan-25
11317,Coochbehar,Coochbehar,Onion,Other,FAQ,2700,2900,2800,10-Jan-25
11318,The Nilgiris,Coonoor(Uzhavar Sandhai ),Onion,Bellary,Local,4500,5000,5000,23-Jan-25
11319,Cuddalore,Cuddalore(Uzhavar Sandhai ),Onion,Bellary,Local,4000,4000,4000,10-Jan-25
11320,Cuddalore,Cuddalore(Uzhavar Sandhai ),Onion,Bellary,Local,4000,4000,4000,27-Jan-25
11321,Gautam Budh Nagar,Dadri,Onion,Red,Non-FAQ,2100,2355,2250,21-Jan-25
11322,Dahod,Dahod(Veg. Market),Onion,Onion,FAQ,1000,2700,2000,12-Jan-25
11323,Dahod,Dahod(Veg. Market),Onion,Onion,FAQ,1500,2700,2500,01-Feb-25
11324,Dahod,Dahod(Veg. Market),Onion,Onion,FAQ,1800,3700,2500,02-Jan-25
11325,Patna,Danapur,Onion,Medium,FAQ,3000,3400,3200,21-Jan-25
11326,Patna,Danapur,Onion,Medium,FAQ,3400,3800,3600,08-Jan-25
11327,Gautam Budh Nagar,Dankaur,Onion,Red,FAQ,1855,2155,2000,28-Jan-25
11328,Hoshiarpur,Dasuya,Onion,Other,FAQ,2400,2800,2600,20-Jan-25
11329,Hoshiarpur,Dasuya,Onion,Other,FAQ,2600,3000,2800,14-Jan-25
11330,Davangere,Davangere,Onion,Onion,FAQ,1000,3800,2500,17-Jan-25
11331,Davangere,Davangere,Onion,Onion,FAQ,1000,3800,2800,18-Jan-25
11332,Davangere,Davangere,Onion,Onion,FAQ,1000,4000,2500,21-Jan-25
11333,Banaskanth,Deesa(Deesa Veg Yard),Onion,Other,FAQ,800,1350,1075,25-Jan-25
11334,Banaskanth,Deesa(Deesa Veg Yard),Onion,Other,FAQ,1000,2350,1675,01-Jan-25
11335,Banaskanth,Deesa(Deesa Veg Yard),Onion,Other,FAQ,2000,2650,2325,08-Jan-25
11336,Dehradoon,Dehradoon,Onion,Nasik,FAQ,1600,2800,2200,11-Jan-25
11337,Dehradoon,Dehradoon,Onion,Nasik,Non-FAQ,1800,2500,2300,28-Jan-25
11338,Krishnagiri,Denkanikottai(Uzhavar Sandhai ),Onion,Bellary,Local,3000,4000,4000,24-Jan-25
11339,Krishnagiri,Denkanikottai(Uzhavar Sandhai ),Onion,Bellary,Local,4000,4500,4500,11-Jan-25
11340,Sagar,Deori,Onion,Local,FAQ,1010,1010,1010,18-Jan-25
11341,Sagar,Deori,Onion,Onion,FAQ,950,1100,1100,22-Jan-25
11342,Sagar,Deori,Onion,Onion,FAQ,1000,1000,1000,06-Jan-25
11343,Sagar,Deori,Onion,Onion,FAQ,1000,1000,1000,25-Jan-25
11344,Sagar,Deori,Onion,Onion,Non-FAQ,1000,1100,1100,27-Jan-25
11345,Sagar,Deori,Onion,Onion-Organic,FAQ,1000,1000,1000,26-Jan-25
11346,Mohali,Dera Bassi,Onion,Other,FAQ,2400,2500,2500,10-Jan-25
11347,Mohali,Dera Bassi,Onion,Other,FAQ,2400,2500,2500,16-Jan-25
11348,Mohali,Dera Bassi,Onion,Other,FAQ,2400,2500,2500,17-Jan-25
11349,Nashik,Devala,Onion,Red,FAQ,300,2555,2200,02-Jan-25
11350,Theni,Devaram(Uzhavar Sandhai ),Onion,Bellary,Local,3800,3800,3800,17-Jan-25
11351,Theni,Devaram(Uzhavar Sandhai ),Onion,Bellary,Local,4000,4200,4200,10-Jan-25
11352,Deoria,Devariya,Onion,Red,FAQ,2200,2215,2210,01-Feb-25
11353,Deoria,Devariya,Onion,Red,FAQ,2340,2360,2350,08-Jan-25
11354,Deoria,Devariya,Onion,Red,Non-FAQ,2230,2245,2235,23-Jan-25
11355,Dhar,Dhamnod(F&V),Onion,Onion,FAQ,1200,2100,1800,25-Jan-25
11356,Dhar,Dhamnod(F&V),Onion,Onion,FAQ,1800,3000,2000,07-Jan-25
11357,Gorakhpur,Sehjanwa,Onion,Red,FAQ,2890,2905,2900,08-Jan-25
11358,Sehore,Sehore,Onion,Onion,FAQ,636,1301,1301,14-Jan-25
11359,Sehore,Sehore,Onion,Onion,FAQ,1021,2601,2601,03-Jan-25
11360,Sehore,Sehore,Onion,Onion,FAQ,2085,2350,2350,04-Jan-25
11361,Hathras,Shadabad,Onion,Red,FAQ,2200,2300,2250,02-Jan-25
11362,Hathras,Shadabad,Onion,Red,FAQ,3100,3200,3150,28-Jan-25
11363,Kurukshetra,Shahabad,Onion,Onion,Non-FAQ,1700,2500,2000,31-Jan-25
11364,Hardoi,Shahabad(New Mandi),Onion,Red,FAQ,2300,2400,2350,23-Jan-25
11365,Badaun,Shahaswan,Onion,Red,FAQ,2200,2600,2500,09-Jan-25
11366,Jaunpur,Shahganj,Onion,Red,FAQ,2270,2390,2320,21-Jan-25
11367,Shahjahanpur,Shahjahanpur,Onion,Red,FAQ,2260,2390,2320,02-Jan-25
11368,Shajapur,Shajapur,Onion,Medium,FAQ,436,2000,500,18-Jan-25
11369,Mandsaur,Shamgarh,Onion,Onion,FAQ,100,1550,1550,17-Jan-25
11370,Mandsaur,Shamgarh,Onion,Onion-Organic,FAQ,1197,2240,2240,20-Jan-25
11371,Mandsaur,Shamgarh,Onion,Onion-Organic,FAQ,1412,1412,1412,31-Jan-25
11372,Sheohar,Sheohar,Onion,Medium,FAQ,3000,3300,3200,11-Jan-25
11373,Sheohar,Sheohar,Onion,Medium,FAQ,3200,3500,3300,24-Jan-25
11374,Hooghly,Sheoraphuly,Onion,Nasik,FAQ,2800,3000,2900,18-Jan-25
11375,Ahmednagar,Shevgaon,Onion,1st Sort,FAQ,1600,2300,1750,13-Jan-25
11376,Ahmednagar,Shevgaon,Onion,Other,Local,300,1500,1500,30-Jan-25
11377,Shimla,Shimla,Onion,1st Sort,FAQ,2500,3000,2500,20-Jan-25
11378,Shimla,Shimla,Onion,1st Sort,FAQ,3500,3700,3500,07-Jan-25
11379,Shimoga,Shimoga,Onion,Onion,FAQ,2500,3600,3000,15-Jan-25
11380,Shimoga,Shimoga,Onion,Onion,FAQ,2500,4500,3500,03-Jan-25
11381,Shimoga,Shimoga,Onion,Onion,FAQ,3300,4500,4000,30-Jan-25
11382,Pune,Shirur,Onion,Other,FAQ,1000,3000,2200,13-Jan-25
11383,Ahmednagar,Shree Sairaj Krushi Market,Onion,Local,FAQ,300,2555,1450,11-Jan-25
11384,Ahmednagar,Shree Sairaj Krushi Market,Onion,Local,FAQ,600,3600,2200,04-Jan-25
11385,Ahmednagar,Shrigonda,Onion,Other,Local,400,2500,2200,30-Jan-25
11386,Shajapur,Shujalpur,Onion,Red,FAQ,700,2200,1352,21-Jan-25
11387,Shajapur,Shujalpur(F&V),Onion,Onion,FAQ,800,2324,1300,08-Jan-25
11388,Sikar,Sikar,Onion,1st Sort,FAQ,1000,1800,1400,08-Jan-25
11389,Sikar,Sikar,Onion,Onion,FAQ,1000,1700,1350,29-Jan-25
11390,Bulandshahar,Sikarpur,Onion,Red,FAQ,1700,1850,1800,09-Jan-25
11391,Bulandshahar,Sikarpur,Onion,Red,FAQ,2100,2300,2200,04-Jan-25
11392,Gomati,Silachhari,Onion,Nasik,FAQ,3600,4000,3800,24-Jan-25
11393,Darjeeling,Siliguri,Onion,Other,FAQ,2500,2700,2600,23-Jan-25
11394,Darjeeling,Siliguri,Onion,Other,FAQ,2500,2700,2600,24-Jan-25
11395,Darjeeling,Siliguri,Onion,Other,FAQ,3100,3300,3200,04-Jan-25
11396,Sivaganga,Singampunari(Uzhavar Sandhai ),Onion,Bellary,Local,4500,5500,5500,01-Jan-25
11397,Coimbatore,Singanallur(Uzhavar Sandhai ),Onion,Bellary,Local,3500,4000,4000,15-Jan-25
11398,Coimbatore,Singanallur(Uzhavar Sandhai ),Onion,Bellary,Local,3500,4000,4000,30-Jan-25
11399,Coimbatore,Singanallur(Uzhavar Sandhai ),Onion,Bellary,Local,4200,4600,4600,07-Jan-25
11400,Fatehgarh,Sirhind,Onion,Other,FAQ,2200,2600,2500,15-Jan-25
11401,Nagapattinam,Sirkali(Uzhavar Sandhai ),Onion,Bellary,Local,4000,5000,5000,31-Jan-25
11402,Nagapattinam,Sirkali(Uzhavar Sandhai ),Onion,Bellary,Local,4500,5000,5000,03-Jan-25
11403,Sirsa,Sirsa,Onion,Other,FAQ,1800,2700,2000,11-Jan-25
11404,Sirsa,Sirsa,Onion,Other,FAQ,2000,2400,2100,30-Jan-25
11405,Prayagraj,Sirsa,Onion,Red,FAQ,2000,2200,2100,16-Jan-25
11406,Sitapur,Sitapur,Onion,Red,FAQ,1600,2600,2400,01-Jan-25
11407,UdhamSinghNagar,Sitarganj,Onion,Other,Non-FAQ,1500,2000,1600,27-Jan-25
11408,Madurai,Usilampatty,Onion,Bellary,Local,5000,5200,5200,09-Jan-25
11409,Kanpur,Uttaripura,Onion,Red,FAQ,2100,2300,2200,29-Jan-25
11410,Palakad,Vadakkenchery,Onion,Small,FAQ,8500,9000,8750,10-Jan-25
11411,Palakad,Vadakkenchery,Onion,Small,FAQ,10000,11000,10500,27-Jan-25
11412,Nagercoil (Kannyiakumari),Vadaseri,Onion,Bellary,Local,4500,5000,5000,29-Jan-25
11413,Nagercoil (Kannyiakumari),Vadaseri,Onion,Bellary,Local,4800,5000,5000,21-Jan-25
11414,Nagercoil (Kannyiakumari),Vadaseri,Onion,Bellary,Local,5000,5500,5500,02-Jan-25
11415,Nagercoil (Kannyiakumari),Vadaseri,Onion,Bellary,Local,5000,5500,5500,04-Jan-25
11416,Nagercoil (Kannyiakumari),Vadaseri,Onion,Bellary,Local,5000,5500,5500,06-Jan-25
11417,Coimbatore,Vadavalli(Uzhavar Sandhai ),Onion,Bellary,Local,3600,4000,4000,31-Jan-25
11418,Vadodara(Baroda),Vadodara(Sayajipura),Onion,Other,FAQ,1300,2500,1950,29-Jan-25
11419,Vadodara(Baroda),Vadodara(Sayajipura),Onion,Other,FAQ,1500,2800,2200,09-Jan-25
11420,Thiruvarur,Valangaiman,Onion,Bellary,Local,4000,4000,4000,30-Jan-25
11421,Thiruvarur,Valangaiman,Onion,Bellary,Local,4400,4400,4400,21-Jan-25
11422,Thirupathur,Vaniyampadi(Uzhavar Sandhai ),Onion,Bellary,Local,4000,4000,4000,24-Jan-25
11423,Thirupathur,Vaniyampadi(Uzhavar Sandhai ),Onion,Bellary,Local,4000,4000,4000,31-Jan-25
11424,Thirupathur,Vaniyampadi(Uzhavar Sandhai ),Onion,Bellary,Local,4000,5000,5000,13-Jan-25
11425,Thirupathur,Vaniyampadi(Uzhavar Sandhai ),Onion,Bellary,Local,5000,5000,5000,11-Jan-25
11426,Varanasi,Varanasi,Onion,Red,FAQ,2100,2290,2200,22-Jan-25
11427,Varanasi,Varanasi,Onion,Red,FAQ,2140,2265,2175,24-Jan-25
11428,Varanasi,Varanasi,Onion,Red,FAQ,2250,2420,2325,18-Jan-25
11429,Varanasi,Varanasi,Onion,Red,FAQ,2325,2465,2380,03-Jan-25
11430,Varanasi,Varanasi,Onion,Red,FAQ,2340,2475,2400,15-Jan-25
11431,Kanpur,Varipaal,Onion,Red,FAQ,2200,2400,2250,01-Feb-25
11432,Mumbai,Vashi New Mumbai,Onion,Other,FAQ,800,2500,1650,11-Jan-25
11433,Mumbai,Vashi New Mumbai,Onion,Other,FAQ,900,2700,1800,15-Jan-25
11434,Mumbai,Vashi New Mumbai,Onion,Other,Local,1000,3000,2000,25-Jan-25
11435,Dindigul,Vedasanthur(Uzhavar Sandhai ),Onion,Bellary,Local,4000,5600,5600,07-Jan-25
11436,Dindigul,Vedasanthur(Uzhavar Sandhai ),Onion,Bellary,Local,5000,5600,5600,04-Jan-25
11437,Karur,Velayuthampalayam(Uzhavar Sandhai ),Onion,Bellary,Local,4000,5000,5000,12-Jan-25
11438,Karur,Velayuthampalayam(Uzhavar Sandhai ),Onion,Bellary,Local,4000,5000,5000,23-Jan-25
11439,Karur,Velayuthampalayam(Uzhavar Sandhai ),Onion,Bellary,Local,4000,5000,5000,30-Jan-25
11440,Vellore,Vellore,Onion,Bellary,Local,3800,4000,4000,31-Jan-25
11441,Dehradoon,Vikasnagar,Onion,Other,FAQ,1000,1800,1800,22-Jan-25
11442,Ballia,Vilthararoad,Onion,Other,FAQ,2500,2600,2550,10-Jan-25
11443,Pudukkottai,Viralimalai(Uzhavar Sandhai ),Onion,Bellary,Local,2500,3000,3000,17-Jan-25
11444,Pudukkottai,Viralimalai(Uzhavar Sandhai ),Onion,Bellary,Local,4000,5000,5000,12-Jan-25
11445,Virudhunagar,Virudhunagar(Uzhavar Sandhai ),Onion,Bellary,Local,5000,6000,6000,16-Jan-25
11446,Cuddalore,Viruthachalam(Uzhavar Sandhai ),Onion,Bellary,Local,4000,4000,4000,28-Jan-25
11447,Cuddalore,Viruthachalam(Uzhavar Sandhai ),Onion,Bellary,Local,4500,4500,4500,02-Jan-25
11448,Junagarh,Visavadar,Onion,Onion,FAQ,660,1880,1270,06-Jan-25
11449,Junagarh,Visavadar,Onion,Onion,FAQ,750,2430,1590,20-Jan-25
11450,Pillibhit,Vishalpur,Onion,Red,FAQ,2210,2268,2240,15-Jan-25
11451,Sitapur,Viswan,Onion,Red,FAQ,2410,2450,2430,13-Jan-25
11452,Yamuna Nagar,Yamuna Nagar,Onion,Other,FAQ,700,2800,2000,03-Jan-25
11453,Nashik,Yeola,Onion,Red,FAQ,500,2401,1750,10-Jan-25
11454,Nashik,Yeola,Onion,Red,FAQ,551,2426,2000,22-Jan-25
11455,Nashik,Yeola,Onion,Red,Local,400,2300,1800,01-Feb-25
11456,Mahendragarh-Narnaul,Mohindergarh,Onion,Onion,FAQ,2000,2500,2500,16-Jan-25
11457,Morbi,Morbi,Onion,Onion,FAQ,500,2200,1350,11-Jan-25
11458,Morbi,Morbi,Onion,Onion,FAQ,500,2200,1350,31-Jan-25
11459,Ropar (Rupnagar),Morinda,Onion,Onion,FAQ,2500,2500,2500,07-Jan-25
11460,Jhansi,Moth,Onion,Red,FAQ,2000,2140,2080,02-Jan-25
11461,Jhansi,Moth,Onion,Red,FAQ,2000,2150,2080,24-Jan-25
11462,Jalpaiguri,Moynaguri,Onion,Nasik,FAQ,2800,2900,2900,29-Jan-25
11463,Jalpaiguri,Moynaguri,Onion,Nasik,FAQ,2800,3000,2900,25-Jan-25
11464,Jalpaiguri,Moynaguri,Onion,Nasik,FAQ,2900,3100,3000,03-Jan-25
11465,Jaunpur,Mugrabaadshahpur,Onion,Red,FAQ,2025,2225,2125,01-Jan-25
11466,Hoshiarpur,Mukerian(Talwara),Onion,Onion,FAQ,2400,2800,2600,15-Jan-25
11467,Kozhikode(Calicut),Mukkom,Onion,Onion,FAQ,3500,3800,3600,01-Feb-25
11468,Kozhikode(Calicut),Mukkom,Onion,Onion,FAQ,3600,4000,3800,13-Jan-25
11469,Muktsar,Muktsar,Onion,Other,FAQ,3000,3500,3200,04-Jan-25
11470,Idukki,Munnar,Onion,Big,Non-FAQ,3500,4500,4000,27-Jan-25
11471,Sambhal,Muradabad,Onion,Red,FAQ,2240,2340,2280,15-Jan-25
11472,Madhepura,Murliganj,Onion,White,FAQ,2800,3100,3000,24-Jan-25
11473,Thiruchirappalli,Musiri(Uzhavar Sandhai ),Onion,Bellary,Local,3500,5000,5000,23-Jan-25
11474,Thiruchirappalli,Musiri(Uzhavar Sandhai ),Onion,Bellary,Local,4000,5000,5000,16-Jan-25
11475,Thiruchirappalli,Musiri(Uzhavar Sandhai ),Onion,Bellary,Local,4000,5800,5800,02-Jan-25
11476,Hamirpur,Muskara,Onion,Red,FAQ,2200,2400,2300,20-Jan-25
11477,Hamirpur,Muskara,Onion,Red,FAQ,2250,2450,2350,08-Jan-25
11478,Hamirpur,Muskara,Onion,Red,FAQ,2300,2500,2400,12-Jan-25
11479,Hamirpur,Muskara,Onion,Red,FAQ,2300,2500,2400,17-Jan-25
11480,Yamuna Nagar,Mustafabad,Onion,Other,FAQ,2500,3000,2800,04-Jan-25
11481,Yamuna Nagar,Mustafabad,Onion,Other,FAQ,2500,3000,2800,16-Jan-25
11482,Muzaffarnagar,Muzzafarnagar,Onion,Red,FAQ,2200,2500,2400,19-Jan-25
11483,Muzaffarnagar,Muzzafarnagar,Onion,Red,FAQ,2250,2450,2350,21-Jan-25
11484,Nagercoil (Kannyiakumari),Myladi(Uzhavar Sandhai ),Onion,Bellary,Local,4500,5000,5000,21-Jan-25
11485,Patiala,Nabha,Onion,Other,FAQ,1600,2700,2300,01-Jan-25
11486,Patiala,Nabha,Onion,Other,FAQ,1700,2800,2280,03-Jan-25
11487,Patiala,Nabha,Onion,Other,FAQ,1700,2800,2300,30-Jan-25
11488,Nadia,Nadia,Onion,Other,FAQ,2700,2925,2800,01-Feb-25
11489,Nadia,Nadia,Onion,Other,Non-FAQ,2600,2925,2700,29-Jan-25
11490,Kheda,Nadiyad(Piplag),Onion,Onion,FAQ,2000,2600,2200,07-Jan-25
11491,Kheda,Nadiyad(Piplag),Onion,Onion,FAQ,2100,2500,2350,19-Jan-25
11492,Kheda,Nadiyad(Piplag),Onion,Onion,Non-FAQ,1000,1400,1200,27-Jan-25
11493,Nagapattinam,Nagapattinam(Uzhavar Sandhai ),Onion,Bellary,Local,2000,3000,3000,04-Jan-25
11494,Nagapattinam,Nagapattinam(Uzhavar Sandhai ),Onion,Bellary,Local,2000,3000,3000,19-Jan-25
11495,Nagapattinam,Nagapattinam(Uzhavar Sandhai ),Onion,Bellary,Local,2000,3000,3000,29-Jan-25
11496,Bijnor,Nagina,Onion,Red,FAQ,1000,1800,1500,31-Jan-25
11497,Nagpur,Nagpur,Onion,White,FAQ,1600,2800,2500,16-Jan-25
11498,Nagpur,Nagpur,Onion,White,Local,1600,2600,2425,29-Jan-25
11499,Bijnor,Najibabad,Onion,Red,Non-FAQ,800,1200,1000,19-Jan-25
11500,Namakkal,Namakkal(Uzhavar Sandhai ),Onion,Bellary,Local,3500,4000,4000,16-Jan-25
11501,Nashik,Nampur,Onion,Other,FAQ,400,2350,2000,16-Jan-25
11502,Nashik,Nampur,Onion,Other,Local,400,2325,1800,29-Jan-25
11503,Nashik,Nandgaon,Onion,Red,Local,200,2611,1750,29-Jan-25
11504,Chengalpattu,Nanganallur(Uzhavar Sandhai ),Onion,Bellary,Local,3500,4500,4500,05-Jan-25
11505,Ambala,Naraingarh,Onion,Onion,FAQ,2000,2000,2000,22-Jan-25
11506,Ambala,Naraingarh,Onion,Onion,FAQ,2000,2400,2300,29-Jan-25
11507,Nashik,Yeola,Onion,Red,Local,500,2401,1900,31-Jan-25
11508,Amroha,Dhanaura,Onion,Medium,Non-FAQ,1000,1500,1200,30-Jan-25
11509,Kaithal,Dhand,Onion,Other,FAQ,3000,3200,3180,28-Jan-25
11510,Mandi,Dhanotu (Mandi),Onion,Other,FAQ,2000,3000,2500,18-Jan-25
11511,Mandi,Dhanotu (Mandi),Onion,Other,FAQ,2600,3200,2900,09-Jan-25
11512,Moga,Dharamkot,Onion,Other,FAQ,3000,3000,3000,21-Jan-25
11513,Moga,Dharamkot,Onion,Other,FAQ,3000,3000,3000,24-Jan-25
11514,Kangra,Dharamshala,Onion,Other,FAQ,3000,3600,3300,07-Jan-25
11515,Kangra,Dharamshala,Onion,Other,FAQ,3000,3600,3300,31-Jan-25
11516,Thirupur,Dharapuram(Uzhavar Sandhai ),Onion,Bellary,Local,4000,4600,4600,02-Jan-25
11517,Dharashiv(Usmanabad),Dharashiv,Onion,Red,FAQ,1500,3500,2500,22-Jan-25
11518,Dharashiv(Usmanabad),Dharashiv,Onion,Red,Local,1500,2500,2000,30-Jan-25
11519,Gurdaspur,Dhariwal,Onion,Other,FAQ,1700,2000,1900,21-Jan-25
11520,Gurdaspur,Dhariwal,Onion,Other,FAQ,1800,2000,1900,13-Jan-25
11521,Dharmapuri,Dharmapuri(Uzhavar Sandhai ),Onion,Bellary,Local,4200,4400,4400,11-Jan-25
11522,Dhule,Dhule,Onion,Red,FAQ,200,2470,2280,03-Jan-25
11523,Dhule,Dhule,Onion,Red,FAQ,200,2500,2330,06-Jan-25
11524,Dhule,Dhule,Onion,Red,Local,200,2060,1900,31-Jan-25
11525,Jalpaiguri,Dhupguri,Onion,Nasik,FAQ,2600,2800,2700,01-Jan-25
11526,Jalpaiguri,Dhupguri,Onion,Nasik,FAQ,2850,2900,2900,16-Jan-25
11527,Jalpaiguri,Dhupguri,Onion,Nasik,FAQ,2900,3000,3000,22-Jan-25
11528,Sangrur,Dhuri,Onion,Other,FAQ,2000,2600,2400,06-Jan-25
11529,Gurdaspur,Dinanagar,Onion,Other,FAQ,2500,3000,2500,15-Jan-25
11530,Gurdaspur,Dinanagar,Onion,Other,FAQ,2500,3000,3000,03-Jan-25
11531,Dindigul,Dindigul(Uzhavar Sandhai ),Onion,Bellary,Local,4000,4500,4500,31-Jan-25
11532,Dindigul,Dindigul(Uzhavar Sandhai ),Onion,Bellary,Local,5000,5600,5600,08-Jan-25
11533,Dindigul,Dindigul(Uzhavar Sandhai ),Onion,Bellary,Local,5000,5600,5600,13-Jan-25
11534,Nashik,Dindori(Vani),Onion,Red,FAQ,1300,2701,2051,10-Jan-25
11535,Nashik,Dindori(Vani),Onion,Red,FAQ,1451,3300,2601,01-Jan-25
11536,Bangalore,Doddaballa Pur,Onion,Onion,FAQ,3000,4000,3500,13-Jan-25
11537,Mau(Maunathbhanjan),Doharighat,Onion,Red,Non-FAQ,3400,3500,3455,23-Jan-25
11538,Mau(Maunathbhanjan),Doharighat,Onion,Red,Non-FAQ,3500,3600,3550,21-Jan-25
11539,Mau(Maunathbhanjan),Doharighat,Onion,Red,Non-FAQ,3500,3600,3565,20-Jan-25
11540,Ludhiana,Doraha,Onion,Other,FAQ,2200,3000,2800,08-Jan-25
11541,Patiala,Dudhansadhan,Onion,Other,FAQ,2600,2800,2700,24-Jan-25
11542,Sonbhadra,Dudhi,Onion,Onion,FAQ,1800,2000,1900,19-Jan-25
11543,Sonbhadra,Dudhi,Onion,Onion,FAQ,1800,2000,1900,25-Jan-25
11544,Sonbhadra,Dudhi,Onion,Onion,FAQ,2000,2200,2100,18-Jan-25
11545,Durg,Durg,Onion,Onion,Non-FAQ,2800,3000,3000,30-Jan-25
11546,Paschim Bardhaman,Durgapur,Onion,Other,FAQ,2600,2850,2750,15-Jan-25
11547,Paschim Bardhaman,Durgapur,Onion,Other,FAQ,2850,3250,3050,09-Jan-25
11548,Salem,Edapadi (Uzhavar Sandhai ),Onion,Bellary,Local,5000,5600,5600,22-Jan-25
11549,Salem,Edapadi (Uzhavar Sandhai ),Onion,Bellary,Local,5000,6000,6000,12-Jan-25
11550,Medinipur(E),Egra/contai,Onion,Onion,FAQ,2800,3000,2900,20-Jan-25
11551,Salem,Elampillai(Uzhavar Sandhai ),Onion,Bellary,Local,4500,5500,5500,15-Jan-25
11552,Salem,Elampillai(Uzhavar Sandhai ),Onion,Bellary,Local,5000,5500,5500,28-Jan-25
11553,Salem,Elampillai(Uzhavar Sandhai ),Onion,Bellary,Local,5000,6000,6000,12-Jan-25
11554,Salem,Elampillai(Uzhavar Sandhai ),Onion,Bellary,Local,5500,6000,6000,02-Jan-25
11555,Salem,Elampillai(Uzhavar Sandhai ),Onion,Bellary,Local,5500,6000,6000,08-Jan-25
11556,Hyderabad,Erragadda(Rythu Bazar),Onion,1st Sort,FAQ,3000,3000,3000,20-Jan-25
11557,Etah,Etah,Onion,Red,FAQ,2000,2500,2125,10-Jan-25
11558,Etah,Etah,Onion,Red,FAQ,2000,2500,2250,28-Jan-25
11559,Kangra,Kangra(Baijnath),Onion,Onion,FAQ,2500,2700,2700,29-Jan-25
11560,Kangra,Kangra(Baijnath),Onion,Onion,FAQ,2900,3000,2900,02-Jan-25
11561,Kangra,Kangra(Jaisinghpur),Onion,1st Sort,FAQ,3000,3300,3100,22-Jan-25
11562,Kangra,Kangra(Jaisinghpur),Onion,1st Sort,FAQ,3000,3300,3100,23-Jan-25
11563,Kangra,Kangra(Jassour),Onion,Other,FAQ,2200,2800,2500,29-Jan-25
11564,Kasargod,Kanjangadu,Onion,Big,FAQ,3300,3800,3500,15-Jan-25
11565,Kasargod,Kanjangadu,Onion,Big,FAQ,3400,4000,3600,21-Jan-25
11566,Kasargod,Kanjangadu,Onion,Big,FAQ,3800,4500,4000,01-Feb-25
11567,Kottayam,Kanjirappally,Onion,Big,FAQ,4500,5000,4800,28-Jan-25
11568,Kottayam,Kanjirappally,Onion,Big,FAQ,5000,5500,5200,07-Jan-25
11569,Kottayam,Kanjirappally,Onion,Big,FAQ,5000,5500,5200,09-Jan-25
11570,Kottayam,Kanjirappally,Onion,Onion,FAQ,11000,12000,11800,17-Jan-25
11571,Kottayam,Kanjirappally,Onion,Onion,FAQ,11000,12000,11800,24-Jan-25
11572,Kottayam,Kanjirappally,Onion,Onion,FAQ,13000,14000,13800,22-Jan-25
11573,Kannuj,Kannauj,Onion,Red,FAQ,2220,2340,2270,19-Jan-25
11574,Kannuj,Kannauj,Onion,Red,FAQ,2500,2600,2550,03-Jan-25
11575,Kannur,Kannur,Onion,Other,FAQ,3800,4000,3900,25-Jan-25
11576,Kanpur,Kanpur(Grain),Onion,Red,FAQ,2250,2450,2350,11-Jan-25
11577,Kheda,Kapadvanj,Onion,Other,FAQ,1000,2600,1800,21-Jan-25
11578,Kheda,Kapadvanj,Onion,Other,FAQ,1300,2500,1900,30-Jan-25
11579,Kheda,Kapadvanj,Onion,Other,FAQ,1500,2400,1950,17-Jan-25
11580,Kheda,Kapadvanj,Onion,Other,FAQ,2000,2500,2200,05-Jan-25
11581,Satara,Karad,Onion,Other,FAQ,2500,3500,3500,06-Jan-25
11582,Sivaganga,Karaikudi(Uzhavar Sandhai ),Onion,Bellary,Local,5000,5400,5400,27-Jan-25
11583,Sivaganga,Karaikudi(Uzhavar Sandhai ),Onion,Bellary,Local,5200,5500,5500,25-Jan-25
11584,Nadia,Karimpur,Onion,Nasik,Non-FAQ,2800,3000,2900,01-Feb-25
11585,Virudhunagar,Kariyapatti(Uzhavar Sandhai ),Onion,Bellary,Local,3500,4800,4800,23-Jan-25
11586,Virudhunagar,Kariyapatti(Uzhavar Sandhai ),Onion,Bellary,Local,4000,5000,5000,02-Jan-25
11587,Virudhunagar,Kariyapatti(Uzhavar Sandhai ),Onion,Bellary,Local,4000,5000,5000,20-Jan-25
11588,Ahmednagar,Karjat,Onion,Local,FAQ,500,2700,1600,19-Jan-25
11589,Ahmednagar,Karjat,Onion,Local,FAQ,1000,3000,2000,25-Jan-25
11590,Darjeeling,Karsiyang(Matigara),Onion,Other,FAQ,3200,3500,3300,01-Feb-25
11591,Darjeeling,Karsiyang(Matigara),Onion,Other,FAQ,3200,3500,3300,17-Jan-25
11592,Karur,Karur(Uzhavar Sandhai ),Onion,Bellary,Local,4500,5000,5000,03-Jan-25
11593,Chitrakut,Karvi,Onion,Red,FAQ,2125,2445,2300,20-Jan-25
11594,Chitrakut,Karvi,Onion,Red,FAQ,2225,2445,2325,16-Jan-25
11595,Kasganj,Kasganj,Onion,Red,FAQ,2100,2500,2300,16-Jan-25
11596,UdhamSinghNagar,Kashipur,Onion,Other,FAQ,1500,1700,1600,19-Jan-25
11597,Puruliya,Kasipur,Onion,Other,FAQ,2800,3200,3000,09-Jan-25
11598,Puruliya,Kasipur,Onion,Other,FAQ,2900,3200,3000,16-Jan-25
11599,Puruliya,Kasipur,Onion,Other,FAQ,3000,3200,3100,05-Jan-25
11600,Vellore,Katpadi (Uzhavar Sandhai ),Onion,Bellary,Local,4600,4800,4800,13-Jan-25
11601,Vellore,Katpadi (Uzhavar Sandhai ),Onion,Bellary,Local,4800,5000,5000,06-Jan-25
11602,Vellore,Katpadi (Uzhavar Sandhai ),Onion,Bellary,Local,5000,5000,5000,09-Jan-25
11603,Idukki,Kattappana,Onion,Big,FAQ,3400,4000,3500,10-Jan-25
11604,Idukki,Kattappana,Onion,Big,Non-FAQ,3700,4300,4000,30-Jan-25
11605,Purba Bardhaman,Katwa,Onion,Other,FAQ,2400,2600,2500,25-Jan-25
11606,Purba Bardhaman,Katwa,Onion,Other,FAQ,2400,2600,2500,26-Jan-25
11607,Purba Bardhaman,Katwa,Onion,Other,FAQ,2400,2600,2500,31-Jan-25
11608,Krishnagiri,Kaveripattinam(Uzhavar Sandhai ),Onion,Bellary,Local,3000,4000,4000,18-Jan-25
11609,Krishnagiri,Kaveripattinam(Uzhavar Sandhai ),Onion,Bellary,Local,4000,5000,5000,03-Jan-25
11610,UdhamSinghNagar,Sitarganj,Onion,Other,Non-FAQ,1500,2200,2000,21-Jan-25
11611,Sivaganga,Sivagangai (Uzhavar Sandhai ),Onion,Bellary,Local,5000,5200,5200,11-Jan-25
11612,Sivaganga,Sivagangai (Uzhavar Sandhai ),Onion,Bellary,Local,5000,5200,5200,24-Jan-25
11613,Kaithal,Siwan,Onion,Other,FAQ,2500,2600,2600,12-Jan-25
11614,Kaithal,Siwan,Onion,Other,FAQ,2500,2600,2600,13-Jan-25
11615,Kaithal,Siwan,Onion,Other,FAQ,3000,3000,3000,06-Jan-25
11616,Kaithal,Siwan,Onion,Other,Non-FAQ,2500,2600,2600,18-Jan-25
11617,Gurgaon,Sohna,Onion,Onion,FAQ,2000,2300,2200,21-Jan-25
11618,Solan,Solan(Nalagarh),Onion,Other,FAQ,2500,2800,2700,13-Jan-25
11619,Solan,Solan(Nalagarh),Onion,Other,FAQ,2500,3000,2800,03-Jan-25
11620,Solan,Solan(Nalagarh),Onion,Other,FAQ,2500,3000,2800,28-Jan-25
11621,Sholapur,Solapur,Onion,Red,FAQ,200,4000,2100,03-Jan-25
11622,Sonipat,Sonepat,Onion,Other,FAQ,1800,2000,1800,01-Jan-25
11623,Sonipat,Sonepat,Onion,Other,FAQ,2500,3000,2500,06-Jan-25
11624,Sonipat,Sonepat,Onion,Other,FAQ,2600,2700,2600,22-Jan-25
11625,Sonipat,Sonepat(Kharkhoda),Onion,Other,FAQ,1800,2300,2000,20-Jan-25
11626,Sonipat,Sonepat(Kharkhoda),Onion,Other,FAQ,1800,2400,2200,27-Jan-25
11627,Salem,Sooramangalam(Uzhavar Sandhai ),Onion,Bellary,Local,5000,6000,6000,12-Jan-25
11628,Salem,Sooramangalam(Uzhavar Sandhai ),Onion,Bellary,Local,5500,6000,6000,07-Jan-25
11629,Salem,Sooramangalam(Uzhavar Sandhai ),Onion,Bellary,Local,5500,6000,6000,27-Jan-25
11630,Shajapur,Soyatkalan,Onion,Onion,FAQ,320,635,635,16-Jan-25
11631,Shajapur,Soyatkalan,Onion,Onion,FAQ,815,1255,1255,04-Jan-25
11632,Ganganagar,Sriganganagar (F&V),Onion,Other,FAQ,3000,3400,3200,02-Jan-25
11633,Virudhunagar,Srivilliputhur(Uzhavar Sandhai ),Onion,Bellary,Local,4000,5000,5000,07-Jan-25
11634,Virudhunagar,Srivilliputhur(Uzhavar Sandhai ),Onion,Bellary,Local,5500,6000,6000,23-Jan-25
11635,Coimbatore,Sulur(Uzhavar Sandhai ),Onion,Bellary,Local,4000,4400,4400,04-Jan-25
11636,Coimbatore,Sulur(Uzhavar Sandhai ),Onion,Bellary,Local,4400,4700,4700,21-Jan-25
11637,Sangrur,Sunam,Onion,Nasik,FAQ,2000,2500,2200,24-Jan-25
11638,Sangrur,Sunam,Onion,Onion,FAQ,2000,2500,2200,25-Jan-25
11639,Coimbatore,Sundarapuram(Uzhavar Sandhai ),Onion,Bellary,Local,3200,3700,3700,14-Jan-25
11640,Coimbatore,Sundarapuram(Uzhavar Sandhai ),Onion,Bellary,Local,3400,3800,3800,30-Jan-25
11641,Coimbatore,Sundarapuram(Uzhavar Sandhai ),Onion,Bellary,Local,3500,3800,3800,16-Jan-25
11642,Coimbatore,Sundarapuram(Uzhavar Sandhai ),Onion,Bellary,Local,3500,3800,3800,28-Jan-25
11643,Coimbatore,Sundarapuram(Uzhavar Sandhai ),Onion,Bellary,Local,3600,4000,4000,02-Jan-25
11644,Ganganagar,Suratgarh,Onion,1st Sort,FAQ,1500,1800,1600,03-Jan-25
11645,Samastipur,Tajpur,Onion,Medium,FAQ,2500,3000,2800,03-Jan-25
11646,Bhavnagar,Taleja,Onion,Red,FAQ,950,2310,1630,24-Jan-25
11647,Bhavnagar,Taleja,Onion,Red,FAQ,1000,2930,1965,06-Jan-25
11648,Bhavnagar,Taleja,Onion,White,FAQ,1505,1600,1555,20-Jan-25
11649,Bhavnagar,Taleja,Onion,White,FAQ,1565,1625,1595,21-Jan-25
11650,Bhatinda,Talwandi Sabo,Onion,Other,FAQ,2000,2200,2100,20-Jan-25
11651,Bhatinda,Talwandi Sabo,Onion,Other,FAQ,2200,3000,2500,13-Jan-25
11652,Bhatinda,Talwandi Sabo,Onion,Other,FAQ,2500,2700,2600,25-Jan-25
11653,Bhatinda,Talwandi Sabo,Onion,Other,FAQ,2500,3000,2800,08-Jan-25
11654,Thiruvannamalai,Tamarainagar(Uzhavar Sandhai ),Onion,Bellary,Local,3500,4000,4000,31-Jan-25
11655,Thiruvannamalai,Tamarainagar(Uzhavar Sandhai ),Onion,Bellary,Local,4000,4500,4500,03-Jan-25
11656,Thiruvannamalai,Tamarainagar(Uzhavar Sandhai ),Onion,Bellary,Local,4000,5000,5000,29-Jan-25
11657,Medinipur(E),Tamluk (Medinipur E),Onion,Onion,FAQ,2400,2800,2600,26-Jan-25
11658,Hoshiarpur,Tanda Urmur,Onion,Other,FAQ,2800,3500,3000,23-Jan-25
11659,Hoshiarpur,Tanda Urmur,Onion,Other,FAQ,2800,3500,3000,25-Jan-25
11660,Ambala,Naraingarh,Onion,Onion,FAQ,2000,2500,2200,14-Jan-25
11661,Ambala,Naraingarh,Onion,Onion,FAQ,2000,2600,2100,04-Jan-25
11662,Ambala,Naraingarh,Onion,Onion,FAQ,2100,2400,2300,20-Jan-25
11663,Ambala,Naraingarh,Onion,Onion,FAQ,2200,2200,2200,25-Jan-25
11664,Thiruvellore,Naravarikuppam(Uzhavar Sandhai ),Onion,Bellary,Local,5000,5000,5000,12-Jan-25
11665,Thiruvellore,Naravarikuppam(Uzhavar Sandhai ),Onion,Bellary,Local,5000,5000,5000,13-Jan-25
11666,Thiruvellore,Naravarikuppam(Uzhavar Sandhai ),Onion,Bellary,Local,5000,5000,5000,14-Jan-25
11667,Thiruvellore,Naravarikuppam(Uzhavar Sandhai ),Onion,Bellary,Local,5000,5000,5000,17-Jan-25
11668,Mahendragarh-Narnaul,Narnaul,Onion,Other,FAQ,2000,2000,2000,06-Jan-25
11669,Jind,Narwana,Onion,Other,FAQ,2000,2000,2000,20-Jan-25
11670,Jind,Narwana,Onion,Other,FAQ,2000,2000,2000,26-Jan-25
11671,Jind,Narwana,Onion,Other,FAQ,2500,2500,2500,04-Jan-25
11672,Jind,Narwana,Onion,Other,FAQ,2500,2500,2500,06-Jan-25
11673,Nashik,Nasik,Onion,Pole,FAQ,1000,2411,1600,16-Jan-25
11674,Nashik,Nasik,Onion,Pole,Local,1100,2701,2250,25-Jan-25
11675,Thirupathur,Natrampalli(Uzhavar Sandhai ),Onion,Bellary,Local,4000,4000,4000,19-Jan-25
11676,Thirupathur,Natrampalli(Uzhavar Sandhai ),Onion,Bellary,Local,4000,4000,4000,22-Jan-25
11677,Thirupathur,Natrampalli(Uzhavar Sandhai ),Onion,Bellary,Local,5000,6000,6000,05-Jan-25
11678,Thirupathur,Natrampalli(Uzhavar Sandhai ),Onion,Bellary,Local,5500,6000,6000,01-Jan-25
11679,Gonda,Nawabganj,Onion,Red,Non-FAQ,2050,2130,2100,30-Jan-25
11680,Nawanshahr,Nawan Shahar(Subzi Mandi),Onion,Other,FAQ,2400,2600,2500,24-Jan-25
11681,Nawanshahr,Nawan Shahar(Subzi Mandi),Onion,Other,FAQ,2400,2600,2500,31-Jan-25
11682,Thiruvarur,Needamangalam(Uzhavar Sandhai ),Onion,Bellary,Local,5800,5800,5800,26-Jan-25
11683,Thiruvarur,Needamangalam(Uzhavar Sandhai ),Onion,Bellary,Local,5800,5800,5800,29-Jan-25
11684,Kasargod,Neeleswaram,Onion,Big,FAQ,3800,4200,4000,01-Feb-25
11685,Neemuch,Neemuch,Onion,Onion,FAQ,1180,2250,2250,27-Jan-25
11686,Faridabad,"New Grain Market , Faridabad",Onion,Onion,Non-FAQ,1500,2500,2000,28-Jan-25
11687,Faridabad,"New Grain Market , Faridabad",Onion,Onion,Non-FAQ,2000,2500,2250,31-Jan-25
11688,Karnal,"New Grain Market(main), Karnal",Onion,Other,FAQ,1400,2400,1900,23-Jan-25
11689,Karnal,"New Grain Market(main), Karnal",Onion,Other,FAQ,1400,2600,1800,25-Jan-25
11690,Thirunelveli,NGO Colony(Uzhavar Sandhai ),Onion,Bellary,Local,3500,4400,4400,23-Jan-25
11691,Thirunelveli,NGO Colony(Uzhavar Sandhai ),Onion,Bellary,Local,3500,4500,4500,01-Jan-25
11692,Thirunelveli,NGO Colony(Uzhavar Sandhai ),Onion,Bellary,Local,3600,4000,4000,30-Jan-25
11693,Moga,Nihal Singh Wala,Onion,Other,FAQ,2500,3500,2800,22-Jan-25
11694,Moga,Nihal Singh Wala,Onion,Other,FAQ,2800,3500,3200,18-Jan-25
11695,Ghaziabad,Noida,Onion,Red,FAQ,2200,2350,2275,24-Jan-25
11696,Ghaziabad,Noida,Onion,Red,FAQ,2220,2350,2285,22-Jan-25
11697,Ghaziabad,Noida,Onion,Red,FAQ,2300,2400,2350,19-Jan-25
11698,Ghaziabad,Noida,Onion,Red,FAQ,2470,2580,2520,07-Jan-25
11699,Ghaziabad,Noida,Onion,Red,Non-FAQ,2050,2050,2050,01-Feb-25
11700,Mewat,Nuh,Onion,Other,Non-FAQ,1800,1800,1800,22-Jan-25
11701,Ahmednagar,Om Chaitanya Multistate Agro Purpose CoOp Society ,Onion,Red,FAQ,500,3000,2300,26-Jan-25
11702,Kancheepuram,Padappai(Uzhavar Sandhai ),Onion,Bellary,Local,4000,4000,4000,07-Jan-25
11703,Kancheepuram,Padappai(Uzhavar Sandhai ),Onion,Bellary,Local,4000,5000,5000,28-Jan-25
11704,Kottayam,Pala,Onion,Big,FAQ,4300,5000,4500,16-Jan-25
11705,Kottayam,Pala,Onion,Big,FAQ,4300,5000,4500,17-Jan-25
11706,Kottayam,Pala,Onion,Big,FAQ,4500,10000,6800,01-Feb-25
11707,Kottayam,Pala,Onion,Onion,FAQ,9800,10400,10000,13-Jan-25
11708,Kottayam,Pala,Onion,Onion,FAQ,9800,10400,10000,14-Jan-25
11709,Dharmapuri,Palacode(Uzhavar Sandhai ),Onion,Bellary,Local,4600,5000,5000,10-Jan-25
11710,Bishnupur,Bishenpur,Onion,Onion,FAQ,4000,4500,4250,28-Jan-25
11711,Bishnupur,Bishenpur,Onion,Onion,FAQ,4500,5000,4750,16-Jan-25
11712,Bishnupur,Bishenpur,Onion,Onion,FAQ,4500,5000,4750,21-Jan-25
11713,Bishnupur,Bishenpur,Onion,Onion,FAQ,5500,6000,5750,07-Jan-25
11714,Bankura,Bishnupur(Bankura),Onion,Nasik,FAQ,2500,3500,3000,15-Jan-25
11715,Bankura,Bishnupur(Bankura),Onion,Nasik,FAQ,2500,3500,3300,09-Jan-25
11716,Bankura,Bishnupur(Bankura),Onion,Nasik,Non-FAQ,2000,3500,3000,26-Jan-25
11717,Sepahijala,Bishramganj,Onion,Nasik,FAQ,4300,4500,4400,27-Jan-25
11718,Theni,Bodinayakanur(Uzhavar Sandhai ),Onion,Bellary,Local,4200,4700,4700,05-Jan-25
11719,Theni,Bodinayakanur(Uzhavar Sandhai ),Onion,Bellary,Local,4200,4700,4700,11-Jan-25
11720,Theni,Bodinayakanur(Uzhavar Sandhai ),Onion,Bellary,Local,4200,4800,4800,23-Jan-25
11721,Birbhum,Bolpur,Onion,Nasik,FAQ,2600,2800,2700,28-Jan-25
11722,Sundergarh,Bonai,Onion,Other,FAQ,3000,4000,4000,09-Jan-25
11723,Boudh,Boudh,Onion,Other,FAQ,4000,6000,5000,21-Jan-25
11724,Hyderabad,Bowenpally,Onion,1st Sort,FAQ,800,3500,3000,24-Jan-25
11725,Hyderabad,Bowenpally,Onion,1st Sort,FAQ,1000,3500,3000,22-Jan-25
11726,Ernakulam,Broadway market,Onion,1st Sort,FAQ,3800,5000,4000,02-Jan-25
11727,Ernakulam,Broadway market,Onion,1st Sort,FAQ,4000,5000,4200,09-Jan-25
11728,Mansa,Budalada,Onion,Other,FAQ,2200,2700,2400,30-Jan-25
11729,Mansa,Budalada,Onion,Other,FAQ,2800,3400,3000,04-Jan-25
11730,Bulandshahar,Buland Shahr,Onion,Red,FAQ,2100,2450,2330,18-Jan-25
11731,Bulandshahar,Buland Shahr,Onion,Red,FAQ,2250,2450,2360,17-Jan-25
11732,Bulandshahar,Buland Shahr,Onion,Red,FAQ,2400,2550,2450,08-Jan-25
11733,Purba Bardhaman,Burdwan,Onion,Nasik,FAQ,2800,3200,3000,07-Jan-25
11734,Bhiwani,Ch. Dadri,Onion,Other,FAQ,2000,2500,2250,14-Jan-25
11735,Bijnor,Chaandpur,Onion,Red,FAQ,1800,2000,1900,07-Jan-25
11736,Nadia,Chakdah,Onion,Other,FAQ,2900,3050,3000,01-Jan-25
11737,Nadia,Chakdah,Onion,Other,FAQ,3100,3250,3200,06-Jan-25
11738,Thiruvananthapuram,Chala,Onion,Big,FAQ,3700,3900,3700,24-Jan-25
11739,Thiruvananthapuram,Chala,Onion,Big,FAQ,3700,4200,3700,23-Jan-25
11740,Thiruvananthapuram,Chala,Onion,Onion,FAQ,8000,8300,8000,04-Jan-25
11741,Hooghly,Champadanga,Onion,Nasik,FAQ,2900,3100,3000,06-Jan-25
11742,Hooghly,Champadanga,Onion,Nasik,FAQ,3000,3400,3200,05-Jan-25
11743,Sambhal,Chandausi,Onion,Red,FAQ,2100,2150,2135,24-Jan-25
11744,Sambhal,Chandausi,Onion,Red,FAQ,2250,2300,2275,06-Jan-25
11745,Sambhal,Chandausi,Onion,Red,FAQ,2300,2400,2350,01-Jan-25
11746,Chandigarh,Chandigarh(Grain/Fruit),Onion,Other,FAQ,1000,2500,2000,28-Jan-25
11747,Chandigarh,Chandigarh(Grain/Fruit),Onion,Other,FAQ,1000,3000,2500,03-Jan-25
11748,Nashik,Chandvad,Onion,Red,FAQ,800,2651,1980,09-Jan-25
11749,Aligarh,Charra,Onion,Red,FAQ,2300,2500,2400,25-Jan-25
11750,Aligarh,Charra,Onion,Red,FAQ,2300,2500,2400,31-Jan-25
11751,Kollam,Chathanoor,Onion,Other,FAQ,4300,4700,4500,05-Jan-25
11752,Chattrapati Sambhajinagar,Chattrapati Sambhajinagar,Onion,Other,FAQ,800,2500,1650,16-Jan-25
11753,Thirssur,Chavakkad,Onion,Other,Non-FAQ,3800,4600,4600,18-Jan-25
11754,Thirssur,Chelakkara,Onion,Other,FAQ,5000,5500,5200,10-Jan-25
11755,Thirssur,Chelakkara,Onion,Other,FAQ,5000,5500,5200,16-Jan-25
11756,Chengalpattu,Chengalpet(Uzhavar Sandhai ),Onion,Bellary,Local,2800,3200,3200,07-Jan-25
11757,Chengalpattu,Chengalpet(Uzhavar Sandhai ),Onion,Bellary,Local,3500,4000,4000,27-Jan-25
11758,Chengalpattu,Chengalpet(Uzhavar Sandhai ),Onion,Bellary,Local,3500,4000,4000,31-Jan-25
11759,Thiruvannamalai,Chengam(Uzhavar Sandhai ),Onion,Bellary,Local,3300,4000,4000,06-Jan-25
11760,Thiruvannamalai,Chengam(Uzhavar Sandhai ),Onion,Bellary,Local,3300,4000,4000,20-Jan-25
11761,Palakad,Palakkad,Onion,Big,FAQ,3500,4500,4100,31-Jan-25
11762,Palakad,Palakkad,Onion,Big,FAQ,4300,5000,4700,24-Jan-25
11763,Palakad,Palakkad,Onion,Small,FAQ,8700,10000,9400,24-Jan-25
11764,Palakad,Palakkad,Onion,Small,FAQ,9000,10000,9600,08-Jan-25
11765,Kangra,Palampur,Onion,Other,FAQ,3000,3200,3100,30-Jan-25
11766,Madurai,Palanganatham(Uzhavar Sandhai ),Onion,Bellary,Local,4000,5000,5000,16-Jan-25
11767,Madurai,Palanganatham(Uzhavar Sandhai ),Onion,Bellary,Local,4000,5000,5000,17-Jan-25
11768,Madurai,Palanganatham(Uzhavar Sandhai ),Onion,Bellary,Local,4500,5200,5200,06-Jan-25
11769,Dindigul,Palani(Uzhavar Sandhai ),Onion,Bellary,Local,3000,5000,5000,11-Jan-25
11770,Kozhikode(Calicut),Palayam,Onion,Other,FAQ,2900,2900,2900,09-Jan-25
11771,Thirunelveli,Palayamkottai(Uzhavar Sandhai ),Onion,Bellary,Local,3400,4000,4000,31-Jan-25
11772,Thirunelveli,Palayamkottai(Uzhavar Sandhai ),Onion,Bellary,Local,3600,4000,4000,30-Jan-25
11773,Bhavnagar,Palitana,Onion,Red,FAQ,1400,2300,1850,07-Jan-25
11774,Thirupur,Palladam(Uzhavar Sandhai ),Onion,Bellary,Local,4000,4500,4500,19-Jan-25
11775,Thirupur,Palladam(Uzhavar Sandhai ),Onion,Bellary,Local,4000,4500,4500,22-Jan-25
11776,Thirupur,Palladam(Uzhavar Sandhai ),Onion,Bellary,Local,4000,4500,4500,23-Jan-25
11777,Chengalpattu,Pallavaram(Uzhavar Sandhai ),Onion,Bellary,Local,3000,5000,5000,18-Jan-25
11778,Chengalpattu,Pallavaram(Uzhavar Sandhai ),Onion,Bellary,Local,3000,5000,5000,21-Jan-25
11779,Palwal,Palwal,Onion,Onion,FAQ,1700,2000,1850,23-Jan-25
11780,Kottayam,Pampady,Onion,Big,FAQ,4000,5000,4600,28-Jan-25
11781,Kottayam,Pampady,Onion,Big,FAQ,4200,5200,5000,04-Jan-25
11782,Panchkula,Panchkul(Kalka),Onion,Other,FAQ,2000,3000,2500,29-Jan-25
11783,Balrampur,Panchpedwa,Onion,Red,FAQ,1700,1900,1800,07-Jan-25
11784,Balrampur,Panchpedwa,Onion,Red,FAQ,1800,2200,2000,21-Jan-25
11785,Balrampur,Panchpedwa,Onion,Red,FAQ,2100,2300,2200,13-Jan-25
11786,Hooghly,Pandua,Onion,Nasik,FAQ,3000,3200,3000,03-Jan-25
11787,Panipat,Panipat,Onion,Other,FAQ,800,1400,1100,20-Jan-25
11788,Cuddalore,Panruti(Uzhavar Sandhai ),Onion,Bellary,Local,3500,5000,5000,14-Jan-25
11789,Cuddalore,Panruti(Uzhavar Sandhai ),Onion,Bellary,Local,4000,5000,5000,02-Jan-25
11790,Cuddalore,Panruti(Uzhavar Sandhai ),Onion,Bellary,Local,4000,5000,5000,22-Jan-25
11791,Cuddalore,Panruti(Uzhavar Sandhai ),Onion,Bellary,Local,4000,5000,5000,28-Jan-25
11792,Thanjavur,Papanasam(Uzhavar Sandhai ),Onion,Bellary,Local,3600,4800,4800,07-Jan-25
11793,Thanjavur,Papanasam(Uzhavar Sandhai ),Onion,Bellary,Local,3600,4800,4800,31-Jan-25
11794,Ramanathapuram,Paramakudi(Uzhavar Sandhai ),Onion,Bellary,Local,4500,5000,5000,02-Jan-25
11795,Ramanathapuram,Paramakudi(Uzhavar Sandhai ),Onion,Bellary,Local,4500,5000,5000,05-Jan-25
11796,Namakkal,Paramathivelur(Uzhavar Sandhai ),Onion,Bellary,Local,4500,5000,5000,30-Jan-25
11797,Malappuram,Parappanangadi,Onion,Other,FAQ,3600,3700,3700,24-Jan-25
11798,Malappuram,Parappanangadi,Onion,Other,FAQ,3700,3700,3700,03-Jan-25
11799,Malappuram,Parappanangadi,Onion,Other,FAQ,3700,3800,3800,23-Jan-25
11800,Thiruvellore,Paruthipattu(Uzhavar Sandhai ),Onion,Bellary,Local,4000,4000,4000,08-Jan-25
11801,Thiruvellore,Paruthipattu(Uzhavar Sandhai ),Onion,Bellary,Local,5000,5000,5000,19-Jan-25
11802,Thiruvellore,Paruthipattu(Uzhavar Sandhai ),Onion,Bellary,Local,5000,5000,5000,29-Jan-25
11803,Gurgaon,Pataudi,Onion,Other,FAQ,2000,2200,2100,10-Jan-25
11804,Patiala,Patiala,Onion,Onion,FAQ,1600,2000,1800,29-Jan-25
11805,Patiala,Patran,Onion,Other,FAQ,800,2300,1850,20-Jan-25
11806,Palakad,Pattambi,Onion,Small,FAQ,8000,8500,8200,07-Jan-25
11807,Tarntaran,Patti,Onion,Other,FAQ,1800,2200,2000,24-Jan-25
11808,Tarntaran,Patti,Onion,Other,FAQ,2000,2400,2200,10-Jan-25
11809,Tarntaran,Patti,Onion,Other,FAQ,2800,3200,3000,15-Jan-25
11810,Krishnagiri,Kaveripattinam(Uzhavar Sandhai ),Onion,Bellary,Local,4000,6000,6000,05-Jan-25
11811,Farukhabad,Kayamganj,Onion,Red,FAQ,2230,2330,2280,19-Jan-25
11812,Alappuzha,Kayamkulam,Onion,Big,FAQ,4100,4300,4200,02-Jan-25
11813,Alappuzha,Kayamkulam,Onion,Small,FAQ,7900,8100,8000,15-Jan-25
11814,Alappuzha,Kayamkulam,Onion,Small,FAQ,8500,8700,8600,19-Jan-25
11815,Alappuzha,Kayamkulam,Onion,Small,FAQ,8700,8900,8800,21-Jan-25
11816,Alappuzha,Kayamkulam,Onion,Small,FAQ,8800,9000,8900,05-Jan-25
11817,Thiruvannamalai,Keelpennathur(Uzhavar Sandhai ),Onion,Bellary,Local,3500,4000,4000,11-Jan-25
11818,Thiruvannamalai,Keelpennathur(Uzhavar Sandhai ),Onion,Bellary,Local,3500,4600,4600,07-Jan-25
11819,Delhi,Keshopur,Onion,Onion,FAQ,1500,3000,2400,20-Jan-25
11820,Delhi,Keshopur,Onion,Onion,FAQ,1700,2500,2000,18-Jan-25
11821,Kalahandi,Kesinga,Onion,Other,FAQ,6000,6000,6000,04-Jan-25
11822,Kalahandi,Kesinga,Onion,Other,FAQ,6500,7000,6800,15-Jan-25
11823,Fatehpur,Khaga,Onion,Red,FAQ,2000,2120,2050,05-Jan-25
11824,Aligarh,Khair,Onion,Red,FAQ,2000,2500,2200,14-Jan-25
11825,Aligarh,Khair,Onion,Red,FAQ,2000,2500,2200,16-Jan-25
11826,Aligarh,Khair,Onion,Red,FAQ,2400,3000,2800,04-Jan-25
11827,Aligarh,Khair,Onion,Red,Non-FAQ,1800,2200,2000,24-Jan-25
11828,Aligarh,Khair,Onion,Red,Non-FAQ,1800,2500,2000,20-Jan-25
11829,Agra,Khairagarh,Onion,Red,FAQ,3000,3100,3050,08-Jan-25
11830,Fatehgarh,Khamano,Onion,Onion,FAQ,3000,3000,3000,23-Jan-25
11831,Fatehgarh,Khamano,Onion,Onion,FAQ,4000,4000,4000,20-Jan-25
11832,Anand,Khambhat(Veg Yard Khambhat),Onion,Other,FAQ,1500,2900,2200,25-Jan-25
11833,Shamli,Khandhla,Onion,Red,FAQ,2700,2800,2750,10-Jan-25
11834,Shamli,Khandhla,Onion,Red,Non-FAQ,2400,2500,2450,25-Jan-25
11835,Khandwa,Khandwa,Onion,Local,FAQ,600,1200,1200,25-Jan-25
11836,Khandwa,Khandwa,Onion,Local,FAQ,700,800,800,06-Jan-25
11837,Khandwa,Khandwa,Onion,Local,FAQ,700,1000,1000,01-Feb-25
11838,Khandwa,Khandwa,Onion,Local,FAQ,1000,1000,1000,16-Jan-25
11839,Ludhiana,Khanna,Onion,Other,FAQ,1000,2500,1500,14-Jan-25
11840,Ludhiana,Khanna,Onion,Other,FAQ,1000,2500,1500,18-Jan-25
11841,Mohali,Kharar,Onion,Other,FAQ,2400,3000,2700,21-Jan-25
11842,Mohali,Kharar,Onion,Other,FAQ,2500,2800,2700,24-Jan-25
11843,Mohali,Kharar,Onion,Other,FAQ,2600,2800,2700,16-Jan-25
11844,Mohali,Kharar,Onion,Other,FAQ,2600,3000,2700,08-Jan-25
11845,Mohali,Kharar,Onion,Other,FAQ,2600,3000,2800,14-Jan-25
11846,Nuapada,Khariar Road,Onion,Other,FAQ,2500,3000,3000,05-Jan-25
11847,Nuapada,Khariar Road,Onion,Other,FAQ,3000,3100,3000,04-Jan-25
11848,Nuapada,Khariar Road,Onion,Other,Non-FAQ,2500,3000,3000,25-Jan-25
11849,Nuapada,Khariar Road,Onion,Other,Non-FAQ,3000,3100,3000,17-Jan-25
11850,Muzaffarnagar,Khatauli,Onion,Red,FAQ,1000,2000,1200,06-Jan-25
11851,UdhamSinghNagar,Khateema,Onion,Other,FAQ,2600,2800,2700,18-Jan-25
11852,UdhamSinghNagar,Khateema,Onion,Other,Non-FAQ,1800,2000,1900,31-Jan-25
11853,Boudh,Khunthabandha,Onion,Other,FAQ,3500,5000,4000,20-Jan-25
11854,Boudh,Khunthabandha,Onion,Other,Non-FAQ,3000,3500,3300,28-Jan-25
11855,Bulandshahar,Khurja,Onion,Red,FAQ,2270,2470,2370,15-Jan-25
11856,Rohtas,Kochas (Balthari),Onion,Medium,FAQ,2100,2300,2200,02-Jan-25
11857,Rohtas,Kochas (Balthari),Onion,Medium,FAQ,2200,2400,2300,25-Jan-25
11858,Palakad,Koduvayoor,Onion,Big,FAQ,3000,3400,3200,31-Jan-25
11859,Palakad,Koduvayoor,Onion,Big,FAQ,3400,3800,3600,17-Jan-25
11860,Palakad,Koduvayoor,Onion,Small,FAQ,8400,8800,8600,11-Jan-25
11861,Palakad,Koduvayoor,Onion,Small,FAQ,8500,8900,8700,14-Jan-25
11862,Palakad,Koduvayoor,Onion,Small,FAQ,8500,8900,8700,16-Jan-25
11863,Kurnool,Pattikonda,Onion,Local,Non-FAQ,3000,3500,3200,22-Jan-25
11864,Thanjavur,Pattukottai(Uzhavar Sandhai ),Onion,Bellary,Local,4000,5000,5000,02-Jan-25
11865,Thanjavur,Pattukottai(Uzhavar Sandhai ),Onion,Bellary,Local,4000,5000,5000,04-Jan-25
11866,Thanjavur,Pattukottai(Uzhavar Sandhai ),Onion,Bellary,Local,4000,5000,5000,06-Jan-25
11867,Kurukshetra,Pehowa,Onion,Other,FAQ,2800,3000,2900,03-Jan-25
11868,Dharmapuri,Pennagaram(Uzhavar Sandhai ),Onion,Bellary,Local,4200,4800,4800,27-Jan-25
11869,Dharmapuri,Pennagaram(Uzhavar Sandhai ),Onion,Bellary,Local,4800,5000,5000,30-Jan-25
11870,Dharmapuri,Pennagaram(Uzhavar Sandhai ),Onion,Bellary,Local,4800,5000,5000,31-Jan-25
11871,Thiruvellore,Perambakkam(Uzhavar Sandhai ),Onion,Bellary,Local,4000,4000,4000,04-Jan-25
11872,Thiruvellore,Perambakkam(Uzhavar Sandhai ),Onion,Bellary,Local,4000,4000,4000,06-Jan-25
11873,Thiruvellore,Perambakkam(Uzhavar Sandhai ),Onion,Bellary,Local,4000,4000,4000,19-Jan-25
11874,Thiruvellore,Perambakkam(Uzhavar Sandhai ),Onion,Bellary,Local,4000,4000,4000,29-Jan-25
11875,Thiruvellore,Perambakkam(Uzhavar Sandhai ),Onion,Bellary,Local,5000,5000,5000,16-Jan-25
11876,Perambalur,Perambalur(Uzhavar Sandhai ),Onion,Bellary,Local,4000,5000,5000,28-Jan-25
11877,Perambalur,Perambalur(Uzhavar Sandhai ),Onion,Bellary,Local,5000,5000,5000,13-Jan-25
11878,Perambalur,Perambalur(Uzhavar Sandhai ),Onion,Bellary,Local,5000,5400,5400,08-Jan-25
11879,Kozhikode(Calicut),Perambra,Onion,Other,FAQ,3400,3800,3600,13-Jan-25
11880,Malappuram,Perinthalmanna,Onion,Onion,FAQ,3000,3800,3200,13-Jan-25
11881,Malappuram,Perinthalmanna,Onion,Onion,FAQ,3000,4000,3500,25-Jan-25
11882,Malappuram,Perinthalmanna,Onion,Onion,FAQ,3400,3800,3600,18-Jan-25
11883,Malappuram,Perinthalmanna,Onion,Onion,FAQ,3500,4000,3600,24-Jan-25
11884,Theni,Periyakulam(Uzhavar Sandhai ),Onion,Bellary,Local,4200,4400,4400,22-Jan-25
11885,Theni,Periyakulam(Uzhavar Sandhai ),Onion,Bellary,Local,4200,4500,4500,27-Jan-25
11886,Ernakulam,Perumbavoor,Onion,Onion,FAQ,3000,4000,3500,08-Jan-25
11887,Erode,Perundurai(Uzhavar Sandhai ),Onion,Bellary,Local,4000,4400,4400,23-Jan-25
11888,kapurthala,Phagwara,Onion,Other,FAQ,2555,3271,2575,07-Jan-25
11889,Jalandhar,Phillaur(Apra Mandi),Onion,Other,FAQ,2500,2500,2500,02-Jan-25
11890,Jalandhar,Phillaur(Apra Mandi),Onion,Other,FAQ,2500,2500,2500,08-Jan-25
11891,Jalandhar,Phillaur(Apra Mandi),Onion,Other,FAQ,2500,2500,2500,13-Jan-25
11892,Jalandhar,Phillaur(Apra Mandi),Onion,Other,FAQ,2500,2500,2500,14-Jan-25
11893,Jalandhar,Phillaur(Apra Mandi),Onion,Other,FAQ,2500,2500,2500,17-Jan-25
11894,Pillibhit,Pilibhit,Onion,Red,FAQ,2200,2280,2245,11-Jan-25
11895,Pillibhit,Pilibhit,Onion,Red,FAQ,2260,2345,2305,19-Jan-25
11896,Nashik,Pimpalgaon,Onion,Pole,FAQ,550,2837,2250,23-Jan-25
11897,Nashik,Pimpalgaon,Onion,Pole,FAQ,600,2599,2150,10-Jan-25
11898,Nashik,Pimpalgaon,Onion,Pole,FAQ,700,2790,2100,17-Jan-25
11899,Nashik,Pimpalgaon,Onion,Pole,FAQ,951,3005,2300,01-Jan-25
11900,Nashik,Pimpalgaon Baswant(Saykheda),Onion,Red,FAQ,800,2415,2100,08-Jan-25
11901,Nashik,Pimpalgaon Baswant(Saykheda),Onion,Red,FAQ,800,2551,2150,01-Jan-25
11902,Nashik,Pimpalgaon Baswant(Saykheda),Onion,Red,FAQ,971,2500,2050,02-Jan-25
11903,Nashik,Pimpalgaon Baswant(Saykheda),Onion,Red,FAQ,1000,2811,2150,21-Jan-25
11904,Hoshangabad,Pipariya(F&V),Onion,Onion,FAQ,1200,2700,1900,18-Jan-25
11905,Hoshangabad,Pipariya(F&V),Onion,Onion,FAQ,1300,2800,2000,22-Jan-25
11906,Hoshangabad,Pipariya(F&V),Onion,Onion,FAQ,1300,3000,2300,05-Jan-25
11907,Ernakulam,Piravam,Onion,Big,FAQ,3000,5000,4000,29-Jan-25
11908,Ernakulam,Piravam,Onion,Big,FAQ,3500,5000,4000,25-Jan-25
11909,Bhojpur,Piro,Onion,Medium,FAQ,3000,3040,3020,08-Jan-25
11910,Bhojpur,Piro,Onion,Medium,FAQ,3000,3050,3020,11-Jan-25
11911,Bhojpur,Piro,Onion,Medium,FAQ,5000,5050,5020,02-Jan-25
11912,Tarntaran,Tarantaran,Onion,Other,FAQ,2000,2200,2100,25-Jan-25
11913,Tarntaran,Tarantaran,Onion,Other,FAQ,2000,2500,2200,18-Jan-25
11914,Tenkasi,Tenkasi(Uzhavar Sandhai ),Onion,Bellary,Local,4000,4000,4000,06-Jan-25
11915,Tenkasi,Tenkasi(Uzhavar Sandhai ),Onion,Bellary,Local,4000,4500,4500,18-Jan-25
11916,Kannur,Thalasserry,Onion,1st Sort,FAQ,3000,3300,3200,12-Jan-25
11917,Erode,Thalavadi(Uzhavar Sandhai ),Onion,Bellary,Local,3500,4000,4000,11-Jan-25
11918,Erode,Thalavadi(Uzhavar Sandhai ),Onion,Bellary,Local,4000,4500,4500,17-Jan-25
11919,Virudhunagar,Thalavaipuram(Uzhavar Sandhai ),Onion,Bellary,Local,4000,5000,5000,25-Jan-25
11920,Kottayam,Thalayolaparambu,Onion,Big,FAQ,4000,4300,4100,25-Jan-25
11921,Kottayam,Thalayolaparambu,Onion,Big,FAQ,4000,4400,4200,06-Jan-25
11922,Kottayam,Thalayolaparambu,Onion,Onion,FAQ,7200,7500,7300,25-Jan-25
11923,Kottayam,Thalayolaparambu,Onion,Onion,FAQ,8200,8500,8300,13-Jan-25
11924,Kozhikode(Calicut),Thamarassery,Onion,Other,FAQ,3400,3800,3600,27-Jan-25
11925,Salem,Thammampatti (Uzhavar Sandhai ),Onion,Bellary,Local,4500,5000,5000,18-Jan-25
11926,Salem,Thammampatti (Uzhavar Sandhai ),Onion,Bellary,Local,5500,6000,6000,02-Jan-25
11927,Shamli,Thanabhavan,Onion,Red,FAQ,2000,2500,2300,28-Jan-25
11928,Kurukshetra,Thanesar,Onion,Onion,FAQ,1500,2800,2000,21-Jan-25
11929,Kurukshetra,Thanesar,Onion,Onion,FAQ,1500,2800,2200,29-Jan-25
11930,Kurukshetra,Thanesar,Onion,Onion,FAQ,1500,3000,2000,06-Jan-25
11931,Kurukshetra,Thanesar,Onion,Onion,FAQ,1500,3000,2000,08-Jan-25
11932,Kurukshetra,Thanesar,Onion,Onion,FAQ,2000,3000,2500,31-Jan-25
11933,Thanjavur,Thanjavur(Uzhavar Sandhai ),Onion,Bellary,Local,4600,4600,4600,09-Jan-25
11934,Thanjavur,Thanjavur(Uzhavar Sandhai ),Onion,Bellary,Local,4600,4600,4600,31-Jan-25
11935,Salem,Thathakapatti(Uzhavar Sandhai ),Onion,Bellary,Local,4500,5000,5000,18-Jan-25
11936,Salem,Thathakapatti(Uzhavar Sandhai ),Onion,Bellary,Local,5000,6000,6000,02-Jan-25
11937,Theni,Theni(Uzhavar Sandhai ),Onion,Bellary,Local,4000,4800,4800,06-Jan-25
11938,Chengalpattu,Thirukalukundram(Uzhavar Sandhai ),Onion,Bellary,Local,5000,5000,5000,30-Jan-25
11939,Madurai,Thirumangalam(Uzhavar Sandhai ),Onion,Bellary,Local,4500,5000,5000,01-Feb-25
11940,Madurai,Thirumangalam(Uzhavar Sandhai ),Onion,Bellary,Local,4800,5000,5000,10-Jan-25
11941,Vellore,Thirupathur,Onion,Bellary,Local,4500,4500,4500,05-Jan-25
11942,Vellore,Thirupathur,Onion,Bellary,Local,4500,4500,4500,09-Jan-25
11943,Thoubal,Thoubal,Onion,Other,FAQ,6500,7000,6750,03-Jan-25
11944,Thirssur,Thrissur,Onion,Onion,FAQ,5700,5700,5700,07-Jan-25
11945,Thirssur,Thrissur,Onion,Onion,FAQ,5700,5700,5700,09-Jan-25
11946,Thirssur,Thrissur,Onion,Onion,FAQ,6000,6000,6000,15-Jan-25
11947,Thiruchirappalli,Thuraiyur,Onion,Bellary,Local,4000,5000,5000,14-Jan-25
11948,Shahjahanpur,Tilhar,Onion,Red,FAQ,2190,2290,2240,24-Jan-25
11949,Harda,Timarni(F&V),Onion,Local,FAQ,1400,1400,1400,15-Jan-25
11950,Harda,Timarni(F&V),Onion,Local,FAQ,2000,2000,2000,24-Jan-25
11951,Harda,Timarni(F&V),Onion,Local,Non-FAQ,2000,2000,2000,27-Jan-25
11952,Villupuram,Tindivanam,Onion,Bellary,Local,4000,4800,4800,25-Jan-25
11953,Villupuram,Tindivanam,Onion,Bellary,Local,4000,5000,5000,11-Jan-25
11954,Namakkal,Tiruchengode,Onion,Bellary,Local,4000,5000,5000,23-Jan-25
11955,Namakkal,Tiruchengode,Onion,Bellary,Local,4000,5000,5000,25-Jan-25
11956,Namakkal,Tiruchengode,Onion,Bellary,Local,4500,5000,5000,24-Jan-25
11957,Sivaganga,Tirupatthur(Uzhavar Sandhai ),Onion,Bellary,Local,5200,5500,5500,12-Jan-25
11958,Sivaganga,Tirupatthur(Uzhavar Sandhai ),Onion,Bellary,Local,5200,5500,5500,13-Jan-25
11959,Thirupur,Tiruppur (North) (Uzhavar Sandhai ),Onion,Bellary,Local,3400,3800,3800,20-Jan-25
11960,Thirupur,Tiruppur (North) (Uzhavar Sandhai ),Onion,Bellary,Local,3500,3800,3800,17-Jan-25
11961,Kozhikode(Calicut),Palayam,Onion,Other,FAQ,3500,3600,3500,02-Jan-25
11962,Thirunelveli,Palayamkottai(Uzhavar Sandhai ),Onion,Bellary,Local,2800,3600,3600,15-Jan-25
11963,Thirunelveli,Palayamkottai(Uzhavar Sandhai ),Onion,Bellary,Local,3000,4400,4400,11-Jan-25
11964,Thirunelveli,Palayamkottai(Uzhavar Sandhai ),Onion,Bellary,Local,3200,4000,4000,18-Jan-25
11965,Thirunelveli,Palayamkottai(Uzhavar Sandhai ),Onion,Bellary,Local,3400,4500,4500,24-Jan-25
11966,Thirunelveli,Palayamkottai(Uzhavar Sandhai ),Onion,Bellary,Local,3500,4400,4400,04-Jan-25
11967,Thirunelveli,Palayamkottai(Uzhavar Sandhai ),Onion,Bellary,Local,3800,4600,4600,20-Jan-25
11968,Thirupur,Palladam(Uzhavar Sandhai ),Onion,Bellary,Local,3500,4000,4000,04-Jan-25
11969,Thirupur,Palladam(Uzhavar Sandhai ),Onion,Bellary,Local,3500,4000,4000,05-Jan-25
11970,Thirupur,Palladam(Uzhavar Sandhai ),Onion,Bellary,Local,4000,4500,4500,24-Jan-25
11971,Chengalpattu,Pallavaram(Uzhavar Sandhai ),Onion,Bellary,Local,3000,5000,5000,01-Feb-25
11972,Chengalpattu,Pallavaram(Uzhavar Sandhai ),Onion,Bellary,Local,3000,5000,5000,09-Jan-25
11973,Chengalpattu,Pallavaram(Uzhavar Sandhai ),Onion,Bellary,Local,3000,5000,5000,12-Jan-25
11974,Kottayam,Pampady,Onion,Big,FAQ,3000,4509,4000,21-Jan-25
11975,Balrampur,Panchpedwa,Onion,Red,FAQ,1600,2000,1800,01-Jan-25
11976,Hooghly,Pandua,Onion,Nasik,FAQ,2700,2800,2750,14-Jan-25
11977,North Tripura,Panisagar,Onion,Nasik,FAQ,3300,3500,3400,29-Jan-25
11978,North Tripura,Panisagar,Onion,Nasik,FAQ,3700,3800,3750,02-Jan-25
11979,Cuddalore,Panruti(Uzhavar Sandhai ),Onion,Bellary,Local,3500,5000,5000,10-Jan-25
11980,Sirmore,Paonta Sahib,Onion,Other,FAQ,2400,2600,2500,28-Jan-25
11981,Thanjavur,Papanasam(Uzhavar Sandhai ),Onion,Bellary,Local,3600,4800,4800,26-Jan-25
11982,Thanjavur,Papanasam(Uzhavar Sandhai ),Onion,Bellary,Local,4000,5000,5000,20-Jan-25
11983,Ramanathapuram,Paramakudi(Uzhavar Sandhai ),Onion,Bellary,Local,5000,5500,5500,23-Jan-25
11984,Ramanathapuram,Paramakudi(Uzhavar Sandhai ),Onion,Bellary,Local,5500,5800,5800,26-Jan-25
11985,Dharashiv(Usmanabad),Paranda,Onion,Red,FAQ,800,2300,1800,11-Jan-25
11986,Malappuram,Parappanangadi,Onion,Other,FAQ,3600,3700,3700,01-Jan-25
11987,Malappuram,Parappanangadi,Onion,Other,FAQ,3800,3800,3800,04-Jan-25
11988,Malappuram,Parappanangadi,Onion,Other,FAQ,3800,3900,3900,07-Jan-25
11989,Malappuram,Parappanangadi,Onion,Other,FAQ,4000,4100,4100,21-Jan-25
11990,Malappuram,Parappanangadi,Onion,Small,FAQ,6000,6100,6100,04-Jan-25
11991,Malappuram,Parappanangadi,Onion,Small,FAQ,8000,8100,8100,09-Jan-25
11992,Ahmednagar,Parner,Onion,Red,FAQ,500,3100,1800,26-Jan-25
11993,Maharajganj,Partaval,Onion,Red,FAQ,2160,2315,2235,24-Jan-25
11994,Maharajganj,Partaval,Onion,Red,FAQ,2215,2365,2290,01-Jan-25
11995,Thiruvellore,Paruthipattu(Uzhavar Sandhai ),Onion,Bellary,Local,4000,4000,4000,01-Jan-25
11996,Thiruvellore,Paruthipattu(Uzhavar Sandhai ),Onion,Bellary,Local,4000,4000,4000,07-Jan-25
11997,Thiruvellore,Paruthipattu(Uzhavar Sandhai ),Onion,Bellary,Local,5000,5000,5000,17-Jan-25
11998,Patiala,Patiala,Onion,Onion,FAQ,1600,2000,1800,27-Jan-25
11999,Patiala,Patiala,Onion,Onion,FAQ,2000,3000,2500,08-Jan-25
12000,Patiala,Patran,Onion,Other,FAQ,800,2400,1670,21-Jan-25
12001,Patiala,Patran,Onion,Other,FAQ,1000,2400,1740,13-Jan-25
12002,Palakad,Pattambi,Onion,Big,FAQ,3600,4000,3800,30-Jan-25
12003,Palakad,Pattambi,Onion,Big,FAQ,3800,4000,3900,04-Jan-25
12004,Palakad,Pattambi,Onion,Small,FAQ,6500,7000,6800,31-Jan-25
12005,Tarntaran,Patti,Onion,Other,FAQ,1800,2200,2000,26-Jan-25
12006,Tarntaran,Patti,Onion,Other,FAQ,2000,2400,2200,22-Jan-25
12007,Tarntaran,Patti,Onion,Other,FAQ,2200,2600,2400,21-Jan-25
12008,Tarntaran,Patti,Onion,Other,FAQ,2800,3500,3000,04-Jan-25
12009,Kurnool,Pattikonda,Onion,Local,Non-FAQ,4500,5000,4800,24-Jan-25
12010,Alappuzha,Chengannur,Onion,Onion,FAQ,3500,3800,3600,31-Jan-25
12011,Alappuzha,Chengannur,Onion,Onion,FAQ,3800,4100,4000,29-Jan-25
12012,Thiruvannamalai,Cheyyar(Uzhavar Sandhai ),Onion,Bellary,Local,3500,4500,4500,30-Jan-25
12013,Thiruvannamalai,Cheyyar(Uzhavar Sandhai ),Onion,Bellary,Local,4500,5500,5500,10-Jan-25
12014,Yamuna Nagar,Chhachrauli,Onion,Onion,FAQ,3000,3500,3000,02-Jan-25
12015,Kannuj,Chhibramau,Onion,Red,FAQ,2300,2400,2360,12-Jan-25
12016,Kannuj,Chhibramau,Onion,Red,FAQ,2350,2450,2400,05-Jan-25
12017,Kolar,Chickkaballapura,Onion,Beelary-Red,FAQ,3000,3500,3200,19-Jan-25
12018,Kolar,Chickkaballapura,Onion,Beelary-Red,Ref grade-1,2800,3200,3000,01-Feb-25
12019,Cuddalore,Chidambaram(Uzhavar Sandhai ),Onion,Bellary,Local,3000,4000,4000,16-Jan-25
12020,Cuddalore,Chidambaram(Uzhavar Sandhai ),Onion,Bellary,Local,4000,5000,5000,01-Feb-25
12021,Cuddalore,Chidambaram(Uzhavar Sandhai ),Onion,Bellary,Local,4000,5000,5000,15-Jan-25
12022,Cuddalore,Chidambaram(Uzhavar Sandhai ),Onion,Bellary,Local,4000,5000,5000,22-Jan-25
12023,Cuddalore,Chidambaram(Uzhavar Sandhai ),Onion,Bellary,Local,4000,6000,6000,10-Jan-25
12024,Cuddalore,Chidambaram(Uzhavar Sandhai ),Onion,Bellary,Local,4500,5000,5000,13-Jan-25
12025,Chikmagalur,Chikkamagalore,Onion,Other,FAQ,3092,3292,3192,22-Jan-25
12026,Chikmagalur,Chikkamagalore,Onion,Other,FAQ,3174,3174,3174,28-Jan-25
12027,Chikmagalur,Chikkamagalore,Onion,Other,FAQ,3776,3976,3876,06-Jan-25
12028,Jhansi,Chirgaon,Onion,Red,FAQ,1950,2150,2050,13-Jan-25
12029,Ballia,Chitwadagaon,Onion,Red,Non-FAQ,2055,2140,2100,28-Jan-25
12030,Ballia,Chitwadagaon,Onion,Red,Non-FAQ,2200,2290,2240,24-Jan-25
12031,Ballia,Chitwadagaon,Onion,Red,Non-FAQ,2200,2290,2250,23-Jan-25
12032,Ballia,Chitwadagaon,Onion,Red,Non-FAQ,2280,2370,2330,20-Jan-25
12033,Madurai,Chokkikulam(Uzhavar Sandhai ),Onion,Bellary,Local,4800,5000,5000,01-Jan-25
12034,Jaipur Rural,Chomu (F&V),Onion,Other,Non-FAQ,1600,2400,2000,19-Jan-25
12035,Kanpur,Choubepur,Onion,Red,FAQ,2135,2335,2235,27-Jan-25
12036,Kanpur,Choubepur,Onion,Red,FAQ,2300,2500,2400,08-Jan-25
12037,Mayurbhanja,Chuliaposi,Onion,1st Sort,FAQ,3500,3700,3500,19-Jan-25
12038,Mayurbhanja,Chuliaposi,Onion,1st Sort,FAQ,3700,3800,3700,03-Jan-25
12039,Churu,Churu,Onion,1st Sort,FAQ,1600,1800,1700,15-Jan-25
12040,Churu,Churu,Onion,1st Sort,FAQ,1600,2000,1800,09-Jan-25
12041,Churu,Churu,Onion,1st Sort,FAQ,1800,2000,1900,04-Jan-25
12042,Churu,Churu,Onion,1st Sort,Non-FAQ,1500,1700,1600,24-Jan-25
12043,Saharanpur,Chutmalpur,Onion,Red,FAQ,1300,1500,1400,11-Jan-25
12044,Coochbehar,Coochbehar,Onion,Other,FAQ,2800,3000,2900,29-Jan-25
12045,Cuddalore,Cuddalore(Uzhavar Sandhai ),Onion,Bellary,Local,3500,5000,5000,29-Jan-25
12046,Cuddalore,Cuddalore(Uzhavar Sandhai ),Onion,Bellary,Local,4000,5000,5000,28-Jan-25
12047,Gautam Budh Nagar,Dadri,Onion,Red,FAQ,2200,2650,2400,11-Jan-25
12048,Gautam Budh Nagar,Dadri,Onion,Red,FAQ,2300,2800,2500,07-Jan-25
12049,Gautam Budh Nagar,Dadri,Onion,Red,FAQ,2400,2850,2600,04-Jan-25
12050,Dahod,Dahod(Veg. Market),Onion,Onion,FAQ,1500,2500,2000,19-Jan-25
12051,Patna,Danapur,Onion,Medium,FAQ,2600,3000,2800,04-Jan-25
12052,Patna,Danapur,Onion,Medium,FAQ,3000,3400,3200,22-Jan-25
12053,Gautam Budh Nagar,Dankaur,Onion,Red,FAQ,1900,2135,2080,01-Feb-25
12054,Gautam Budh Nagar,Dankaur,Onion,Red,FAQ,2400,2655,2500,06-Jan-25
12055,Hoshiarpur,Dasuya,Onion,Other,FAQ,2200,2600,2400,08-Jan-25
12056,Hoshiarpur,Dasuya,Onion,Other,FAQ,2400,2800,2600,15-Jan-25
12057,Davangere,Davangere,Onion,Onion,FAQ,1000,5000,3100,13-Jan-25
12058,Dehradoon,Dehradoon,Onion,Hybrid,FAQ,1800,2500,2000,31-Jan-25
12059,Dehradoon,Dehradoon,Onion,Nasik,FAQ,1800,2500,2200,16-Jan-25
12060,Thiruvannamalai,Tiruvannamalai(Uzhavar Sandhai ),Onion,Bellary,Local,4000,5000,5000,04-Jan-25
12061,Thiruvannamalai,Tiruvannamalai(Uzhavar Sandhai ),Onion,Bellary,Local,4000,5000,5000,19-Jan-25
12062,Thiruvarur,Tiruvarur(Uzhavar Sandhai ),Onion,Bellary,Local,4000,6000,6000,13-Jan-25
12063,Balrampur,Tulsipur,Onion,Red,FAQ,2500,2550,2530,16-Jan-25
12064,Tuticorin,Tuticorin(Uzhavar Sandhai ),Onion,Bellary,Local,4500,5000,5000,03-Jan-25
12065,Tuticorin,Tuticorin(Uzhavar Sandhai ),Onion,Bellary,Local,4500,5000,5000,12-Jan-25
12066,Tuticorin,Tuticorin(Uzhavar Sandhai ),Onion,Bellary,Local,4500,5000,5000,29-Jan-25
12067,Udaipur,Udaipur (F&V),Onion,Other,FAQ,1000,2200,1600,21-Jan-25
12068,Udaipur,Udaipur (F&V),Onion,Other,FAQ,1000,2200,1600,24-Jan-25
12069,Udaipur,Udaipur (F&V),Onion,Other,FAQ,1000,3000,2000,02-Jan-25
12070,Mayurbhanja,Udala,Onion,Onion,FAQ,3500,3700,3500,07-Jan-25
12071,The Nilgiris,Udhagamandalam(Uzhavar Sandhai ),Onion,Bellary,Local,4000,4400,4400,18-Jan-25
12072,The Nilgiris,Udhagamandalam(Uzhavar Sandhai ),Onion,Bellary,Local,4000,4500,4500,02-Jan-25
12073,The Nilgiris,Udhagamandalam(Uzhavar Sandhai ),Onion,Bellary,Local,4000,4500,4500,14-Jan-25
12074,The Nilgiris,Udhagamandalam(Uzhavar Sandhai ),Onion,Bellary,Local,4500,4800,4800,10-Jan-25
12075,Udhampur,Udhampur,Onion,Other,FAQ,2800,3000,2900,31-Jan-25
12076,Coimbatore,Udumalpet,Onion,Bellary,Local,4000,4400,4400,16-Jan-25
12077,Udupi,Udupi,Onion,Onion,FAQ,3000,3600,3400,23-Jan-25
12078,Badaun,Ujhani,Onion,Red,FAQ,2150,2250,2200,02-Jan-25
12079,Badaun,Ujhani,Onion,Red,FAQ,2200,2300,2250,30-Jan-25
12080,Ujjain,Ujjain,Onion,Onion,FAQ,655,2279,2279,08-Jan-25
12081,Ujjain,Ujjain,Onion,Onion,FAQ,949,2200,2200,21-Jan-25
12082,Hissar,Uklana,Onion,Onion,FAQ,1800,2000,2000,28-Jan-25
12083,Hissar,Uklana,Onion,Onion,FAQ,1800,2000,2000,30-Jan-25
12084,Hissar,Uklana,Onion,Onion,FAQ,2400,2500,2500,24-Jan-25
12085,Howrah,Uluberia,Onion,Other,FAQ,3000,3400,3200,01-Feb-25
12086,Howrah,Uluberia,Onion,Other,FAQ,3200,3600,3400,12-Jan-25
12087,Howrah,Uluberia,Onion,Other,FAQ,3200,3800,3400,21-Jan-25
12088,Villupuram,Ulundurpettai,Onion,Bellary,Local,4000,5000,5000,15-Jan-25
12089,Nashik,Umrane,Onion,Red,Local,700,2550,1800,30-Jan-25
12090,Madurai,Usilampatty,Onion,Bellary,Local,4500,5200,5200,19-Jan-25
12091,Palakad,vadakarapathy,Onion,Small,FAQ,2800,3000,2900,08-Jan-25
12092,Palakad,Vadakkenchery,Onion,Big,FAQ,5000,5500,5250,08-Jan-25
12093,Palakad,Vadakkenchery,Onion,Big,FAQ,5000,5500,5250,13-Jan-25
12094,Palakad,Vadakkenchery,Onion,Small,FAQ,8000,8500,8250,06-Jan-25
12095,Nagercoil (Kannyiakumari),Vadaseri,Onion,Bellary,Local,5000,5500,5500,05-Jan-25
12096,Kolhapur,Vadgaonpeth,Onion,Local,FAQ,2000,4000,3300,07-Jan-25
12097,Kolhapur,Vadgaonpeth,Onion,Local,FAQ,2500,3500,3000,02-Jan-25
12098,Kolhapur,Vadgaonpeth,Onion,Local,Local,2000,2800,2300,30-Jan-25
12099,Vadodara(Baroda),Vadodara(Sayajipura),Onion,Other,FAQ,1000,2800,1950,31-Jan-25
12100,Vadodara(Baroda),Vadodara(Sayajipura),Onion,Other,FAQ,1200,2500,1900,18-Jan-25
12101,Vadodara(Baroda),Vadodara(Sayajipura),Onion,Other,FAQ,1300,2500,1950,27-Jan-25
12102,Chattrapati Sambhajinagar,Vaijpur,Onion,Red,FAQ,500,2635,2100,21-Jan-25
12103,Chattrapati Sambhajinagar,Vaijpur,Onion,Red,FAQ,500,2800,2100,06-Jan-25
12104,Thiruvarur,Valangaiman,Onion,Bellary,Local,6000,6000,6000,13-Jan-25
12105,Thiruvarur,Valangaiman,Onion,Bellary,Local,6000,6000,6000,19-Jan-25
12106,Thiruvananthapuram,Vamanapuram,Onion,Other,Non-FAQ,4500,5000,4500,25-Jan-25
12107,Idukki,Vandiperiyar,Onion,Big,FAQ,4400,4500,4500,10-Jan-25
12108,Idukki,Vandiperiyar,Onion,Small,FAQ,6000,6200,6200,02-Jan-25
12109,Varanasi,Varanasi,Onion,Red,FAQ,2125,2265,2170,26-Jan-25
12110,Dehradoon,Dehradoon,Onion,Nasik,Non-FAQ,1750,2500,2200,18-Jan-25
12111,Krishnagiri,Denkanikottai(Uzhavar Sandhai ),Onion,Bellary,Local,3000,4000,4000,01-Feb-25
12112,Krishnagiri,Denkanikottai(Uzhavar Sandhai ),Onion,Bellary,Local,3000,4000,4000,18-Jan-25
12113,Krishnagiri,Denkanikottai(Uzhavar Sandhai ),Onion,Bellary,Local,3500,4000,4000,13-Jan-25
12114,Krishnagiri,Denkanikottai(Uzhavar Sandhai ),Onion,Bellary,Local,4000,4500,4500,02-Jan-25
12115,Sagar,Deori,Onion,Onion,Non-FAQ,1000,1700,1000,28-Jan-25
12116,Mohali,Dera Bassi,Onion,Other,FAQ,2400,2500,2400,19-Jan-25
12117,Theni,Devaram(Uzhavar Sandhai ),Onion,Bellary,Local,4000,4200,4200,12-Jan-25
12118,Theni,Devaram(Uzhavar Sandhai ),Onion,Bellary,Local,4000,4200,4200,30-Jan-25
12119,Dhar,Dhamnod(F&V),Onion,Onion,FAQ,1400,1600,1500,21-Jan-25
12120,Kaithal,Dhand,Onion,Other,FAQ,2500,2800,2750,12-Jan-25
12121,Mandi,Dhanotu (Mandi),Onion,Other,FAQ,1400,3000,2000,24-Jan-25
12122,Mandi,Dhanotu (Mandi),Onion,Other,FAQ,2000,3200,2600,15-Jan-25
12123,Mandi,Dhanotu (Mandi),Onion,Other,FAQ,3000,4000,3500,02-Jan-25
12124,Kangra,Dharamshala,Onion,Other,FAQ,3000,3800,3400,13-Jan-25
12125,Kangra,Dharamshala,Onion,Other,FAQ,3200,3400,3300,24-Jan-25
12126,Kangra,Dharamshala,Onion,Other,FAQ,3200,3400,3300,27-Jan-25
12127,Thirupur,Dharapuram(Uzhavar Sandhai ),Onion,Bellary,Local,4000,4500,4500,25-Jan-25
12128,Thirupur,Dharapuram(Uzhavar Sandhai ),Onion,Bellary,Local,4000,4500,4500,31-Jan-25
12129,Thirupur,Dharapuram(Uzhavar Sandhai ),Onion,Bellary,Local,4500,4800,4800,29-Jan-25
12130,Dharashiv(Usmanabad),Dharashiv,Onion,Red,Local,1300,3100,1700,29-Jan-25
12131,Dharashiv(Usmanabad),Dharashiv,Onion,Red,Local,1625,3500,2560,01-Feb-25
12132,Gurdaspur,Dhariwal,Onion,Other,FAQ,1800,2100,2000,30-Jan-25
12133,Rajkot,Dhoraji,Onion,Nasik,Non-FAQ,555,2380,1980,21-Jan-25
12134,Jalpaiguri,Dhupguri,Onion,Nasik,FAQ,2800,3000,2900,21-Jan-25
12135,Jalpaiguri,Dhupguri,Onion,Nasik,FAQ,3000,3200,3100,10-Jan-25
12136,Sangrur,Dhuri,Onion,Onion,FAQ,2000,2550,2350,23-Jan-25
12137,Sangrur,Dhuri,Onion,Other,FAQ,2100,2700,2400,14-Jan-25
12138,Sounth 24 Parganas,Diamond Harbour(South 24-pgs),Onion,Red,FAQ,2900,3000,2950,17-Jan-25
12139,Sounth 24 Parganas,Diamond Harbour(South 24-pgs),Onion,Red,FAQ,2900,3000,2950,24-Jan-25
12140,Sounth 24 Parganas,Diamond Harbour(South 24-pgs),Onion,Red,FAQ,2900,3000,2950,27-Jan-25
12141,Auraiya,Dibiapur,Onion,Red,FAQ,1400,1600,1500,04-Jan-25
12142,Gurdaspur,Dinanagar,Onion,Other,FAQ,2000,2200,2200,01-Feb-25
12143,Gurdaspur,Dinanagar,Onion,Other,FAQ,2000,2500,2500,13-Jan-25
12144,Gurdaspur,Dinanagar,Onion,Other,FAQ,2500,3000,2500,22-Jan-25
12145,Gurdaspur,Dinanagar,Onion,Other,FAQ,2500,3000,3000,04-Jan-25
12146,Nashik,Dindori(Vani),Onion,Red,FAQ,1400,2700,2101,13-Jan-25
12147,Mau(Maunathbhanjan),Doharighat,Onion,Red,FAQ,3500,3600,3550,04-Jan-25
12148,Mau(Maunathbhanjan),Doharighat,Onion,Red,Non-FAQ,3400,3500,3460,29-Jan-25
12149,Patiala,Dudhansadhan,Onion,Other,FAQ,2600,2800,2700,01-Feb-25
12150,Patiala,Dudhansadhan,Onion,Other,FAQ,2700,3000,2800,18-Jan-25
12151,Patiala,Dudhansadhan,Onion,Other,FAQ,3200,3500,3300,09-Jan-25
12152,Patiala,Dudhansadhan,Onion,Other,FAQ,3300,3500,3400,07-Jan-25
12153,Dungarpur,Dungarpur,Onion,1st Sort,FAQ,2075,2125,2100,14-Jan-25
12154,Durg,Durg,Onion,Onion,Local,2000,2500,2500,02-Jan-25
12155,Paschim Bardhaman,Durgapur,Onion,Other,FAQ,2600,2850,2750,06-Jan-25
12156,Paschim Bardhaman,Durgapur,Onion,Other,FAQ,2750,3000,2800,24-Jan-25
12157,Salem,Edapadi (Uzhavar Sandhai ),Onion,Bellary,Local,4000,5000,5000,19-Jan-25
12158,Salem,Edapadi (Uzhavar Sandhai ),Onion,Bellary,Local,4000,5500,5500,23-Jan-25
12159,Salem,Edapadi (Uzhavar Sandhai ),Onion,Bellary,Local,5000,6000,6000,10-Jan-25
12160,Coimbatore,Pollachi(Uzhavar Sandhai ),Onion,Bellary,Local,4000,4400,4400,31-Jan-25
12161,Thiruvannamalai,Polur(Uzhavar Sandhai ),Onion,Bellary,Local,3300,4000,4000,09-Jan-25
12162,Porbandar,Porbandar,Onion,Other,FAQ,1500,2000,1750,01-Feb-25
12163,Morena,Porsa,Onion,Local,FAQ,800,800,800,15-Jan-25
12164,Thiruvananthapuram,Pothencode,Onion,Other,FAQ,51000,51080,51040,13-Jan-25
12165,Pratapgarh,Pratapgarh,Onion,Other,FAQ,800,2031,1415,15-Jan-25
12166,Pratapgarh,Pratapgarh,Onion,Red,FAQ,1800,1950,1850,23-Jan-25
12167,Pratapgarh,Pratapgarh,Onion,Red,FAQ,1800,2000,1890,27-Jan-25
12168,Pratapgarh,Pratapgarh,Onion,Red,FAQ,1800,2100,1900,28-Jan-25
12169,Pudukkottai,Pudukottai(Uzhavar Sandhai ),Onion,Bellary,Local,4000,5000,5000,13-Jan-25
12170,Pudukkottai,Pudukottai(Uzhavar Sandhai ),Onion,Bellary,Local,5000,6000,6000,20-Jan-25
12171,Pudukkottai,Pudukottai(Uzhavar Sandhai ),Onion,Bellary,Local,5000,6500,6500,21-Jan-25
12172,Kanpur Dehat,Pukharayan,Onion,Red,FAQ,2300,2340,2330,22-Jan-25
12173,Kanpur Dehat,Pukharayan,Onion,Red,FAQ,2310,2335,2325,25-Jan-25
12174,Kollam,Punalur,Onion,Onion,FAQ,4500,5000,4800,01-Jan-25
12175,Kaithal,Pundri,Onion,Other,FAQ,1700,1800,1750,01-Jan-25
12176,Pune,Pune,Onion,Local,FAQ,1400,2500,2050,12-Jan-25
12177,Pune,Pune,Onion,Local,FAQ,1500,3300,2400,05-Jan-25
12178,Pune,Pune,Onion,Local,Local,1400,3000,2200,27-Jan-25
12179,Pune,Pune(Khadiki),Onion,Local,FAQ,1300,2700,2000,13-Jan-25
12180,Pune,Pune(Khadiki),Onion,Local,FAQ,1400,2600,2000,10-Jan-25
12181,Pune,Pune(Khadiki),Onion,Local,Local,1300,2200,1750,25-Jan-25
12182,Pune,Pune(Manjri),Onion,Local,FAQ,1700,2600,2200,14-Jan-25
12183,Pune,Pune(Manjri),Onion,Local,FAQ,2200,3100,2600,12-Jan-25
12184,Pune,Pune(Manjri),Onion,Local,FAQ,2800,3100,3000,06-Jan-25
12185,Pune,Pune(Manjri),Onion,Local,FAQ,3100,3500,3200,02-Jan-25
12186,Pune,Pune(Moshi),Onion,Local,FAQ,500,2500,1500,10-Jan-25
12187,Pune,Pune(Moshi),Onion,Local,Local,1500,2000,1750,27-Jan-25
12188,Pune,Pune(Pimpri),Onion,Local,FAQ,1000,2500,1750,15-Jan-25
12189,Pune,Pune(Pimpri),Onion,Local,FAQ,1300,3300,2300,06-Jan-25
12190,Pune,Pune(Pimpri),Onion,Local,Local,1000,2500,1750,26-Jan-25
12191,Mewat,Punhana,Onion,Other,FAQ,2000,2000,2000,03-Jan-25
12192,Mewat,Punhana,Onion,Other,FAQ,2000,2000,2000,16-Jan-25
12193,Mewat,Punhana,Onion,Other,FAQ,2000,2000,2000,17-Jan-25
12194,Pillibhit,Puranpur,Onion,Red,FAQ,2210,2290,2248,07-Jan-25
12195,Unnao,Purwa,Onion,Red,FAQ,2275,2400,2325,27-Jan-25
12196,Unnao,Purwa,Onion,Red,FAQ,2525,2625,2575,08-Jan-25
12197,Unnao,Purwa,Onion,Red,FAQ,2725,2825,2775,04-Jan-25
12198,Shahjahanpur,Puwaha,Onion,Red,FAQ,2140,2340,2240,28-Jan-25
12199,Shahjahanpur,Puwaha,Onion,Red,FAQ,2150,2350,2250,01-Jan-25
12200,Shahjahanpur,Puwaha,Onion,Red,FAQ,2175,2375,2275,20-Jan-25
12201,Yamuna Nagar,Radaur,Onion,Other,FAQ,1800,2400,2300,01-Feb-25
12202,Yamuna Nagar,Radaur,Onion,Other,FAQ,2000,2300,2200,29-Jan-25
12203,Yamuna Nagar,Radaur,Onion,Other,FAQ,2800,3000,2900,22-Jan-25
12204,Ahmednagar,Rahata,Onion,Red,FAQ,400,3500,2350,05-Jan-25
12205,Ahmednagar,Rahuri(Vambori),Onion,Other,FAQ,200,2800,1900,16-Jan-25
12206,Ahmednagar,Rahuri(Vambori),Onion,Other,FAQ,200,2900,1900,09-Jan-25
12207,Ahmednagar,Rahuri(Vambori),Onion,Other,FAQ,200,3000,2100,20-Jan-25
12208,Raigarh,Raigarh,Onion,Local,FAQ,2000,2400,2200,24-Jan-25
12209,Raigarh,Raigarh,Onion,Local,FAQ,2200,2600,2400,27-Jan-25
12210,Panchkula,Raipur Rai,Onion,Other,FAQ,2000,2200,2000,10-Jan-25
12211,Virudhunagar,Rajapalayam(Uzhavar Sandhai ),Onion,Bellary,Local,4000,5000,5000,11-Jan-25
12212,Kolhapur,Kolhapur,Onion,Other,FAQ,800,3400,1800,24-Jan-25
12213,Palakad,Kollengode,Onion,Small,FAQ,6000,6400,6200,04-Jan-25
12214,Palakad,Kollengode,Onion,Small,FAQ,7000,7400,7200,14-Jan-25
12215,Palakad,Kollengode,Onion,Small,FAQ,7000,7400,7200,16-Jan-25
12216,Malappuram,Kondotty,Onion,Other,FAQ,3400,3600,3500,14-Jan-25
12217,Malappuram,Kondotty,Onion,Other,FAQ,3400,3600,3500,16-Jan-25
12218,Malappuram,Kondotty,Onion,Other,FAQ,3900,4100,4000,03-Jan-25
12219,Malappuram,Kondotty,Onion,Other,FAQ,4400,4600,4500,09-Jan-25
12220,Mau(Maunathbhanjan),Kopaganj,Onion,Red,FAQ,2440,2560,2500,10-Jan-25
12221,Ahmednagar,Kopargaon,Onion,Red,FAQ,700,2165,1825,16-Jan-25
12222,Ahmednagar,Kopargaon,Onion,Red,FAQ,700,2777,2275,03-Jan-25
12223,Ahmednagar,Kopargaon,Onion,Red,Local,1000,2462,2125,29-Jan-25
12224,Garhwal (Pauri),Kotadwara,Onion,Other,FAQ,1800,2200,2000,14-Jan-25
12225,Garhwal (Pauri),Kotadwara,Onion,Other,FAQ,2000,2500,2200,08-Jan-25
12226,Garhwal (Pauri),Kotadwara,Onion,Other,FAQ,2000,2500,2200,13-Jan-25
12227,Ernakulam,Kothamangalam,Onion,Big,FAQ,3000,4000,3500,23-Jan-25
12228,Ernakulam,Kothamangalam,Onion,Big,FAQ,3000,4000,3500,29-Jan-25
12229,Kotputli- Behror,Kotputli,Onion,Onion,FAQ,1650,1850,1750,02-Jan-25
12230,Malappuram,Kottakkal,Onion,Other,FAQ,3000,3200,3100,15-Jan-25
12231,Malappuram,Kottakkal,Onion,Other,FAQ,4000,4200,4100,21-Jan-25
12232,Kottayam,Kottayam,Onion,Big,FAQ,4600,5000,4800,29-Jan-25
12233,Kottayam,Kottayam,Onion,Onion,FAQ,10500,10900,10700,27-Jan-25
12234,Krishnagiri,Krishnagiri(Uzhavar Sandhai ),Onion,Bellary,Local,4000,4500,4500,06-Jan-25
12235,Krishnagiri,Krishnagiri(Uzhavar Sandhai ),Onion,Bellary,Local,4000,4500,4500,25-Jan-25
12236,Karur,Kulithalai(Uzhavar Sandhai ),Onion,Bellary,Local,4000,5000,5000,02-Jan-25
12237,Namakkal,Kumarapalayam(Uzhavar Sandhai ),Onion,Bellary,Local,4000,5000,5000,19-Jan-25
12238,Thanjavur,Kumbakonam (Uzhavar Sandhai ),Onion,Bellary,Local,3600,4800,4800,02-Jan-25
12239,Kancheepuram,Kundrathur(Uzhavar Sandhai ),Onion,Bellary,Local,3000,4000,4000,03-Jan-25
12240,Kancheepuram,Kundrathur(Uzhavar Sandhai ),Onion,Bellary,Local,3500,5000,5000,10-Jan-25
12241,Kancheepuram,Kundrathur(Uzhavar Sandhai ),Onion,Bellary,Local,4000,5000,5000,23-Jan-25
12242,Mohali,Kurali,Onion,Other,FAQ,2400,2600,2500,22-Jan-25
12243,Mohali,Kurali,Onion,Other,FAQ,2600,2800,2700,09-Jan-25
12244,Mohali,Kurali,Onion,Other,FAQ,2700,2900,2800,13-Jan-25
12245,Sholapur,Kurdwadi(Modnimb),Onion,Red,FAQ,151,2851,1700,09-Jan-25
12246,Sholapur,Kurdwadi(Modnimb),Onion,Red,FAQ,300,2100,1400,13-Jan-25
12247,Coimbatore,Kurichi(Uzhavar Sandhai ),Onion,Bellary,Local,3200,3600,3600,19-Jan-25
12248,Coimbatore,Kurichi(Uzhavar Sandhai ),Onion,Bellary,Local,3600,4000,4000,03-Jan-25
12249,Coimbatore,Kurichi(Uzhavar Sandhai ),Onion,Bellary,Local,4000,4200,4200,06-Jan-25
12250,Kurnool,Kurnool,Onion,Local,FAQ,721,2368,1587,28-Jan-25
12251,Kurnool,Kurnool,Onion,Local,FAQ,1259,2359,2359,16-Jan-25
12252,Kottayam,Kuruppanthura,Onion,Big,FAQ,4000,5000,4500,15-Jan-25
12253,Kottayam,Kuruppanthura,Onion,Onion,FAQ,8400,9000,8800,07-Jan-25
12254,Kurukshetra,Ladwa,Onion,Onion,FAQ,2000,2000,2000,28-Jan-25
12255,Kurukshetra,Ladwa,Onion,Onion,FAQ,2500,2500,2500,23-Jan-25
12256,Raebarelli,Lalganj,Onion,Red,FAQ,2150,2250,2200,01-Feb-25
12257,Raebarelli,Lalganj,Onion,Red,FAQ,2200,2300,2250,25-Jan-25
12258,Thiruchirappalli,Lalgudi(Uzhavar Sandhai ),Onion,Bellary,Local,4000,5600,5600,01-Feb-25
12259,Thiruchirappalli,Lalgudi(Uzhavar Sandhai ),Onion,Bellary,Local,4600,5000,5000,29-Jan-25
12260,Lalitpur,Lalitpur,Onion,Red,FAQ,1950,2000,1950,06-Jan-25
12261,Lalitpur,Lalitpur,Onion,Red,FAQ,1950,2000,1980,31-Jan-25
12262,Medinipur(E),Egra/contai,Onion,Onion,FAQ,3000,3200,3100,10-Jan-25
12263,Salem,Elampillai(Uzhavar Sandhai ),Onion,Bellary,Local,4000,6000,6000,24-Jan-25
12264,Salem,Elampillai(Uzhavar Sandhai ),Onion,Bellary,Local,4500,5000,5000,01-Jan-25
12265,Etah,Etah,Onion,Red,FAQ,2000,2500,2100,01-Feb-25
12266,Etah,Etah,Onion,Red,FAQ,2000,2500,2170,13-Jan-25
12267,Etah,Etah,Onion,Red,FAQ,2000,2500,2270,26-Jan-25
12268,Etah,Etah,Onion,Red,FAQ,2000,2500,2270,29-Jan-25
12269,Etah,Etah,Onion,Red,FAQ,2000,2500,2320,21-Jan-25
12270,Etah,Etah,Onion,Red,FAQ,2100,2600,2250,15-Jan-25
12271,Etawah,Etawah,Onion,Red,FAQ,2000,2300,2200,18-Jan-25
12272,Etawah,Etawah,Onion,Red,FAQ,2100,2400,2300,09-Jan-25
12273,Kottayam,Ettumanoor,Onion,Big,FAQ,3200,3600,3400,20-Jan-25
12274,Kottayam,Ettumanoor,Onion,Big,FAQ,4200,4500,4300,22-Jan-25
12275,Kottayam,Ettumanoor,Onion,Onion,FAQ,8500,9500,9000,30-Jan-25
12276,Kottayam,Ettumanoor,Onion,Onion,FAQ,9800,10500,10000,06-Jan-25
12277,Gurdaspur,F.G.Churian,Onion,Onion,FAQ,2300,2500,2400,28-Jan-25
12278,Gurdaspur,F.G.Churian,Onion,Onion,FAQ,2700,2900,2800,20-Jan-25
12279,Gurdaspur,F.G.Churian,Onion,Onion,FAQ,2800,3000,2900,16-Jan-25
12280,Ayodhya,Faizabad,Onion,Red,FAQ,2300,2490,2400,06-Jan-25
12281,Alipurduar,Falakata,Onion,Other,FAQ,2900,3000,2950,16-Jan-25
12282,Alipurduar,Falakata,Onion,Other,FAQ,3000,3500,3200,14-Jan-25
12283,Farukhabad,Farukhabad,Onion,Red,FAQ,2150,2375,2250,20-Jan-25
12284,Fatehabad,Fatehabad,Onion,Other,FAQ,2000,4500,3500,25-Jan-25
12285,Fatehabad,Fatehabad,Onion,Other,FAQ,2500,4000,3500,23-Jan-25
12286,Fatehabad,Fatehabad,Onion,Other,FAQ,3500,4000,3500,02-Jan-25
12287,Agra,Fatehabad,Onion,Red,FAQ,1500,2000,1850,09-Jan-25
12288,Fatehpur,Fatehpur,Onion,Red,FAQ,1750,1950,1880,26-Jan-25
12289,Fatehpur,Fatehpur,Onion,Red,FAQ,2000,2210,2120,14-Jan-25
12290,Fatehpur,Fatehpur,Onion,Red,FAQ,2000,2300,2150,05-Jan-25
12291,Agra,Fatehpur Sikri,Onion,Red,FAQ,2200,2400,2310,02-Jan-25
12292,Agra,Fatehpur Sikri,Onion,Red,FAQ,2300,2420,2360,01-Jan-25
12293,Agra,Fatehpur Sikri,Onion,Red,FAQ,2300,2450,2370,14-Jan-25
12294,Fazilka,Fazilka,Onion,Other,FAQ,2000,2500,2200,16-Jan-25
12295,Fazilka,Fazilka,Onion,Other,FAQ,2000,2500,2200,28-Jan-25
12296,Firozabad,Firozabad,Onion,Red,FAQ,2100,2300,2200,10-Jan-25
12297,Ferozpur,Firozepur City,Onion,Other,FAQ,3000,4000,3800,03-Jan-25
12298,Maharajganj,Gadaura,Onion,Red,FAQ,2200,2400,2300,02-Jan-25
12299,Maharajganj,Gadaura,Onion,Red,FAQ,2600,2800,2700,06-Jan-25
12300,Malda,Gajol,Onion,Other,FAQ,2400,3000,2600,03-Jan-25
12301,Sonipat,Ganaur,Onion,Onion,FAQ,2800,3000,2800,03-Jan-25
12302,Sonipat,Ganaur,Onion,Onion,FAQ,2800,3000,2800,06-Jan-25
12303,Saharanpur,Gangoh,Onion,Red,FAQ,2100,2300,2200,15-Jan-25
12304,Medinipur(W),Garbeta(Medinipur),Onion,Onion,FAQ,2400,2800,2600,03-Jan-25
12305,Medinipur(W),Garbeta(Medinipur),Onion,Onion,FAQ,2400,2800,2600,27-Jan-25
12306,Medinipur(W),Garbeta(Medinipur),Onion,Onion,FAQ,2400,2800,2600,31-Jan-25
12307,Hoshiarpur,Garh Shankar(Mahalpur),Onion,Onion,FAQ,2400,3200,2800,06-Jan-25
12308,Mandsaur,Garoth,Onion,Onion,FAQ,250,1565,1000,13-Jan-25
12309,Mandsaur,Garoth,Onion,Onion,FAQ,721,1700,1200,06-Jan-25
12310,Mandsaur,Garoth,Onion,Onion,Non-FAQ,300,1680,1620,27-Jan-25
12311,Ghazipur,Gazipur,Onion,Red,FAQ,2340,2400,2370,18-Jan-25
12312,Kaithar,"Gerabari, Korha Block",Onion,Medium,FAQ,3800,4000,3900,18-Jan-25
12313,Patiala,Ghanaur,Onion,Other,FAQ,2500,3000,2800,23-Jan-25
12314,Medinipur(W),Ghatal,Onion,Onion,FAQ,2600,3000,2700,07-Jan-25
12315,Mumbai,Vashi New Mumbai,Onion,Other,FAQ,800,2800,1800,14-Jan-25
12316,Mumbai,Vashi New Mumbai,Onion,Other,Local,1100,3000,2050,30-Jan-25
12317,Dindigul,Vedasanthur(Uzhavar Sandhai ),Onion,Bellary,Local,4000,5600,5600,12-Jan-25
12318,Dindigul,Vedasanthur(Uzhavar Sandhai ),Onion,Bellary,Local,4400,5000,5000,24-Jan-25
12319,Dindigul,Vedasanthur(Uzhavar Sandhai ),Onion,Bellary,Local,4500,5600,5600,09-Jan-25
12320,Dindigul,Vedasanthur(Uzhavar Sandhai ),Onion,Bellary,Local,5000,5600,5600,11-Jan-25
12321,Karur,Velayuthampalayam(Uzhavar Sandhai ),Onion,Bellary,Local,4000,5000,5000,07-Jan-25
12322,Karur,Velayuthampalayam(Uzhavar Sandhai ),Onion,Bellary,Local,4000,5000,5000,09-Jan-25
12323,Karur,Velayuthampalayam(Uzhavar Sandhai ),Onion,Bellary,Local,4000,5000,5000,31-Jan-25
12324,Vellore,Vellore,Onion,Bellary,Local,4000,4500,4500,01-Jan-25
12325,Vellore,Vellore,Onion,Bellary,Local,4200,4400,4400,13-Jan-25
12326,Dehradoon,Vikasnagar,Onion,Other,FAQ,800,1400,1400,08-Jan-25
12327,Ballia,Vilthararoad,Onion,Other,FAQ,2500,2600,2550,11-Jan-25
12328,Pudukkottai,Viralimalai(Uzhavar Sandhai ),Onion,Bellary,Local,4000,5000,5000,05-Jan-25
12329,Pudukkottai,Viralimalai(Uzhavar Sandhai ),Onion,Bellary,Local,5000,6000,6000,15-Jan-25
12330,Virudhunagar,Virudhunagar(Uzhavar Sandhai ),Onion,Bellary,Local,2500,3000,3000,23-Jan-25
12331,Virudhunagar,Virudhunagar(Uzhavar Sandhai ),Onion,Bellary,Local,5600,5800,5800,08-Jan-25
12332,Junagarh,Visavadar,Onion,Onion,FAQ,680,1930,1305,21-Jan-25
12333,Junagarh,Visavadar,Onion,Onion,FAQ,720,2280,1500,22-Jan-25
12334,Pillibhit,Vishalpur,Onion,Red,FAQ,2180,2218,2200,31-Jan-25
12335,Pillibhit,Vishalpur,Onion,Red,FAQ,2215,2265,2240,06-Jan-25
12336,Pillibhit,Vishalpur,Onion,Red,FAQ,2850,2915,2880,19-Jan-25
12337,Sitapur,Viswan,Onion,Red,FAQ,2320,2360,2340,25-Jan-25
12338,Badaun,Wazirganj,Onion,Red,FAQ,2200,2300,2250,24-Jan-25
12339,Yamuna Nagar,Yamuna Nagar,Onion,Other,FAQ,500,2300,1800,07-Jan-25
12340,Yamuna Nagar,Yamuna Nagar,Onion,Other,FAQ,700,2800,1800,11-Jan-25
12341,Yamuna Nagar,Yamuna Nagar,Onion,Other,FAQ,1000,3000,2000,06-Jan-25
12342,Ferozpur,Zira,Onion,Local,FAQ,2000,2500,2300,16-Jan-25
12343,Thanjavur,Pattukottai(Uzhavar Sandhai ),Onion,Bellary,Local,4000,5000,5000,07-Jan-25
12344,Thanjavur,Pattukottai(Uzhavar Sandhai ),Onion,Bellary,Local,4000,5000,5000,16-Jan-25
12345,Thanjavur,Pattukottai(Uzhavar Sandhai ),Onion,Bellary,Local,4000,6000,6000,26-Jan-25
12346,Dharmapuri,Pennagaram(Uzhavar Sandhai ),Onion,Bellary,Local,4800,5000,5000,01-Feb-25
12347,Dharmapuri,Pennagaram(Uzhavar Sandhai ),Onion,Bellary,Local,5000,5000,5000,19-Jan-25
12348,Dharmapuri,Pennagaram(Uzhavar Sandhai ),Onion,Bellary,Local,5000,5800,5800,08-Jan-25
12349,Thiruvellore,Perambakkam(Uzhavar Sandhai ),Onion,Bellary,Local,5000,5000,5000,01-Feb-25
12350,Thiruvellore,Perambakkam(Uzhavar Sandhai ),Onion,Bellary,Local,5000,5000,5000,09-Jan-25
12351,Thiruvellore,Perambakkam(Uzhavar Sandhai ),Onion,Bellary,Local,5000,5000,5000,12-Jan-25
12352,Perambalur,Perambalur(Uzhavar Sandhai ),Onion,Bellary,Local,4800,4800,4800,30-Jan-25
12353,Perambalur,Perambalur(Uzhavar Sandhai ),Onion,Bellary,Local,4800,5000,5000,19-Jan-25
12354,Kozhikode(Calicut),Perambra,Onion,Other,FAQ,3700,4000,3800,02-Jan-25
12355,Kozhikode(Calicut),Perambra,Onion,Other,FAQ,3800,4000,4000,09-Jan-25
12356,Kozhikode(Calicut),Perambra,Onion,Other,FAQ,4000,4000,4000,04-Jan-25
12357,Malappuram,Perinthalmanna,Onion,Onion,FAQ,3000,3800,3200,27-Jan-25
12358,Theni,Periyakulam(Uzhavar Sandhai ),Onion,Bellary,Local,4000,4500,4500,10-Jan-25
12359,Erode,Perundurai(Uzhavar Sandhai ),Onion,Bellary,Local,4000,4500,4500,20-Jan-25
12360,Erode,Perundurai(Uzhavar Sandhai ),Onion,Bellary,Local,4200,4500,4500,29-Jan-25
12361,Erode,Perundurai(Uzhavar Sandhai ),Onion,Bellary,Local,4500,5000,5000,10-Jan-25
12362,Erode,Perundurai(Uzhavar Sandhai ),Onion,Bellary,Local,4600,5000,5000,08-Jan-25
12363,Jalandhar,Phillaur(Apra Mandi),Onion,Other,FAQ,2500,2500,2500,18-Jan-25
12364,Pillibhit,Pilibhit,Onion,Red,FAQ,2200,2300,2250,10-Jan-25
12365,Nashik,Pimpalgaon,Onion,Pole,FAQ,600,2651,1950,14-Jan-25
12366,Nashik,Pimpalgaon,Onion,Pole,Local,600,2860,2200,25-Jan-25
12367,Nashik,Pimpalgaon,Onion,Pole,Local,800,2821,2250,27-Jan-25
12368,Nashik,Pimpalgaon Baswant(Saykheda),Onion,Red,FAQ,700,2029,1750,16-Jan-25
12369,Hoshangabad,Pipariya(F&V),Onion,Onion,FAQ,1300,2800,2000,01-Feb-25
12370,Hoshangabad,Pipariya(F&V),Onion,Onion,FAQ,1400,2700,1900,14-Jan-25
12371,Ernakulam,Piravam,Onion,Big,FAQ,5000,7000,6000,19-Jan-25
12372,Bhojpur,Piro,Onion,Medium,FAQ,2800,2830,2810,01-Feb-25
12373,Bhojpur,Piro,Onion,Medium,FAQ,3000,3040,3020,14-Jan-25
12374,Bhojpur,Piro,Onion,Medium,FAQ,3000,3040,3020,19-Jan-25
12375,Coimbatore,Pollachi(Uzhavar Sandhai ),Onion,Bellary,Local,4000,4400,4400,29-Jan-25
12376,Coimbatore,Pollachi(Uzhavar Sandhai ),Onion,Bellary,Local,4000,4500,4500,17-Jan-25
12377,Thiruvannamalai,Polur(Uzhavar Sandhai ),Onion,Bellary,Local,3300,4000,4000,15-Jan-25
12378,Thiruvannamalai,Polur(Uzhavar Sandhai ),Onion,Bellary,Local,3300,4000,4000,18-Jan-25
12379,Thiruvannamalai,Polur(Uzhavar Sandhai ),Onion,Bellary,Local,4200,5000,5000,14-Jan-25
12380,Thiruvannamalai,Polur(Uzhavar Sandhai ),Onion,Bellary,Local,4500,5000,5000,28-Jan-25
12381,Thiruvannamalai,Polur(Uzhavar Sandhai ),Onion,Bellary,Local,5000,6000,6000,06-Jan-25
12382,Porbandar,Porbandar,Onion,Other,FAQ,1500,2000,1750,18-Jan-25
12383,Porbandar,Porbandar,Onion,Other,FAQ,1500,2500,2000,11-Jan-25
12384,Porbandar,Porbandar,Onion,Other,FAQ,1500,2500,2000,30-Jan-25
12385,Morena,Porsa,Onion,Local,FAQ,1200,1200,1200,29-Jan-25
12386,Thiruvananthapuram,Pothencode,Onion,Other,FAQ,44000,44080,44040,31-Jan-25
12387,Thiruvananthapuram,Pothencode,Onion,Other,FAQ,48000,48080,48040,03-Jan-25
12388,Pratapgarh,Pratapgarh,Onion,Red,FAQ,1800,2100,1900,21-Jan-25
12389,Pratapgarh,Pratapgarh,Onion,Red,FAQ,2000,2200,2070,04-Jan-25
12390,Pratapgarh,Pratapgarh,Onion,Red,FAQ,2100,2250,2160,15-Jan-25
12391,Barabanki,Barabanki,Onion,Red,FAQ,2300,2400,2350,15-Jan-25
12392,Barabanki,Barabanki,Onion,Red,FAQ,2300,2400,2350,17-Jan-25
12393,Barabanki,Barabanki,Onion,Red,FAQ,2400,2500,2450,05-Jan-25
12394,Baran,Baran,Onion,Other,FAQ,500,1000,700,07-Jan-25
12395,North 24 Parganas,Barasat,Onion,Other,FAQ,2800,2800,2800,19-Jan-25
12396,North 24 Parganas,Barasat,Onion,Other,FAQ,3000,3000,3000,31-Jan-25
12397,Baghpat,Baraut,Onion,Red,FAQ,2400,2550,2470,09-Jan-25
12398,Bareilly,Bareilly,Onion,Red,FAQ,1850,2325,2300,13-Jan-25
12399,Bareilly,Bareilly,Onion,Red,FAQ,2150,2250,2200,27-Jan-25
12400,Bareilly,Bareilly,Onion,Red,FAQ,2225,2275,2250,14-Jan-25
12401,Bareilly,Bareilly,Onion,Red,FAQ,2325,2425,2400,02-Jan-25
12402,Bargarh,Bargarh(Barapalli),Onion,Other,FAQ,2100,2300,2200,31-Jan-25
12403,Bargarh,Bargarh(Barapalli),Onion,Other,FAQ,2500,2700,2600,19-Jan-25
12404,Muktsar,Bariwala,Onion,Nasik,FAQ,2000,2200,2200,09-Jan-25
12405,Muktsar,Bariwala,Onion,Nasik,FAQ,2600,2800,2800,01-Jan-25
12406,Muktsar,Bariwala,Onion,Nasik,Non-FAQ,2200,2500,2500,17-Jan-25
12407,Barnala,Barnala,Onion,Other,FAQ,1850,2500,2175,23-Jan-25
12408,Sounth 24 Parganas,Baruipur(Canning),Onion,Other,FAQ,3100,3300,3200,07-Jan-25
12409,Sounth 24 Parganas,Baruipur(Canning),Onion,Other,FAQ,3200,3300,3250,09-Jan-25
12410,Panchkula,Barwala,Onion,Onion,FAQ,2000,2500,2250,03-Jan-25
12411,Panchkula,Barwala,Onion,Onion,FAQ,2000,3000,2500,12-Jan-25
12412,Basti,Basti,Onion,Red,FAQ,2200,2325,2260,25-Jan-25
12413,Basti,Basti,Onion,Red,FAQ,2200,2330,2270,18-Jan-25
12414,Basti,Basti,Onion,Red,FAQ,2225,2325,2275,26-Jan-25
12415,Gurdaspur,Batala,Onion,Other,FAQ,2500,3000,2800,04-Jan-25
12416,Gurdaspur,Batala,Onion,Other,FAQ,3000,3300,3200,03-Jan-25
12417,Bhatinda,Bathinda,Onion,Other,FAQ,2000,2400,2000,11-Jan-25
12418,Jalpaiguri,Belacoba,Onion,Nasik,FAQ,2600,2800,2700,01-Jan-25
12419,Belgaum,Belgaum,Onion,Pusa-Red,FAQ,1000,3500,3000,11-Jan-25
12420,Belgaum,Belgaum,Onion,Pusa-Red,Ref grade-1,1000,3000,2700,31-Jan-25
12421,Nadia,Bethuadahari,Onion,Dry F.A.Q.,Non-FAQ,2500,2625,2550,27-Jan-25
12422,Hanumangarh,Bhadara,Onion,1st Sort,FAQ,2000,2500,2250,29-Jan-25
12423,Hamirpur,Bharuasumerpur,Onion,Red,FAQ,2200,2345,2250,06-Jan-25
12424,Hamirpur,Bharuasumerpur,Onion,Red,FAQ,2250,2325,2300,05-Jan-25
12425,Kaushambi,Bharwari,Onion,Red,FAQ,1870,2030,1950,19-Jan-25
12426,Kaushambi,Bharwari,Onion,Red,FAQ,2050,2190,2130,03-Jan-25
12427,Bhavnagar,Bhavnagar,Onion,Red,FAQ,725,2635,1680,08-Jan-25
12428,Bhavnagar,Bhavnagar,Onion,White,FAQ,950,1355,1150,28-Jan-25
12429,Bhavnagar,Bhavnagar,Onion,White,FAQ,1055,1355,1205,30-Jan-25
12430,Kalahandi,Bhawanipatna,Onion,Local,Non-FAQ,5200,5200,5200,31-Jan-25
12431,Bhilwara,Bhilwara,Onion,Other,FAQ,1600,2800,2200,18-Jan-25
12432,Shravasti,Bhinga,Onion,Red,FAQ,2100,2420,2250,21-Jan-25
12433,Shravasti,Bhinga,Onion,Red,FAQ,2250,2550,2385,04-Jan-25
12434,Shravasti,Bhinga,Onion,Red,FAQ,2450,2740,2600,12-Jan-25
12435,Bhiwani,Bhiwani,Onion,Other,FAQ,1404,2140,1870,18-Jan-25
12436,Kachchh,Bhuj,Onion,Small,FAQ,1500,2500,2000,01-Feb-25
12437,Kachchh,Bhuj,Onion,Small,FAQ,2200,3000,2600,04-Jan-25
12438,Jalgaon,Bhusaval,Onion,Red,FAQ,1500,2000,1800,22-Jan-25
12439,Jalgaon,Bhusaval,Onion,Red,FAQ,1800,2200,2000,23-Jan-25
12440,Jalgaon,Bhusaval,Onion,Red,FAQ,2000,2500,2200,07-Jan-25
12441,Jalgaon,Bhusaval,Onion,Red,Local,2200,2800,2500,26-Jan-25
12442,Bijnor,Bijnaur,Onion,Red,FAQ,2250,2300,2270,08-Jan-25
12443,Bikaner,Bikaner (F&V),Onion,Other,FAQ,1300,1500,1400,29-Jan-25
12444,Mohali,Lalru,Onion,Other,FAQ,3000,3200,3000,30-Jan-25
12445,Imphal East,Lamlong Bazaar,Onion,Other,FAQ,5000,6000,5500,06-Jan-25
12446,Imphal East,Lamlong Bazaar,Onion,Other,FAQ,6000,7000,6500,03-Jan-25
12447,Nashik,Lasalgaon(Niphad),Onion,Red,FAQ,1000,2248,1950,14-Jan-25
12448,Nashik,Lasalgaon(Niphad),Onion,Red,FAQ,1100,2660,2411,22-Jan-25
12449,Nashik,Lasalgaon(Vinchur),Onion,Red,FAQ,1000,2652,2200,09-Jan-25
12450,Chattrapati Sambhajinagar,Lasur Station,Onion,Other,FAQ,550,2386,1400,11-Jan-25
12451,Chattrapati Sambhajinagar,Lasur Station,Onion,Other,FAQ,650,2835,1975,01-Jan-25
12452,Sholapur,Laxmi Sopan Agriculture Produce Marketing Co Ltd,Onion,Other,FAQ,500,2800,1900,01-Feb-25
12453,Sangrur,Lehra Gaga,Onion,Other,FAQ,2500,3000,2500,07-Jan-25
12454,Sangrur,Lehra Gaga,Onion,Other,FAQ,2500,3000,2500,09-Jan-25
12455,Ludhiana,Ludhiana,Onion,Other,FAQ,650,2500,1800,15-Jan-25
12456,Ludhiana,Ludhiana,Onion,Other,FAQ,800,2600,2000,25-Jan-25
12457,Ajmer,Madanganj Kishangarh,Onion,1st Sort,FAQ,2200,3000,2500,07-Jan-25
12458,Ajmer,Madanganj Kishangarh,Onion,1st Sort,FAQ,2500,3500,3000,18-Jan-25
12459,Alappuzha,Madhavapuram,Onion,Other,FAQ,8000,8500,8400,18-Jan-25
12460,Hardoi,Madhoganj,Onion,Red,FAQ,2150,2200,2170,31-Jan-25
12461,Hardoi,Madhoganj,Onion,Red,FAQ,2280,2350,2315,23-Jan-25
12462,Hardoi,Madhoganj,Onion,Red,FAQ,2400,2450,2425,11-Jan-25
12463,Hardoi,Madhoganj,Onion,Red,FAQ,2400,2450,2435,12-Jan-25
12464,Chengalpattu,Madhuranthagam(Uzhavar Sandhai ),Onion,Bellary,Local,4000,5000,5000,24-Jan-25
12465,Panipat,Madlauda,Onion,Other,FAQ,2400,2400,2400,16-Jan-25
12466,Hyderabad,Mahboob Manison,Onion,1st Sort,FAQ,2500,3500,2700,20-Jan-25
12467,Hyderabad,Mahboob Manison,Onion,1st Sort,FAQ,2500,3500,2700,28-Jan-25
12468,Hyderabad,Mahboob Manison,Onion,1st Sort,FAQ,2500,3600,2700,25-Jan-25
12469,Hyderabad,Mahboob Manison,Onion,2nd Sort,FAQ,300,2200,1400,16-Jan-25
12470,Mahoba,Mahoba,Onion,Red,FAQ,2400,2520,2430,08-Jan-25
12471,Bhavnagar,Mahuva(Station Road),Onion,Red,FAQ,750,2310,1530,13-Jan-25
12472,Bhavnagar,Mahuva(Station Road),Onion,Red,FAQ,875,2540,1710,22-Jan-25
12473,Mainpuri,Mainpuri,Onion,Red,FAQ,1900,2100,2020,01-Feb-25
12474,Mainpuri,Mainpuri,Onion,Red,FAQ,2100,2315,2220,04-Jan-25
12475,Mainpuri,Mainpuri,Onion,Red,FAQ,2135,2325,2245,23-Jan-25
12476,Mainpuri,Mainpuri,Onion,Red,FAQ,2180,2370,2285,12-Jan-25
12477,Sangrur,Malerkotla,Onion,Other,FAQ,1500,2000,1800,28-Jan-25
12478,Sangrur,Malerkotla,Onion,Other,FAQ,1500,2200,1800,24-Jan-25
12479,Nashik,Malharshree Farmers Producer Co Ltd,Onion,Red,FAQ,344,2210,1541,10-Jan-25
12480,Muktsar,Malout,Onion,Onion,FAQ,1400,1800,1600,18-Jan-25
12481,Muktsar,Malout,Onion,Onion,FAQ,1800,2400,2000,31-Jan-25
12482,Muktsar,Malout,Onion,Onion,FAQ,2300,3200,2600,02-Jan-25
12483,Neemuch,Manasa,Onion,Medium,FAQ,650,1890,1890,01-Jan-25
12484,Neemuch,Manasa,Onion,Medium,Non-FAQ,400,1500,1200,30-Jan-25
12485,Neemuch,Manasa,Onion,Onion,FAQ,650,2100,1400,28-Jan-25
12486,Neemuch,Manasa,Onion,Onion,FAQ,660,2101,1801,30-Jan-25
12487,Mandi,Mandi(Mandi),Onion,Onion,FAQ,2400,3000,2700,18-Jan-25
12488,Mandi,Mandi(Mandi),Onion,Onion,FAQ,2500,2800,2700,11-Jan-25
12489,Mandi,Mandi(Takoli),Onion,Other,FAQ,2000,2800,2400,31-Jan-25
12490,Mandi,Mandi(Takoli),Onion,Other,FAQ,2000,3000,2500,24-Jan-25
12491,Mandsaur,Mandsaur,Onion,Red,FAQ,1500,2000,2000,02-Jan-25
12492,Sholapur,Mangal Wedha,Onion,Local,Local,620,3000,2400,31-Jan-25
12493,Malappuram,Manjeri,Onion,Other,FAQ,3000,3100,3050,31-Jan-25
12494,Kaushambi,Manjhanpur,Onion,Red,FAQ,1865,2055,1950,21-Jan-25
12495,Kaushambi,Manjhanpur,Onion,Red,FAQ,2020,2190,2100,07-Jan-25
12496,Medinipur(W),Ghatal,Onion,Onion,FAQ,2700,2900,2800,29-Jan-25
12497,Ghaziabad,Ghaziabad,Onion,Red,FAQ,2100,2310,2160,29-Jan-25
12498,Muktsar,Giddarbaha,Onion,Onion,FAQ,2400,2600,2500,24-Jan-25
12499,Muktsar,Giddarbaha,Onion,Onion,FAQ,2400,2600,2500,27-Jan-25
12500,Villupuram,Gingee(Uzhavar Sandhai ),Onion,Bellary,Local,4000,4000,4000,17-Jan-25
12501,Villupuram,Gingee(Uzhavar Sandhai ),Onion,Bellary,Local,4000,4000,4000,28-Jan-25
12502,Villupuram,Gingee(Uzhavar Sandhai ),Onion,Bellary,Local,4000,5000,5000,10-Jan-25
12503,Villupuram,Gingee(Uzhavar Sandhai ),Onion,Bellary,Local,4000,5000,5000,16-Jan-25
12504,Erode,Gobichettipalayam(Uzhavar Sandhai ),Onion,Bellary,Local,4000,4800,4800,24-Jan-25
12505,Erode,Gobichettipalayam(Uzhavar Sandhai ),Onion,Bellary,Local,5000,5500,5500,05-Jan-25
12506,Sonipat,Gohana,Onion,Other,FAQ,2000,2800,2600,03-Jan-25
12507,Sonipat,Gohana,Onion,Other,FAQ,2200,2500,2300,18-Jan-25
12508,Hanumangarh,Goluwala,Onion,1st Sort,FAQ,2000,2200,2200,13-Jan-25
12509,Hanumangarh,Goluwala,Onion,1st Sort,FAQ,2000,2200,2200,27-Jan-25
12510,Gonda,Gonda,Onion,Red,FAQ,2200,2400,2250,16-Jan-25
12511,Rajkot,Gondal,Onion,Red,FAQ,580,2080,1555,11-Jan-25
12512,Rajkot,Gondal,Onion,Red,FAQ,605,2155,1655,09-Jan-25
12513,Rajkot,Gondal,Onion,Red,FAQ,605,2155,1755,30-Jan-25
12514,Rajkot,Gondal,Onion,Red,FAQ,655,2280,1755,28-Jan-25
12515,Rajkot,Gondal,Onion,Red,FAQ,705,2305,1880,24-Jan-25
12516,Rajkot,Gondal,Onion,Red,FAQ,755,2105,1755,21-Jan-25
12517,Bhadohi(Sant Ravi Nagar),Gopiganj,Onion,Red,FAQ,2150,2250,2200,02-Jan-25
12518,Bhadohi(Sant Ravi Nagar),Gopiganj,Onion,Red,FAQ,2440,2540,2490,10-Jan-25
12519,Gorakhpur,Gorakhpur,Onion,Red,FAQ,2125,2350,2225,04-Jan-25
12520,Gorakhpur,Gorakhpur,Onion,Red,FAQ,2175,2275,2225,15-Jan-25
12521,The Nilgiris,Gudalur(Uzhavar Sandhai ),Onion,Bellary,Local,4500,5000,5000,06-Jan-25
12522,Hyderabad,Gudimalkapur,Onion,1st Sort,FAQ,400,3500,2000,10-Jan-25
12523,Hyderabad,Gudimalkapur,Onion,1st Sort,FAQ,500,3500,2000,23-Jan-25
12524,Hyderabad,Gudimalkapur,Onion,1st Sort,FAQ,600,4500,2000,07-Jan-25
12525,Vellore,Gudiyatham(Uzhavar Sandhai ),Onion,Bellary,Local,4500,5000,5000,02-Jan-25
12526,Vellore,Gudiyatham(Uzhavar Sandhai ),Onion,Bellary,Local,5000,5000,5000,04-Jan-25
12527,Chengalpattu,Guduvancheri(Uzhavar Sandhai ),Onion,Bellary,Local,3000,4000,4000,08-Jan-25
12528,Chengalpattu,Guduvancheri(Uzhavar Sandhai ),Onion,Bellary,Local,3000,4000,4000,13-Jan-25
12529,Chengalpattu,Guduvancheri(Uzhavar Sandhai ),Onion,Bellary,Local,3500,4000,4000,29-Jan-25
12530,Chengalpattu,Guduvancheri(Uzhavar Sandhai ),Onion,Bellary,Local,4000,5000,5000,11-Jan-25
12531,Bulandshahar,Gulavati,Onion,Red,FAQ,3000,3200,3100,07-Jan-25
12532,Chamrajnagar,Gundlupet,Onion,Local,FAQ,6000,6000,6000,23-Jan-25
12533,Gurdaspur,Gurdaspur,Onion,Other,FAQ,1500,2000,1800,03-Jan-25
12534,Gurdaspur,Gurdaspur,Onion,Other,FAQ,2000,2400,2200,04-Jan-25
12535,Gurgaon,Gurgaon,Onion,Other,FAQ,2000,2500,2250,15-Jan-25
12536,Gurgaon,Gurgaon,Onion,Other,FAQ,2000,3000,2500,04-Jan-25
12537,Gurgaon,Gurgaon,Onion,Other,FAQ,2000,3000,2500,06-Jan-25
12538,Jhansi,Gurusarai,Onion,Red,FAQ,2080,2130,2100,15-Jan-25
12539,Jhansi,Gurusarai,Onion,Red,FAQ,2080,2140,2100,16-Jan-25
12540,Hathras,Haathras,Onion,Red,FAQ,2250,2450,2350,09-Jan-25
12541,North 24 Parganas,Habra,Onion,Other,FAQ,2500,3000,2800,18-Jan-25
12542,North 24 Parganas,Habra,Onion,Other,FAQ,2600,3000,3000,23-Jan-25
12543,Hamirpur,Hamirpur,Onion,Other,FAQ,2500,2800,2700,20-Jan-25
12544,Hamirpur,Hamirpur,Onion,Other,FAQ,2600,2800,2700,16-Jan-25
12545,Hamirpur,Hamirpur,Onion,Other,FAQ,2700,2800,2750,15-Jan-25
12546,Rajkot,Rajkot(Veg.Sub Yard),Onion,Onion,FAQ,575,2400,1800,07-Jan-25
12547,Rajkot,Rajkot(Veg.Sub Yard),Onion,Onion,FAQ,600,2075,1500,27-Jan-25
12548,Rajkot,Rajkot(Veg.Sub Yard),Onion,Onion,FAQ,600,2200,1750,03-Jan-25
12549,Rajkot,Rajkot(Veg.Sub Yard),Onion,Onion,FAQ,650,2325,1800,22-Jan-25
12550,Rajkot,Rajkot(Veg.Sub Yard),Onion,Onion,FAQ,900,2700,2000,01-Jan-25
12551,Rajnandgaon,Rajnandgaon,Onion,Onion,Non-FAQ,1500,2000,1800,23-Jan-25
12552,Rajnandgaon,Rajnandgaon,Onion,Onion,Non-FAQ,1600,2000,1800,24-Jan-25
12553,Rajnandgaon,Rajnandgaon,Onion,Onion,Non-FAQ,2000,2500,2300,26-Jan-25
12554,Patiala,Rajpura,Onion,Local,FAQ,1800,2600,2300,08-Jan-25
12555,Patiala,Rajpura,Onion,Local,FAQ,2000,2800,2300,07-Jan-25
12556,Rajsamand,Rajsamand,Onion,Onion,FAQ,2000,2500,2250,14-Jan-25
12557,Rajsamand,Rajsamand,Onion,Onion,Non-FAQ,1500,2000,1750,26-Jan-25
12558,Bhatinda,Raman,Onion,Other,FAQ,2225,2295,2255,29-Jan-25
12559,Bhatinda,Raman,Onion,Other,FAQ,2265,2325,2295,25-Jan-25
12560,Bangalore,Ramanagara,Onion,Onion,FAQ,3000,4200,3500,01-Jan-25
12561,Ramanathapuram,Ramanathapuram(Uzhavar Sandhai ),Onion,Bellary,Local,4500,5000,5000,03-Jan-25
12562,Ramanathapuram,Ramanathapuram(Uzhavar Sandhai ),Onion,Bellary,Local,4500,5000,5000,14-Jan-25
12563,Ramanathapuram,Ramanathapuram(Uzhavar Sandhai ),Onion,Bellary,Local,4500,5000,5000,17-Jan-25
12564,Ramanathapuram,Ramanathapuram(Uzhavar Sandhai ),Onion,Bellary,Local,4500,5000,5000,19-Jan-25
12565,Ramanathapuram,Ramanathapuram(Uzhavar Sandhai ),Onion,Bellary,Local,4500,5000,5000,29-Jan-25
12566,Ramanathapuram,Ramanathapuram(Uzhavar Sandhai ),Onion,Bellary,Local,5000,5500,5500,26-Jan-25
12567,Howrah,Ramkrishanpur(Howrah),Onion,Other,FAQ,3000,3800,3400,03-Jan-25
12568,Nanital,Ramnagar,Onion,Other,FAQ,2300,2500,2400,04-Jan-25
12569,Rampur,Rampur,Onion,Red,FAQ,2310,2400,2350,04-Jan-25
12570,Bhatinda,Rampuraphul(Nabha Mandi),Onion,Other,FAQ,2500,4000,3500,03-Jan-25
12571,Bhatinda,Rampuraphul(Nabha Mandi),Onion,Other,FAQ,3000,4000,3500,16-Jan-25
12572,Birbhum,Rampurhat,Onion,Local,FAQ,2250,2350,2300,10-Jan-25
12573,Birbhum,Rampurhat,Onion,Nasik,FAQ,2400,2500,2450,20-Jan-25
12574,Saharanpur,Rampurmaniharan,Onion,Red,FAQ,1600,1800,1700,02-Jan-25
12575,Saharanpur,Rampurmaniharan,Onion,Red,FAQ,2100,2200,2150,14-Jan-25
12576,Nadia,Ranaghat,Onion,Other,FAQ,3100,3250,3200,06-Jan-25
12577,Ranipet,Ranipettai(Uzhavar Sandhai ),Onion,Bellary,Local,3300,4800,4800,04-Jan-25
12578,Ranipet,Ranipettai(Uzhavar Sandhai ),Onion,Bellary,Local,4000,5000,5000,06-Jan-25
12579,Ranipet,Ranipettai(Uzhavar Sandhai ),Onion,Bellary,Local,4500,4500,4500,16-Jan-25
12580,Ranipet,Ranipettai(Uzhavar Sandhai ),Onion,Bellary,Local,4500,4500,4500,26-Jan-25
12581,Ballia,Rasda,Onion,Red,FAQ,2080,2210,2150,29-Jan-25
12582,Ballia,Rasda,Onion,Red,FAQ,2120,2230,2165,02-Jan-25
12583,Namakkal,Rasipuram(Uzhavar Sandhai ),Onion,Bellary,Local,4600,5000,5000,17-Jan-25
12584,Namakkal,Rasipuram(Uzhavar Sandhai ),Onion,Bellary,Local,5000,5500,5500,18-Jan-25
12585,Namakkal,Rasipuram(Uzhavar Sandhai ),Onion,Bellary,Local,5500,5800,5800,02-Jan-25
12586,Namakkal,Rasipuram(Uzhavar Sandhai ),Onion,Bellary,Local,5500,5800,5800,05-Jan-25
12587,Namakkal,Rasipuram(Uzhavar Sandhai ),Onion,Bellary,Local,5500,5800,5800,06-Jan-25
12588,Fatehabad,Ratia,Onion,Other,FAQ,1800,1800,1800,10-Jan-25
12589,Ratlam,Ratlam,Onion,Nasik,FAQ,200,1550,1550,20-Jan-25
12590,Ratlam,Ratlam,Onion,White,FAQ,1660,2050,2050,31-Jan-25
12591,Hanumangarh,Rawatsar,Onion,1st Sort,FAQ,1900,1900,1900,09-Jan-25
12592,Hanumangarh,Rawatsar,Onion,1st Sort,FAQ,2100,2100,2100,26-Jan-25
12593,Rayagada,Rayagada,Onion,Other,FAQ,3100,3200,3200,25-Jan-25
12594,Rayagada,Rayagada,Onion,Other,FAQ,3100,3200,3200,29-Jan-25
12595,Amritsar,Rayya,Onion,Red,FAQ,2200,2200,2200,06-Jan-25
12596,Nashik,Manmad,Onion,Red,FAQ,500,2651,2200,22-Jan-25
12597,Nashik,Manmad,Onion,Red,FAQ,500,3001,2100,07-Jan-25
12598,Nashik,Manmad,Onion,White,FAQ,760,1816,1700,22-Jan-25
12599,Thiruvarur,Mannargudi I(Uzhavar Sandhai ),Onion,Bellary,Local,4400,5600,5600,07-Jan-25
12600,Thiruvarur,Mannargudi I(Uzhavar Sandhai ),Onion,Bellary,Local,4400,5600,5600,09-Jan-25
12601,Thiruvarur,Mannargudi I(Uzhavar Sandhai ),Onion,Bellary,Local,4400,6000,6000,11-Jan-25
12602,Thiruvarur,Mannargudi I(Uzhavar Sandhai ),Onion,Bellary,Local,4400,6000,6000,12-Jan-25
12603,Thiruvarur,Mannargudi II(Uzhavar Sandhai ),Onion,Bellary,Local,4400,6000,6000,20-Jan-25
12604,Mansa,Mansa,Onion,Onion,FAQ,2000,2600,2400,10-Jan-25
12605,North Goa,Mapusa,Onion,Onion,FAQ,2500,2500,2500,14-Jan-25
12606,Bhatinda,Maur,Onion,Other,FAQ,2500,3000,2800,24-Jan-25
12607,Jhansi,Mauranipur,Onion,Red,FAQ,2000,2080,2050,25-Jan-25
12608,Jhansi,Mauranipur,Onion,Red,FAQ,2080,2140,2100,18-Jan-25
12609,Jhansi,Mauranipur,Onion,Red,FAQ,2100,2160,2125,02-Jan-25
12610,Nagapattinam,Mayiladuthurai(Uzhavar Sandhai ),Onion,Bellary,Local,3000,3500,3500,11-Jan-25
12611,Nagapattinam,Mayiladuthurai(Uzhavar Sandhai ),Onion,Bellary,Local,3500,4000,4000,19-Jan-25
12612,Chengalpattu,Medavakkam(Uzhavar Sandhai ),Onion,Bellary,Local,3600,4600,4600,12-Jan-25
12613,Chengalpattu,Medavakkam(Uzhavar Sandhai ),Onion,Bellary,Local,4000,4200,4200,01-Jan-25
12614,Medinipur(W),Medinipur(West),Onion,Onion,FAQ,2400,2800,2600,19-Jan-25
12615,Meerut,Meerut,Onion,Red,FAQ,2050,2150,2100,29-Jan-25
12616,Meerut,Meerut,Onion,Red,FAQ,2200,2360,2280,21-Jan-25
12617,Meerut,Meerut,Onion,Red,FAQ,2300,2430,2360,15-Jan-25
12618,Sitapur,Mehmoodabad,Onion,Red,FAQ,2115,2170,2140,30-Jan-25
12619,Ranga Reddy,Mehndipatnam(Rythu Bazar),Onion,1st Sort,FAQ,3000,3000,3000,12-Jan-25
12620,Mehsana,Mehsana(Mehsana Veg),Onion,Onion,FAQ,600,3000,2200,03-Jan-25
12621,Mehsana,Mehsana(Mehsana Veg),Onion,Onion,FAQ,700,3500,2000,10-Jan-25
12622,Coochbehar,Mekhliganj,Onion,Other,FAQ,3000,3400,3200,30-Jan-25
12623,Sepahijala,Melaghar,Onion,Red,FAQ,3000,3400,3200,19-Jan-25
12624,Sepahijala,Melaghar,Onion,Red,FAQ,3300,3500,3400,05-Jan-25
12625,Sepahijala,Melaghar,Onion,Small,FAQ,3400,3600,3500,21-Jan-25
12626,Thirunelveli,Melapalayam(Uzhavar Sandhai ),Onion,Bellary,Local,4300,4500,4500,25-Jan-25
12627,Thirunelveli,Melapalayam(Uzhavar Sandhai ),Onion,Bellary,Local,4300,4500,4500,26-Jan-25
12628,Madurai,Melur(Uzhavar Sandhai ),Onion,Bellary,Local,4500,5000,5000,01-Feb-25
12629,Madurai,Melur(Uzhavar Sandhai ),Onion,Bellary,Local,4500,5200,5200,03-Jan-25
12630,Madurai,Melur(Uzhavar Sandhai ),Onion,Bellary,Local,4500,5200,5200,19-Jan-25
12631,Coimbatore,Mettupalayam(Uzhavar Sandhai ),Onion,Bellary,Local,4200,4800,4800,27-Jan-25
12632,Coimbatore,Mettupalayam(Uzhavar Sandhai ),Onion,Bellary,Local,4400,4800,4800,24-Jan-25
12633,Salem,Mettur(Uzhavar Sandhai ),Onion,Bellary,Local,4000,6000,6000,01-Feb-25
12634,Salem,Mettur(Uzhavar Sandhai ),Onion,Bellary,Local,4000,6000,6000,07-Jan-25
12635,Salem,Mettur(Uzhavar Sandhai ),Onion,Bellary,Local,5000,6000,6000,06-Jan-25
12636,Salem,Mettur(Uzhavar Sandhai ),Onion,Bellary,Local,5000,6000,6000,20-Jan-25
12637,Indore,Mhow(F&V),Onion,Onion,FAQ,800,1600,1085,16-Jan-25
12638,Moga,Moga,Onion,Other,FAQ,1800,2500,2200,03-Jan-25
12639,Farukhabad,Mohamadabad,Onion,Red,FAQ,1980,2180,2080,24-Jan-25
12640,Farukhabad,Mohamadabad,Onion,Red,FAQ,2000,2200,2100,29-Jan-25
12641,Namakkal,Mohanur(Uzhavar Sandhai ),Onion,Bellary,Local,4500,5000,5000,01-Feb-25
12642,Namakkal,Mohanur(Uzhavar Sandhai ),Onion,Bellary,Local,4500,5000,5000,04-Jan-25
12643,Namakkal,Mohanur(Uzhavar Sandhai ),Onion,Bellary,Local,4800,5500,5500,05-Jan-25
12644,Namakkal,Mohanur(Uzhavar Sandhai ),Onion,Bellary,Local,4800,5500,5500,08-Jan-25
12645,Ropar (Rupnagar),Chamkaur Sahib,Onion,Other,FAQ,3900,4000,3950,15-Jan-25
12646,Hooghly,Champadanga,Onion,Nasik,FAQ,2600,2900,2700,16-Jan-25
12647,Hooghly,Champadanga,Onion,Nasik,FAQ,3200,3400,3200,09-Jan-25
12648,Sambhal,Chandausi,Onion,Red,FAQ,2100,2150,2125,27-Jan-25
12649,Sambhal,Chandausi,Onion,Red,FAQ,2200,2300,2250,16-Jan-25
12650,Sambhal,Chandausi,Onion,Red,FAQ,2300,2350,2325,13-Jan-25
12651,Chandigarh,Chandigarh(Grain/Fruit),Onion,Other,FAQ,1000,2500,2000,23-Jan-25
12652,Chandigarh,Chandigarh(Grain/Fruit),Onion,Other,FAQ,1000,2600,2000,26-Jan-25
12653,Chandauli,Chandoli,Onion,Red,FAQ,2065,2165,2115,30-Jan-25
12654,Chandauli,Chandoli,Onion,Red,FAQ,2250,2400,2320,20-Jan-25
12655,Chandrapur,Chandrapur(Ganjwad),Onion,Other,FAQ,1500,2500,2000,02-Jan-25
12656,Nashik,Chandvad,Onion,Red,Local,1000,2552,2000,30-Jan-25
12657,Aligarh,Charra,Onion,Red,FAQ,2300,2500,2400,13-Jan-25
12658,Aligarh,Charra,Onion,Red,FAQ,2300,2500,2400,15-Jan-25
12659,Kollam,Chathanoor,Onion,Other,FAQ,4800,5200,5000,27-Jan-25
12660,Thirssur,Chavakkad,Onion,Other,FAQ,3000,4000,4000,16-Jan-25
12661,Thirssur,Chavakkad,Onion,Other,FAQ,3800,4800,4800,04-Jan-25
12662,Thirssur,Chelakkara,Onion,Other,FAQ,5000,5500,5200,03-Jan-25
12663,Thirssur,Chelakkara,Onion,Other,FAQ,5000,5500,5200,23-Jan-25
12664,Chengalpattu,Chengalpet(Uzhavar Sandhai ),Onion,Bellary,Local,3500,4500,4500,17-Jan-25
12665,Chengalpattu,Chengalpet(Uzhavar Sandhai ),Onion,Bellary,Local,3800,4200,4200,08-Jan-25
12666,Alappuzha,Chengannur,Onion,Onion,FAQ,3800,4200,3900,02-Jan-25
12667,Alappuzha,Chengannur,Onion,Onion,FAQ,4400,4800,4500,25-Jan-25
12668,Alappuzha,Chengannur,Onion,Small,FAQ,7600,8200,8000,01-Feb-25
12669,Alappuzha,Chengannur,Onion,Small,FAQ,7800,8300,8000,31-Jan-25
12670,Thiruvannamalai,Cheyyar(Uzhavar Sandhai ),Onion,Bellary,Local,4000,4800,4800,23-Jan-25
12671,Yamuna Nagar,Chhachrauli,Onion,Onion,FAQ,2400,2700,2400,14-Jan-25
12672,Kolar,Chickkaballapura,Onion,Beelary-Red,FAQ,3800,4200,4000,04-Jan-25
12673,Cuddalore,Chidambaram(Uzhavar Sandhai ),Onion,Bellary,Local,4000,4000,4000,06-Jan-25
12674,Chikmagalur,Chikkamagalore,Onion,Other,FAQ,2962,3162,3062,24-Jan-25
12675,Chikmagalur,Chikkamagalore,Onion,Other,FAQ,3900,4100,4000,04-Jan-25
12676,Chikmagalur,Chikkamagalore,Onion,Other,Ref grade-1,2930,3130,3030,31-Jan-25
12677,Dindigul,Chinnalapatti(Uzhavar Sandhai ),Onion,Bellary,Local,4000,5000,5000,30-Jan-25
12678,Dindigul,Chinnalapatti(Uzhavar Sandhai ),Onion,Bellary,Local,4500,5600,5600,08-Jan-25
12679,Theni,Chinnamanur(Uzhavar Sandhai ),Onion,Bellary,Local,4600,4600,4600,24-Jan-25
12680,Jhansi,Chirgaon,Onion,Red,FAQ,2000,2120,2030,15-Jan-25
12681,Ballia,Chitwadagaon,Onion,Red,Non-FAQ,2230,2330,2290,21-Jan-25
12682,Ballia,Chitwadagaon,Onion,Red,Non-FAQ,2300,2390,2360,17-Jan-25
12683,Madurai,Chokkikulam(Uzhavar Sandhai ),Onion,Bellary,Local,4500,4800,4800,25-Jan-25
12684,Madurai,Chokkikulam(Uzhavar Sandhai ),Onion,Bellary,Local,4800,5200,5200,18-Jan-25
12685,Jaipur Rural,Chomu (F&V),Onion,Other,FAQ,1600,2400,2000,15-Jan-25
12686,Jaipur Rural,Chomu (F&V),Onion,Other,FAQ,2000,2600,2300,03-Jan-25
12687,Jaipur Rural,Chomu (F&V),Onion,Other,Non-FAQ,1600,2200,1900,28-Jan-25
12688,Kanpur,Choubepur,Onion,Red,FAQ,2300,2420,2370,14-Jan-25
12689,Mayurbhanja,Chuliaposi,Onion,1st Sort,FAQ,3400,3500,3400,26-Jan-25
12690,Mayurbhanja,Chuliaposi,Onion,1st Sort,FAQ,3600,3800,3700,14-Jan-25
12691,Churu,Churu,Onion,1st Sort,FAQ,1600,1800,1700,16-Jan-25
12692,The Nilgiris,Coonoor(Uzhavar Sandhai ),Onion,Bellary,Local,4000,4500,4500,20-Jan-25
12693,Cuddalore,Cuddalore(Uzhavar Sandhai ),Onion,Bellary,Local,3500,5000,5000,07-Jan-25
12694,Cuddalore,Cuddalore(Uzhavar Sandhai ),Onion,Bellary,Local,4000,4000,4000,03-Jan-25
12695,Nadia,Kalyani,Onion,Onion,FAQ,2800,3000,2900,18-Jan-25
12696,Nadia,Kalyani,Onion,Onion,FAQ,3000,3200,3100,26-Jan-25
12697,Nadia,Kalyani,Onion,Onion,FAQ,3000,3200,3100,29-Jan-25
12698,Nadia,Kalyani,Onion,Onion,FAQ,3000,3200,3100,30-Jan-25
12699,Nadia,Kalyani,Onion,Onion,FAQ,3300,3500,3400,07-Jan-25
12700,Theni,Kambam(Uzhavar Sandhai ),Onion,Bellary,Local,4000,4000,4000,06-Jan-25
12701,Theni,Kambam(Uzhavar Sandhai ),Onion,Bellary,Local,4000,4000,4000,25-Jan-25
12702,Theni,Kambam(Uzhavar Sandhai ),Onion,Bellary,Local,4200,4200,4200,22-Jan-25
12703,Farukhabad,Kamlaganj,Onion,Red,FAQ,1800,1900,1850,15-Jan-25
12704,Farukhabad,Kamlaganj,Onion,Red,FAQ,2200,2220,2210,14-Jan-25
12705,Nagpur,Kamthi,Onion,Local,FAQ,2500,3500,3000,03-Jan-25
12706,Kancheepuram,Kancheepuram(Uzhavar Sandhai ),Onion,Bellary,Local,3500,4500,4500,18-Jan-25
12707,Thirunelveli,Kandiyaperi(Uzhavar Sandhai ),Onion,Bellary,Local,3500,4200,4200,11-Jan-25
12708,Thirupur,Kangayam(Uzhavar Sandhai ),Onion,Bellary,Local,4500,5000,5000,24-Jan-25
12709,Thirupur,Kangayam(Uzhavar Sandhai ),Onion,Bellary,Local,4600,5000,5000,22-Jan-25
12710,Kangra,Kangra(Baijnath),Onion,Onion,FAQ,3000,3200,3100,18-Jan-25
12711,Kangra,Kangra(Jaisinghpur),Onion,1st Sort,FAQ,3200,3400,3300,15-Jan-25
12712,Kangra,Kangra(Jassour),Onion,Other,FAQ,2200,2800,2500,28-Jan-25
12713,Kangra,Kangra(Nagrota Bagwan),Onion,Other,FAQ,3000,3300,3100,24-Jan-25
12714,Kasargod,Kanjangadu,Onion,Big,FAQ,3300,3900,3500,17-Jan-25
12715,Kottayam,Kanjirappally,Onion,Big,FAQ,4000,4500,4200,03-Jan-25
12716,Kottayam,Kanjirappally,Onion,Big,FAQ,4000,4500,4200,19-Jan-25
12717,Kottayam,Kanjirappally,Onion,Big,FAQ,4500,5000,4800,26-Jan-25
12718,Kottayam,Kanjirappally,Onion,Onion,FAQ,8500,9000,8800,03-Jan-25
12719,Kottayam,Kanjirappally,Onion,Onion,FAQ,8500,9000,8800,04-Jan-25
12720,Kottayam,Kanjirappally,Onion,Onion,FAQ,11000,12000,11800,20-Jan-25
12721,Kannuj,Kannauj,Onion,Red,FAQ,2020,2150,2090,27-Jan-25
12722,Kannuj,Kannauj,Onion,Red,FAQ,2050,2150,2100,25-Jan-25
12723,Kannuj,Kannauj,Onion,Red,FAQ,2250,2350,2300,10-Jan-25
12724,Kannur,Kannur,Onion,Other,FAQ,3400,3600,3500,13-Jan-25
12725,Kannur,Kannur,Onion,Other,FAQ,3900,4100,4000,24-Jan-25
12726,Kannur,Kannur,Onion,Other,FAQ,4000,4200,4100,23-Jan-25
12727,Kanpur,Kanpur(Grain),Onion,Red,FAQ,2180,2380,2280,25-Jan-25
12728,Kanpur,Kanpur(Grain),Onion,Red,FAQ,2430,2530,2480,07-Jan-25
12729,Kheda,Kapadvanj,Onion,Other,FAQ,1000,2600,1800,23-Jan-25
12730,Satara,Karad,Onion,Other,FAQ,2000,2500,2500,23-Jan-25
12731,Sivaganga,Karaikudi(Uzhavar Sandhai ),Onion,Bellary,Local,5000,5600,5600,05-Jan-25
12732,Sivaganga,Karaikudi(Uzhavar Sandhai ),Onion,Bellary,Local,5200,5500,5500,24-Jan-25
12733,Sivaganga,Karaikudi(Uzhavar Sandhai ),Onion,Bellary,Local,5200,5600,5600,18-Jan-25
12734,Nadia,Karimpur,Onion,Nasik,FAQ,2700,2900,2800,27-Jan-25
12735,Nadia,Karimpur,Onion,Nasik,FAQ,2900,3100,3000,22-Jan-25
12736,Virudhunagar,Kariyapatti(Uzhavar Sandhai ),Onion,Bellary,Local,4500,5000,5000,26-Jan-25
12737,Ahmednagar,Karjat,Onion,Local,FAQ,500,3200,2000,08-Jan-25
12738,Ahmednagar,Karjat,Onion,Local,Local,500,2300,1500,31-Jan-25
12739,Darjeeling,Karsiyang(Matigara),Onion,Other,FAQ,3800,4000,3900,03-Jan-25
12740,Karur,Karur(Uzhavar Sandhai ),Onion,Bellary,Local,4500,5000,5000,02-Jan-25
12741,Karur,Karur(Uzhavar Sandhai ),Onion,Bellary,Local,4500,5000,5000,05-Jan-25
12742,Karur,Karur(Uzhavar Sandhai ),Onion,Bellary,Local,4500,5000,5000,18-Jan-25
12743,Chitrakut,Karvi,Onion,Red,FAQ,2125,2335,2220,28-Jan-25
12744,Kasganj,Kasganj,Onion,Red,FAQ,2100,2500,2330,23-Jan-25
12745,Puruliya,Kasipur,Onion,Other,FAQ,2800,3200,3000,08-Jan-25
12746,Rewari,Rewari,Onion,Medium,FAQ,1000,3000,2000,09-Jan-25
12747,Dehradoon,Rishikesh,Onion,Other,FAQ,2400,3000,2700,07-Jan-25
12748,Sonbhadra,Robertsganj,Onion,Red,Non-FAQ,2150,2345,2270,21-Jan-25
12749,Shimla,Rohroo,Onion,1st Sort,FAQ,3000,3500,3000,21-Jan-25
12750,Rohtak,Rohtak,Onion,Other,FAQ,1000,2500,1500,24-Jan-25
12751,Ropar (Rupnagar),Ropar,Onion,Other,FAQ,2400,2800,2600,20-Jan-25
12752,Ropar (Rupnagar),Ropar,Onion,Other,FAQ,2500,3500,3000,06-Jan-25
12753,Morena,Sabalgarh(F&V),Onion,Onion,FAQ,900,1000,950,17-Jan-25
12754,Medak,Sadasivpet,Onion,1st Sort,Non-FAQ,1179,2079,2030,31-Jan-25
12755,Yamuna Nagar,Sadhaura,Onion,Onion,FAQ,1500,2000,1800,03-Jan-25
12756,Yamuna Nagar,Sadhaura,Onion,Onion,FAQ,1800,2200,2000,28-Jan-25
12757,Yamuna Nagar,Sadhaura,Onion,Onion,FAQ,1800,2500,2200,19-Jan-25
12758,Barabanki,Safdarganj,Onion,Red,FAQ,2200,2300,2250,28-Jan-25
12759,Barabanki,Safdarganj,Onion,Red,FAQ,2200,2350,2250,24-Jan-25
12760,Barabanki,Safdarganj,Onion,Red,FAQ,2300,2370,2350,15-Jan-25
12761,Jind,Safidon,Onion,Other,FAQ,2000,2000,2000,13-Jan-25
12762,Jind,Safidon,Onion,Other,FAQ,2000,2000,2000,14-Jan-25
12763,Jind,Safidon,Onion,Other,FAQ,2000,2000,2000,17-Jan-25
12764,Saharanpur,Saharanpur,Onion,Red,FAQ,2000,2500,2300,24-Jan-25
12765,Saharanpur,Saharanpur,Onion,Red,FAQ,2000,2600,2280,28-Jan-25
12766,Saharanpur,Saharanpur,Onion,Red,FAQ,2300,2700,2500,10-Jan-25
12767,Siddharth Nagar,Sahiyapur,Onion,Red,FAQ,1300,1550,1350,28-Jan-25
12768,Siddharth Nagar,Sahiyapur,Onion,Red,FAQ,1500,1520,1510,10-Jan-25
12769,Ludhiana,Sahnewal,Onion,Onion,FAQ,2600,2600,2600,23-Jan-25
12770,Ludhiana,Sahnewal,Onion,Onion,FAQ,2600,2600,2600,25-Jan-25
12771,Birbhum,Sainthia,Onion,Onion,FAQ,2600,2800,2700,12-Jan-25
12772,Birbhum,Sainthia,Onion,Onion,FAQ,2600,2800,2700,17-Jan-25
12773,Birbhum,Sainthia,Onion,Onion,FAQ,2600,2800,2700,30-Jan-25
12774,Panipat,Samalkha,Onion,Local,FAQ,2500,3000,2800,04-Jan-25
12775,Patiala,Samana,Onion,Other,FAQ,1700,2300,1900,12-Jan-25
12776,Sambhal,Sambhal,Onion,Red,FAQ,1200,1400,1350,23-Jan-25
12777,Erode,Sampath Nagar(Uzhavar Sandhai ),Onion,Bellary,Local,4200,4600,4600,01-Feb-25
12778,Erode,Sampath Nagar(Uzhavar Sandhai ),Onion,Bellary,Local,4200,4600,4600,29-Jan-25
12779,Erode,Sampath Nagar(Uzhavar Sandhai ),Onion,Bellary,Local,4500,4800,4800,27-Jan-25
12780,Ludhiana,Samrala,Onion,Other,FAQ,2000,2400,2200,11-Jan-25
12781,Ludhiana,Samrala,Onion,Other,FAQ,2000,2500,2200,24-Jan-25
12782,Agra,Samsabad,Onion,Red,FAQ,2100,2300,2200,07-Jan-25
12783,Malda,Samsi,Onion,Onion,FAQ,2000,2800,2500,17-Jan-25
12784,Malda,Samsi,Onion,Onion,FAQ,2000,2800,2500,19-Jan-25
12785,Malda,Samsi,Onion,Onion,FAQ,2000,2800,2500,27-Jan-25
12786,Malda,Samsi,Onion,Onion,FAQ,2000,2800,2500,29-Jan-25
12787,Khandwa,Sanawad(F&V),Onion,Onion,FAQ,1800,2500,2000,01-Feb-25
12788,Khandwa,Sanawad(F&V),Onion,Onion,FAQ,1800,2500,2000,15-Jan-25
12789,Khandwa,Sanawad(F&V),Onion,Onion,FAQ,1800,2500,2000,29-Jan-25
12790,Khandwa,Sanawad(F&V),Onion,Onion,FAQ,2000,3000,2500,11-Jan-25
12791,Khandwa,Sanawad(F&V),Onion,Onion,FAQ,3000,4000,3500,02-Jan-25
12792,Hardoi,Sandi,Onion,Pusa-Red,FAQ,2150,2230,2180,31-Jan-25
12793,Hardoi,Sandi,Onion,Pusa-Red,FAQ,2250,2330,2280,27-Jan-25
12794,Hardoi,Sandi,Onion,Pusa-Red,FAQ,2400,2480,2425,11-Jan-25
12795,Hardoi,Sandi,Onion,Pusa-Red,FAQ,2400,2480,2435,12-Jan-25
12796,Hardoi,Sandila,Onion,Red,FAQ,2250,2350,2300,25-Jan-25
12797,Hardoi,Sandila,Onion,Red,FAQ,2380,2460,2420,12-Jan-25
12798,Ahmednagar,Sangamner,Onion,Red,FAQ,500,3011,1755,17-Jan-25
12799,Hissar,Hansi,Onion,Other,FAQ,1500,2500,2000,22-Jan-25
12800,Hissar,Hansi,Onion,Other,FAQ,1500,2500,2000,23-Jan-25
12801,Hanumangarh,Hanumangarh(Urlivas),Onion,1st Sort,FAQ,2000,2150,2050,24-Jan-25
12802,Hanumangarh,Hanumangarh(Urlivas),Onion,1st Sort,FAQ,2500,2500,2500,09-Jan-25
12803,Hardoi,Hardoi,Onion,Pusa-Red,FAQ,2260,2400,2320,21-Jan-25
12804,Hardoi,Hardoi,Onion,Pusa-Red,FAQ,2270,2340,2295,27-Jan-25
12805,Hardoi,Hardoi,Onion,Pusa-Red,FAQ,2500,2560,2525,04-Jan-25
12806,Sitapur,Hargaon (Laharpur),Onion,Nasik,FAQ,2200,2400,2300,17-Jan-25
12807,Haridwar,Haridwar Union,Onion,Onion,Non-FAQ,2000,2500,2400,20-Jan-25
12808,Haridwar,Haridwar Union,Onion,Other,FAQ,1800,2500,2000,09-Jan-25
12809,Haridwar,Haridwar Union,Onion,Other,FAQ,1800,2500,2000,12-Jan-25
12810,Dharmapuri,Harur(Uzhavar Sandhai ),Onion,Bellary,Local,4300,4500,4500,25-Jan-25
12811,Amroha,Hasanpur,Onion,Nasik,FAQ,1410,1501,1450,06-Jan-25
12812,Palwal,Hassanpur,Onion,Other,FAQ,1500,1500,1500,22-Jan-25
12813,Salem,Hasthampatti(Uzhavar Sandhai ),Onion,Bellary,Local,5500,6000,6000,01-Jan-25
12814,Salem,Hasthampatti(Uzhavar Sandhai ),Onion,Bellary,Local,5500,6000,6000,26-Jan-25
12815,Nagpur,Hingna,Onion,Red,FAQ,2500,3000,2500,07-Jan-25
12816,Nagpur,Hingna,Onion,Red,FAQ,3000,3000,3000,15-Jan-25
12817,Nagpur,Hingna,Onion,Red,FAQ,3000,4000,3000,22-Jan-25
12818,Ganjam,Hinjilicut,Onion,Other,FAQ,2000,3600,3000,25-Jan-25
12819,Ganjam,Hinjilicut,Onion,Other,FAQ,2400,4000,3000,20-Jan-25
12820,Ganjam,Hinjilicut,Onion,Other,FAQ,2600,4000,3000,06-Jan-25
12821,Palwal,Hodal,Onion,Onion,FAQ,2500,3000,2700,30-Jan-25
12822,Hoshangabad,Hoshangabad(F&V),Onion,Onion,FAQ,1370,2310,1720,21-Jan-25
12823,Hoshiarpur,Hoshiarpur,Onion,Other,FAQ,2200,2400,2300,30-Jan-25
12824,Hoshiarpur,Hoshiarpur,Onion,Other,FAQ,2700,3300,3000,12-Jan-25
12825,Hoshiarpur,Hoshiarpur,Onion,Other,FAQ,3000,3200,3100,08-Jan-25
12826,Krishnagiri,Hosur(Uzhavar Sandhai ),Onion,Bellary,Local,4000,4500,4500,20-Jan-25
12827,Dharwad,Hubli (Amaragol),Onion,Local,FAQ,300,1800,850,01-Jan-25
12828,Dharwad,Hubli (Amaragol),Onion,Puna,FAQ,500,3500,2100,18-Jan-25
12829,Dharwad,Hubli (Amaragol),Onion,Puna,FAQ,500,3600,2000,23-Jan-25
12830,Dharwad,Hubli (Amaragol),Onion,Puna,FAQ,500,4000,2200,07-Jan-25
12831,Dharwad,Hubli (Amaragol),Onion,Puna,FAQ,1000,3500,2200,08-Jan-25
12832,Dharwad,Hubli (Amaragol),Onion,Telagi,FAQ,500,3300,1550,16-Jan-25
12833,Imphal West,Imphal,Onion,Other,Non-FAQ,4200,5000,4600,17-Jan-25
12834,Indore,Indore,Onion,Onion,FAQ,392,2178,1754,13-Jan-25
12835,Indore,Indore,Onion,Onion,FAQ,967,2236,2236,23-Jan-25
12836,Indore,Indore,Onion,Onion,FAQ,1163,2363,1575,24-Jan-25
12837,Indore,Indore,Onion,Other,FAQ,1284,2391,2391,27-Jan-25
12838,Thirssur,Irinjalakkuda,Onion,Other,FAQ,4800,4800,4800,22-Jan-25
12839,Thirssur,Irinjalakkuda,Onion,Other,FAQ,5000,5000,5000,18-Jan-25
12840,Amethi,Jafarganj,Onion,Red,FAQ,2100,2200,2150,30-Jan-25
12841,Amethi,Jafarganj,Onion,Red,FAQ,2300,2380,2340,14-Jan-25
12842,Yamuna Nagar,Jagadhri,Onion,Other,FAQ,2200,2460,2250,22-Jan-25
12843,Yamuna Nagar,Jagadhri,Onion,Other,FAQ,2300,2690,2450,04-Jan-25
12844,Ludhiana,Jagraon,Onion,Other,FAQ,2000,3000,2500,25-Jan-25
12845,Ludhiana,Jagraon,Onion,Other,FAQ,2200,2800,2500,11-Jan-25
12846,Madhubani,Jahajharpur,Onion,Medium,FAQ,2500,2700,2600,05-Jan-25
12847,Madhubani,Jahajharpur,Onion,Medium,FAQ,2800,3000,2900,27-Jan-25
12848,Madhubani,Jahajharpur,Onion,Medium,FAQ,3200,3400,3300,11-Jan-25
12849,Bulandshahar,Jahangirabad,Onion,Red,FAQ,2330,2540,2435,08-Jan-25
12850,Madhubani,Jainagar,Onion,Medium,FAQ,3000,3200,3100,20-Jan-25
12851,Jhansi,Gurusarai,Onion,Red,FAQ,2020,2100,2085,14-Jan-25
12852,Jhansi,Gurusarai,Onion,Red,FAQ,2060,2145,2100,08-Jan-25
12853,Jhansi,Gurusarai,Onion,Red,FAQ,2110,2200,2140,02-Jan-25
12854,Hathras,Haathras,Onion,Red,FAQ,2100,2300,2200,04-Jan-25
12855,Hathras,Haathras,Onion,Red,FAQ,2250,2450,2350,16-Jan-25
12856,North 24 Parganas,Habra,Onion,Other,FAQ,2500,3000,2800,14-Jan-25
12857,North 24 Parganas,Habra,Onion,Other,FAQ,2500,3000,2800,16-Jan-25
12858,North 24 Parganas,Habra,Onion,Other,FAQ,3000,3200,3200,28-Jan-25
12859,North 24 Parganas,Habra,Onion,Other,FAQ,3000,3200,3200,31-Jan-25
12860,Hamirpur,Hamirpur,Onion,Other,FAQ,2800,3000,2900,10-Jan-25
12861,Hamirpur,Hamirpur,Onion,Other,FAQ,3000,3300,3200,04-Jan-25
12862,Hamirpur,Hamirpur(Nadaun),Onion,Other,FAQ,2800,3200,3000,01-Feb-25
12863,Hissar,Hansi,Onion,Other,FAQ,1500,2500,2000,18-Jan-25
12864,Hissar,Hansi,Onion,Other,FAQ,1500,3000,2000,28-Jan-25
12865,Ghaziabad,Hapur,Onion,Red,FAQ,2300,2400,2320,18-Jan-25
12866,Ghaziabad,Hapur,Onion,Red,FAQ,2300,2410,2350,15-Jan-25
12867,Ghaziabad,Hapur,Onion,Red,FAQ,2400,2500,2450,07-Jan-25
12868,Ghaziabad,Hapur,Onion,Red,FAQ,2500,2600,2560,03-Jan-25
12869,Hardoi,Hardoi,Onion,Pusa-Red,FAQ,2260,2390,2310,24-Jan-25
12870,Sitapur,Hargaon (Laharpur),Onion,Nasik,FAQ,2400,2500,2450,16-Jan-25
12871,Haridwar,Haridwar Union,Onion,Onion,FAQ,1800,2500,2000,08-Jan-25
12872,Haridwar,Haridwar Union,Onion,Onion,Non-FAQ,2000,2600,2400,24-Jan-25
12873,Palwal,Hassanpur,Onion,Other,FAQ,1200,1200,1200,23-Jan-25
12874,Salem,Hasthampatti(Uzhavar Sandhai ),Onion,Bellary,Local,4500,5000,5000,18-Jan-25
12875,Salem,Hasthampatti(Uzhavar Sandhai ),Onion,Bellary,Local,5000,5600,5600,13-Jan-25
12876,Salem,Hasthampatti(Uzhavar Sandhai ),Onion,Bellary,Local,5000,5600,5600,21-Jan-25
12877,Salem,Hasthampatti(Uzhavar Sandhai ),Onion,Bellary,Local,5000,6000,6000,10-Jan-25
12878,Salem,Hasthampatti(Uzhavar Sandhai ),Onion,Bellary,Local,5500,6000,6000,25-Jan-25
12879,Dhenkanal,Hindol,Onion,Other,Non-FAQ,3000,3500,3200,21-Jan-25
12880,Dhenkanal,Hindol,Onion,Other,Non-FAQ,3300,3500,3400,23-Jan-25
12881,Nagpur,Hingna,Onion,Red,FAQ,2000,3000,2000,13-Jan-25
12882,Nagpur,Hingna,Onion,Red,Local,3000,3000,3000,25-Jan-25
12883,Ganjam,Hinjilicut,Onion,Other,FAQ,3000,4000,4000,16-Jan-25
12884,Hissar,Hissar,Onion,Other,FAQ,1500,2400,2000,14-Jan-25
12885,Hissar,Hissar,Onion,Other,Non-FAQ,1500,2000,2000,24-Jan-25
12886,Hissar,Hissar,Onion,Other,Non-FAQ,1600,2200,1900,21-Jan-25
12887,Hoshiarpur,Hoshiarpur,Onion,Other,FAQ,1800,2400,2200,18-Jan-25
12888,Hoshiarpur,Hoshiarpur,Onion,Other,FAQ,2000,2300,2100,23-Jan-25
12889,Krishnagiri,Hosur(Uzhavar Sandhai ),Onion,Bellary,Local,3500,4000,4000,31-Jan-25
12890,Krishnagiri,Hosur(Uzhavar Sandhai ),Onion,Bellary,Local,4500,5000,5000,07-Jan-25
12891,Dharwad,Hubli (Amaragol),Onion,Local,FAQ,500,1500,800,16-Jan-25
12892,Dharwad,Hubli (Amaragol),Onion,Local,FAQ,500,2500,1300,11-Jan-25
12893,Dharwad,Hubli (Amaragol),Onion,Local,FAQ,500,2500,1800,08-Jan-25
12894,Dharwad,Hubli (Amaragol),Onion,Local,Ref grade-1,400,2200,1250,01-Feb-25
12895,Dharwad,Hubli (Amaragol),Onion,Telagi,FAQ,1500,2500,2000,29-Jan-25
12896,Imphal West,Imphal,Onion,Other,FAQ,3800,4500,4150,28-Jan-25
12897,Imphal West,Imphal,Onion,Other,FAQ,3800,4500,4150,31-Jan-25
12898,Indore,Indore,Onion,Local,FAQ,1200,1200,1200,13-Jan-25
12899,Indore,Indore,Onion,Onion,FAQ,382,2555,2275,08-Jan-25
12900,Indore,Indore,Onion,Onion,Non-FAQ,404,2565,2100,25-Jan-25
12901,Indore,Indore,Onion,Onion,Non-FAQ,760,2474,2474,23-Jan-25
12902,Karnal,Indri,Onion,Other,Non-FAQ,2400,2500,2500,17-Jan-25
12903,Mahendragarh-Narnaul,Mohindergarh,Onion,Onion,FAQ,1500,2000,2000,12-Jan-25
12904,Morbi,Morbi,Onion,Onion,FAQ,500,2200,1350,27-Jan-25
12905,Jhansi,Moth,Onion,Red,FAQ,1950,2100,2040,28-Jan-25
12906,Jhansi,Moth,Onion,Red,FAQ,1950,2100,2050,13-Jan-25
12907,Jhansi,Moth,Onion,Red,FAQ,2000,2100,2070,19-Jan-25
12908,Jalpaiguri,Moynaguri,Onion,Nasik,FAQ,2700,2900,2800,19-Jan-25
12909,Jalpaiguri,Moynaguri,Onion,Nasik,FAQ,2800,2900,2900,23-Jan-25
12910,Hoshiarpur,Mukerian,Onion,Onion,FAQ,2100,2500,2300,14-Jan-25
12911,Hoshiarpur,Mukerian,Onion,Onion,FAQ,2100,2500,2300,16-Jan-25
12912,Hoshiarpur,Mukerian(Talwara),Onion,Onion,FAQ,2200,2800,2500,20-Jan-25
12913,Kozhikode(Calicut),Mukkom,Onion,Onion,FAQ,3800,4200,4000,14-Jan-25
12914,Muktsar,Muktsar,Onion,Other,FAQ,2500,3000,2800,24-Jan-25
12915,Muktsar,Muktsar,Onion,Other,Non-FAQ,2500,3000,2800,22-Jan-25
12916,Sambhal,Muradabad,Onion,Red,FAQ,2200,2280,2240,19-Jan-25
12917,Madhepura,Murliganj,Onion,White,FAQ,2400,2900,2500,18-Jan-25
12918,Thiruchirappalli,Musiri(Uzhavar Sandhai ),Onion,Bellary,Local,3500,6000,6000,10-Jan-25
12919,Hamirpur,Muskara,Onion,Red,FAQ,2200,2400,2300,03-Jan-25
12920,Hamirpur,Muskara,Onion,Red,FAQ,2200,2400,2300,06-Jan-25
12921,Thiruvarur,Muthupettai(Uzhavar Sandhai ),Onion,Bellary,Local,5000,5000,5000,08-Jan-25
12922,Thiruvarur,Muthupettai(Uzhavar Sandhai ),Onion,Bellary,Local,5000,5000,5000,13-Jan-25
12923,Thiruvarur,Muthupettai(Uzhavar Sandhai ),Onion,Bellary,Local,5000,5000,5000,21-Jan-25
12924,Muzaffarnagar,Muzzafarnagar,Onion,Red,FAQ,2300,2500,2400,15-Jan-25
12925,Muzaffarnagar,Muzzafarnagar,Onion,Red,FAQ,2300,2600,2500,04-Jan-25
12926,Muzaffarnagar,Muzzafarnagar,Onion,Red,FAQ,2400,2600,2500,09-Jan-25
12927,Muzaffarnagar,Muzzafarnagar,Onion,Red,FAQ,2400,2700,2500,11-Jan-25
12928,Mysore,Mysore (Bandipalya),Onion,Other,FAQ,2900,3600,3000,25-Jan-25
12929,Nadia,Nadia,Onion,Other,Non-FAQ,2500,2850,2600,21-Jan-25
12930,Kheda,Nadiyad(Piplag),Onion,Onion,Non-FAQ,1000,1800,1500,24-Jan-25
12931,Kheda,Nadiyad(Piplag),Onion,Onion,Non-FAQ,1600,2000,1800,20-Jan-25
12932,Nagapattinam,Nagapattinam(Uzhavar Sandhai ),Onion,Bellary,Local,2000,3000,3000,30-Jan-25
12933,Nagapattinam,Nagapattinam(Uzhavar Sandhai ),Onion,Bellary,Local,2500,3000,3000,10-Jan-25
12934,Nagapattinam,Nagapattinam(Uzhavar Sandhai ),Onion,Bellary,Local,2500,3000,3000,26-Jan-25
12935,Nagapattinam,Nagapattinam(Uzhavar Sandhai ),Onion,Bellary,Local,2500,3000,3000,27-Jan-25
12936,Nagapattinam,Nagapattinam(Uzhavar Sandhai ),Onion,Bellary,Local,2500,3000,3000,31-Jan-25
12937,Bijnor,Nagina,Onion,Red,FAQ,1000,1800,1500,17-Jan-25
12938,Nagpur,Nagpur,Onion,White,FAQ,1600,2800,2500,09-Jan-25
12939,Nagpur,Nagpur,Onion,White,FAQ,1600,3000,2650,04-Jan-25
12940,Nagpur,Nagpur,Onion,White,Local,1500,2500,2250,30-Jan-25
12941,Bijnor,Najibabad,Onion,Red,FAQ,800,1200,1000,21-Jan-25
12942,Namakkal,Namakkal(Uzhavar Sandhai ),Onion,Bellary,Local,3500,4000,4000,17-Jan-25
12943,Namakkal,Namakkal(Uzhavar Sandhai ),Onion,Bellary,Local,4400,4700,4700,26-Jan-25
12944,Namakkal,Namakkal(Uzhavar Sandhai ),Onion,Bellary,Local,4500,5000,5000,09-Jan-25
12945,Namakkal,Namakkal(Uzhavar Sandhai ),Onion,Bellary,Local,4500,5000,5000,11-Jan-25
12946,Chengalpattu,Nanganallur(Uzhavar Sandhai ),Onion,Bellary,Local,3000,4000,4000,22-Jan-25
12947,Chengalpattu,Nanganallur(Uzhavar Sandhai ),Onion,Bellary,Local,3500,4000,4000,21-Jan-25
12948,Thiruvellore,Naravarikuppam(Uzhavar Sandhai ),Onion,Bellary,Local,4000,4000,4000,01-Feb-25
12949,Thiruvellore,Naravarikuppam(Uzhavar Sandhai ),Onion,Bellary,Local,4500,4500,4500,26-Jan-25
12950,Thiruvellore,Naravarikuppam(Uzhavar Sandhai ),Onion,Bellary,Local,4500,4500,4500,29-Jan-25
12951,Thiruvellore,Naravarikuppam(Uzhavar Sandhai ),Onion,Bellary,Local,5000,5000,5000,10-Jan-25
12952,Ahmednagar,Sangamner,Onion,Red,FAQ,500,3455,1977,22-Jan-25
12953,Ahmednagar,Sangamner,Onion,Red,FAQ,500,3800,2150,02-Jan-25
12954,Sangli,"Sangli(Phale, Bhajipura Market)",Onion,Local,FAQ,1000,3300,2150,06-Jan-25
12955,Sangli,"Sangli(Phale, Bhajipura Market)",Onion,Local,FAQ,1000,3300,2150,23-Jan-25
12956,Sangli,"Sangli(Phale, Bhajipura Market)",Onion,Local,Local,1000,2500,1750,31-Jan-25
12957,Hanumangarh,Sangriya,Onion,Onion,FAQ,2300,3300,2900,18-Jan-25
12958,Tenkasi,Sankarankoil(Uzhavar Sandhai ),Onion,Bellary,Local,4000,5000,5000,23-Jan-25
12959,Tenkasi,Sankarankoil(Uzhavar Sandhai ),Onion,Bellary,Local,4000,5000,5000,25-Jan-25
12960,Kallakuruchi,Sankarapuram(Uzhavar Sandhai ),Onion,Bellary,Local,4000,5000,5000,23-Jan-25
12961,Una,Santoshgarh,Onion,Onion,FAQ,2600,3000,2800,23-Jan-25
12962,Sundergarh,Sargipali,Onion,Other,Non-FAQ,2000,2500,2200,27-Jan-25
12963,Satara,Satara,Onion,Other,FAQ,1000,2500,1750,15-Jan-25
12964,Satara,Satara,Onion,Other,FAQ,1000,3300,2100,08-Jan-25
12965,Satara,Satara,Onion,Other,Local,1000,2500,1750,29-Jan-25
12966,Satara,Satara,Onion,Other,Local,1000,3200,2100,28-Jan-25
12967,Erode,Sathiyamagalam(Uzhavar Sandhai ),Onion,Bellary,Local,4000,4400,4400,26-Jan-25
12968,Erode,Sathiyamagalam(Uzhavar Sandhai ),Onion,Bellary,Local,4400,4800,4800,13-Jan-25
12969,Erode,Sathiyamagalam(Uzhavar Sandhai ),Onion,Bellary,Local,4400,4800,4800,15-Jan-25
12970,Hathras,Shadabad,Onion,Red,FAQ,2100,2200,2150,15-Jan-25
12971,Hathras,Shadabad,Onion,Red,FAQ,3100,3200,3150,26-Jan-25
12972,Hathras,Shadabad,Onion,Red,FAQ,3100,3200,3150,29-Jan-25
12973,Kurukshetra,Shahabad,Onion,Onion,FAQ,2000,2800,2500,09-Jan-25
12974,Hardoi,Shahabad(New Mandi),Onion,Red,FAQ,2300,2400,2350,20-Jan-25
12975,Delhi,Shahdara,Onion,Other,Non-FAQ,2000,2700,2300,19-Jan-25
12976,Delhi,Shahdara,Onion,Other,Non-FAQ,2000,2800,2400,27-Jan-25
12977,Jaunpur,Shahganj,Onion,Red,FAQ,2050,2150,2100,01-Jan-25
12978,Jaunpur,Shahganj,Onion,Red,FAQ,2500,2600,2550,08-Jan-25
12979,Shahjahanpur,Shahjahanpur,Onion,Red,FAQ,2200,2320,2260,20-Jan-25
12980,Shahjahanpur,Shahjahanpur,Onion,Red,FAQ,2240,2360,2300,03-Jan-25
12981,Ambala,Shahzadpur,Onion,Local,FAQ,2000,2000,2000,01-Jan-25
12982,Ambala,Shahzadpur,Onion,Local,FAQ,2000,2000,2000,20-Jan-25
12983,Shajapur,Shajapur,Onion,Medium,FAQ,347,1762,1200,16-Jan-25
12984,Mandsaur,Shamgarh,Onion,Onion,FAQ,200,1901,1600,30-Jan-25
12985,Mandsaur,Shamgarh,Onion,Onion,Non-FAQ,600,1621,1600,30-Jan-25
12986,Shamli,Shamli,Onion,Red,FAQ,2150,2250,2200,01-Feb-25
12987,Shamli,Shamli,Onion,Red,Non-FAQ,1000,1800,1400,29-Jan-25
12988,Hooghly,Sheoraphuly,Onion,Nasik,FAQ,2800,3200,3000,16-Jan-25
12989,Ahmednagar,Shevgaon,Onion,1st Sort,FAQ,1600,2100,1800,11-Jan-25
12990,Ahmednagar,Shevgaon,Onion,1st Sort,FAQ,2400,3000,2400,25-Jan-25
12991,Ahmednagar,Shevgaon,Onion,2nd Sort,FAQ,900,1300,1150,16-Jan-25
12992,Shimla,Shimla,Onion,1st Sort,FAQ,2500,3200,2800,25-Jan-25
12993,Shimla,Shimla,Onion,1st Sort,FAQ,2500,3200,3000,27-Jan-25
12994,Shimla,Shimla,Onion,1st Sort,FAQ,3000,3400,3000,13-Jan-25
12995,Ahmednagar,Shrigonda,Onion,Other,Local,500,2700,2400,27-Jan-25
12996,Shajapur,Shujalpur,Onion,Red,FAQ,670,2460,2460,06-Jan-25
12997,Shajapur,Shujalpur,Onion,Red,FAQ,741,2501,1700,07-Jan-25
12998,Shajapur,Shujalpur(F&V),Onion,Onion,FAQ,800,1913,1150,13-Jan-25
12999,Shajapur,Shujalpur(F&V),Onion,Onion,FAQ,800,2501,1400,07-Jan-25
13000,Bulandshahar,Sikanderabad,Onion,Medium,FAQ,1800,2000,1900,13-Jan-25
13001,Sikar,Sikar,Onion,1st Sort,FAQ,1000,1800,1400,07-Jan-25
13002,Sikar,Sikar,Onion,Onion,FAQ,800,1600,1200,13-Jan-25
13003,Kathua,Kathua,Onion,Other,FAQ,2000,2500,2250,15-Jan-25
13004,Kathua,Kathua,Onion,Other,FAQ,2500,3000,2750,10-Jan-25
13005,Vellore,Katpadi (Uzhavar Sandhai ),Onion,Bellary,Local,4000,4600,4600,26-Jan-25
13006,Vellore,Katpadi (Uzhavar Sandhai ),Onion,Bellary,Local,4800,4800,4800,10-Jan-25
13007,Idukki,Kattappana,Onion,Small,FAQ,5800,6000,6000,28-Jan-25
13008,Idukki,Kattappana,Onion,Small,FAQ,8800,10000,9600,07-Jan-25
13009,Purba Bardhaman,Katwa,Onion,Other,FAQ,2400,2600,2500,17-Jan-25
13010,Krishnagiri,Kaveripattinam(Uzhavar Sandhai ),Onion,Bellary,Local,4000,5000,5000,02-Jan-25
13011,Krishnagiri,Kaveripattinam(Uzhavar Sandhai ),Onion,Bellary,Local,4000,5000,5000,24-Jan-25
13012,Farukhabad,Kayamganj,Onion,Red,FAQ,2320,2420,2370,15-Jan-25
13013,Alappuzha,Kayamkulam,Onion,Big,FAQ,3100,3300,3200,07-Jan-25
13014,Alappuzha,Kayamkulam,Onion,Big,FAQ,3400,3600,3500,01-Feb-25
13015,Alappuzha,Kayamkulam,Onion,Big,FAQ,3800,4000,3900,26-Jan-25
13016,Alappuzha,Kayamkulam,Onion,Big,FAQ,3900,4100,4000,23-Jan-25
13017,Alappuzha,Kayamkulam,Onion,Small,FAQ,6800,7000,6900,09-Jan-25
13018,Alappuzha,Kayamkulam,Onion,Small,FAQ,7900,8100,8000,14-Jan-25
13019,Thiruvannamalai,Keelpennathur(Uzhavar Sandhai ),Onion,Bellary,Local,2500,3500,3500,29-Jan-25
13020,Thiruvannamalai,Keelpennathur(Uzhavar Sandhai ),Onion,Bellary,Local,3000,4000,4000,09-Jan-25
13021,Thiruvannamalai,Keelpennathur(Uzhavar Sandhai ),Onion,Bellary,Local,3500,4500,4500,25-Jan-25
13022,Thiruvannamalai,Keelpennathur(Uzhavar Sandhai ),Onion,Bellary,Local,4000,4500,4500,17-Jan-25
13023,Delhi,Keshopur,Onion,Onion,FAQ,2000,3000,2300,16-Jan-25
13024,Aligarh,Khair,Onion,Red,Non-FAQ,1800,2000,1900,31-Jan-25
13025,Sant Kabir Nagar,Khalilabad,Onion,Red,FAQ,1850,2000,1900,20-Jan-25
13026,Khandwa,Khandwa,Onion,Local,FAQ,600,1000,1000,21-Jan-25
13027,Khandwa,Khandwa,Onion,Local,FAQ,1200,1300,1200,08-Jan-25
13028,Ludhiana,Khanna,Onion,Other,FAQ,1200,2000,1500,10-Jan-25
13029,Mohali,Kharar,Onion,Other,FAQ,2600,3000,2800,15-Jan-25
13030,Nuapada,Khariar,Onion,Dry F.A.Q.,FAQ,3000,3100,3000,07-Jan-25
13031,Pune,Khed(Chakan),Onion,Other,FAQ,1500,2200,1900,16-Jan-25
13032,Boudh,Khunthabandha,Onion,Other,FAQ,3500,5000,4000,17-Jan-25
13033,Bulandshahar,Khurja,Onion,Red,FAQ,2000,2200,2100,29-Jan-25
13034,Bulandshahar,Khurja,Onion,Red,FAQ,2000,2200,2100,30-Jan-25
13035,Bulandshahar,Khurja,Onion,Red,FAQ,2080,2280,2180,25-Jan-25
13036,Bulandshahar,Khurja,Onion,Red,FAQ,2350,2550,2450,07-Jan-25
13037,UdhamSinghNagar,Kicchha,Onion,Other,FAQ,1700,1900,1800,03-Jan-25
13038,Rohtas,Kochas (Balthari),Onion,Medium,FAQ,2100,2300,2200,03-Jan-25
13039,Rohtas,Kochas (Balthari),Onion,Medium,FAQ,2200,2400,2300,17-Jan-25
13040,Palakad,Koduvayoor,Onion,Big,FAQ,3800,4200,4000,06-Jan-25
13041,Palakad,Koduvayoor,Onion,Big,FAQ,3800,4200,4000,20-Jan-25
13042,Kolhapur,Kolhapur,Onion,Other,Local,600,3100,1700,28-Jan-25
13043,Palakad,Kollengode,Onion,Big,FAQ,3500,3900,3700,31-Jan-25
13044,Palakad,Kollengode,Onion,Big,FAQ,4500,4900,4700,01-Jan-25
13045,Palakad,Kollengode,Onion,Small,FAQ,9000,9400,9200,20-Jan-25
13046,Malappuram,Kondotty,Onion,Other,FAQ,3700,3900,3800,01-Feb-25
13047,Malappuram,Kondotty,Onion,Other,FAQ,4800,5000,4900,10-Jan-25
13048,Ahmednagar,Kopargaon,Onion,Red,FAQ,1000,2550,2290,24-Jan-25
13049,Mathura,Kosikalan,Onion,Red,FAQ,2250,2340,2300,25-Jan-25
13050,Kota,Kota (F&V),Onion,Other,FAQ,200,2000,1100,15-Jan-25
13051,Garhwal (Pauri),Kotadwara,Onion,Other,FAQ,1800,2200,2000,15-Jan-25
13052,Garhwal (Pauri),Kotadwara,Onion,Other,FAQ,2000,2500,2300,12-Jan-25
13053,Ernakulam,Kothamangalam,Onion,Big,FAQ,3000,4000,3500,08-Jan-25
13054,Madhubani,Jainagar,Onion,Medium,FAQ,3000,3400,3200,01-Feb-25
13055,Fatehabad,Jakhal,Onion,Other,FAQ,1800,1800,1800,23-Jan-25
13056,Fatehabad,Jakhal,Onion,Other,FAQ,2100,2100,2100,30-Jan-25
13057,Salem,Jalagandapuram(Uzhavar Sandhai ),Onion,Bellary,Local,4500,4800,4800,20-Jan-25
13058,Salem,Jalagandapuram(Uzhavar Sandhai ),Onion,Bellary,Local,5000,5500,5500,09-Jan-25
13059,Salem,Jalagandapuram(Uzhavar Sandhai ),Onion,Bellary,Local,5000,5500,5500,22-Jan-25
13060,Salem,Jalagandapuram(Uzhavar Sandhai ),Onion,Bellary,Local,5000,5500,5500,23-Jan-25
13061,Jalana,Jalana,Onion,Other,FAQ,200,1400,800,20-Jan-25
13062,Jalandhar,Jalandhar City(Jalandhar),Onion,Other,FAQ,500,1500,1000,07-Jan-25
13063,Jalandhar,Jalandhar City(Jalandhar),Onion,Other,FAQ,500,1600,1100,01-Feb-25
13064,Jalaun (Orai),Jalaun,Onion,Red,FAQ,2000,2200,2100,10-Jan-25
13065,Balasore,Jaleswar,Onion,Other,FAQ,3000,3400,3200,16-Jan-25
13066,Jalgaon,Jalgaon,Onion,Red,FAQ,750,2250,1500,17-Jan-25
13067,Jalgaon,Jalgaon,Onion,Red,FAQ,1000,2500,2000,04-Jan-25
13068,Jalore,Jalore,Onion,Other,FAQ,2500,3000,2800,07-Jan-25
13069,Jalpaiguri,Jalpaiguri Sadar,Onion,Nasik,FAQ,2800,3000,2900,25-Jan-25
13070,Jalpaiguri,Jalpaiguri Sadar,Onion,Nasik,FAQ,2900,3100,3000,07-Jan-25
13071,Jalpaiguri,Jalpaiguri Sadar,Onion,Nasik,FAQ,3100,3200,3200,10-Jan-25
13072,Chengalpattu,Jameenrayapettai(Uzhavar Sandhai ),Onion,Bellary,Local,3500,5000,5000,18-Jan-25
13073,Ahmednagar,Jamkhed,Onion,Red,FAQ,100,3000,1550,09-Jan-25
13074,Ahmednagar,Jamkhed,Onion,Red,FAQ,200,3750,1975,04-Jan-25
13075,Jamui,Jamui,Onion,Medium,FAQ,2600,2700,2700,17-Jan-25
13076,Murshidabad,Jangipur,Onion,Red,FAQ,2745,2800,2775,15-Jan-25
13077,UdhamSinghNagar,Jaspur(UC),Onion,Other,FAQ,1900,2100,2000,16-Jan-25
13078,Etawah,Jasvantnagar,Onion,Red,FAQ,2170,2270,2220,10-Jan-25
13079,Etawah,Jasvantnagar,Onion,Red,FAQ,2170,2270,2220,16-Jan-25
13080,Etawah,Jasvantnagar,Onion,Red,FAQ,2270,2370,2320,15-Jan-25
13081,Etawah,Jasvantnagar,Onion,Red,FAQ,2310,2410,2360,06-Jan-25
13082,Etawah,Jasvantnagar,Onion,Red,FAQ,2460,2560,2510,01-Jan-25
13083,Etawah,Jasvantnagar,Onion,Red,FAQ,2470,2570,2520,04-Jan-25
13084,Etawah,Jasvantnagar,Onion,Red,Non-FAQ,2070,2170,2120,27-Jan-25
13085,Jaunpur,Jaunpur,Onion,Red,FAQ,2475,2535,2500,14-Jan-25
13086,Raebarelli,Jayas,Onion,Red,FAQ,2100,2220,2150,01-Feb-25
13087,Raebarelli,Jayas,Onion,Red,FAQ,2300,2400,2340,18-Jan-25
13088,Raebarelli,Jayas,Onion,Red,FAQ,2340,2400,2380,10-Jan-25
13089,Raebarelli,Jayas,Onion,Red,FAQ,2460,2580,2500,03-Jan-25
13090,Rajkot,Jetpur(Dist.Rajkot),Onion,Onion,FAQ,505,2230,1605,17-Jan-25
13091,Rajkot,Jetpur(Dist.Rajkot),Onion,Onion,FAQ,605,2025,1550,03-Jan-25
13092,Ariyalur,Jeyankondam (Uzhavar Sandhai ),Onion,Bellary,Local,4000,4500,4500,22-Jan-25
13093,Ariyalur,Jeyankondam (Uzhavar Sandhai ),Onion,Bellary,Local,4000,5200,5200,04-Jan-25
13094,Ariyalur,Jeyankondam (Uzhavar Sandhai ),Onion,Bellary,Local,4000,5200,5200,06-Jan-25
13095,Jhajar,Jhajjar,Onion,Other,FAQ,2400,2600,2500,16-Jan-25
13096,Jhajar,Jhajjar,Onion,Other,FAQ,2400,2600,2500,21-Jan-25
13097,Jhajar,Jhajjar,Onion,Other,FAQ,2800,3200,3000,05-Jan-25
13098,Jharsuguda,Jharsuguda,Onion,Other,FAQ,4000,4000,4000,19-Jan-25
13099,Jind,Jind,Onion,Other,FAQ,1500,2200,2100,04-Jan-25
13100,Jind,Jind,Onion,Other,FAQ,1500,2500,2100,09-Jan-25
13101,Jind,Jind,Onion,Other,Non-FAQ,1500,2300,2100,29-Jan-25
13102,Pune,Junnar(Alephata),Onion,Other,FAQ,1000,3300,2200,17-Jan-25
13103,Pune,Junnar(Narayangaon),Onion,Other,FAQ,500,2200,1400,13-Jan-25
13104,Pune,Junnar(Narayangaon),Onion,Other,FAQ,1700,3310,2500,03-Jan-25
13105,Pune,Junnar(Otur),Onion,Red,Local,1500,3000,2500,30-Jan-25
13106,Etawah,Etawah,Onion,Red,FAQ,1800,2200,2100,01-Feb-25
13107,Etawah,Etawah,Onion,Red,FAQ,1900,2200,2100,27-Jan-25
13108,Kottayam,Ettumanoor,Onion,Onion,FAQ,7600,8000,7800,31-Jan-25
13109,Kottayam,Ettumanoor,Onion,Onion,FAQ,8800,9000,8900,03-Jan-25
13110,Gurdaspur,F.G.Churian,Onion,Onion,FAQ,2800,3000,2900,03-Jan-25
13111,Gurdaspur,F.G.Churian,Onion,Onion,FAQ,2800,3000,2900,30-Jan-25
13112,Ayodhya,Faizabad,Onion,Red,FAQ,2250,2400,2320,13-Jan-25
13113,Alipurduar,Falakata,Onion,Other,FAQ,3200,3500,3400,07-Jan-25
13114,Faridabad,Faridabad,Onion,Other,FAQ,2000,3500,2750,12-Jan-25
13115,Faridkot,Faridkot,Onion,Onion,FAQ,2000,2500,2200,15-Jan-25
13116,Gurgaon,Farukh Nagar,Onion,Other,FAQ,1800,2200,1800,26-Jan-25
13117,Gurgaon,Farukh Nagar,Onion,Other,FAQ,2000,2500,2000,31-Jan-25
13118,Farukhabad,Farukhabad,Onion,Red,FAQ,2300,2500,2400,05-Jan-25
13119,Fatehpur,Fatehpur,Onion,Red,FAQ,1800,2000,1910,22-Jan-25
13120,Fatehpur,Fatehpur,Onion,Red,FAQ,2050,2300,2170,04-Jan-25
13121,Fazilka,Fazilka,Onion,Other,FAQ,2000,2500,2200,31-Jan-25
13122,Firozabad,Firozabad,Onion,Red,Non-FAQ,1790,1900,1860,31-Jan-25
13123,Maharajganj,Gadaura,Onion,Red,FAQ,2300,2500,2400,20-Jan-25
13124,Malda,Gajol,Onion,Other,FAQ,2000,2800,2400,26-Jan-25
13125,Malda,Gajol,Onion,Other,FAQ,2000,2800,2400,29-Jan-25
13126,Sonipat,Ganaur,Onion,Onion,FAQ,2800,3000,2800,04-Jan-25
13127,Sonipat,Ganaur,Onion,Onion,Non-FAQ,2800,3000,2800,30-Jan-25
13128,Pudukkottai,Gandarvakottai(Uzhavar Sandhai ),Onion,Bellary,Local,4000,5000,5000,05-Jan-25
13129,Pudukkottai,Gandarvakottai(Uzhavar Sandhai ),Onion,Bellary,Local,4400,5000,5000,06-Jan-25
13130,Hoshiarpur,Garh Shankar,Onion,Other,FAQ,2000,2500,2200,20-Jan-25
13131,Hoshiarpur,Garh Shankar(Mahalpur),Onion,Onion,FAQ,2000,2500,2300,23-Jan-25
13132,Hoshiarpur,Garh Shankar(Mahalpur),Onion,Onion,FAQ,2000,2500,2300,25-Jan-25
13133,Hoshiarpur,Garh Shankar(Mahalpur),Onion,Onion,FAQ,2500,2800,2700,13-Jan-25
13134,Sagar,Garhakota,Onion,Onion,FAQ,1100,1150,1150,11-Jan-25
13135,Hoshiarpur,GarhShankar (Kotfatuhi),Onion,Other,FAQ,1700,2000,1800,03-Jan-25
13136,Hoshiarpur,GarhShankar (Kotfatuhi),Onion,Other,FAQ,2000,2500,2200,08-Jan-25
13137,Hoshiarpur,GarhShankar (Kotfatuhi),Onion,Other,FAQ,2000,2500,2200,13-Jan-25
13138,Mandsaur,Garoth,Onion,Onion,FAQ,200,1790,600,17-Jan-25
13139,Mandsaur,Garoth,Onion,Onion,Non-FAQ,200,1996,1000,28-Jan-25
13140,Ghazipur,Gazipur,Onion,Red,FAQ,2480,2520,2500,09-Jan-25
13141,Patiala,Ghanaur,Onion,Other,FAQ,2100,2400,2250,19-Jan-25
13142,Patiala,Ghanaur,Onion,Other,FAQ,2500,3000,2800,22-Jan-25
13143,Patiala,Ghanaur,Onion,Other,FAQ,2800,3000,2900,03-Jan-25
13144,Villupuram,Gingee(Uzhavar Sandhai ),Onion,Bellary,Local,4000,5000,5000,07-Jan-25
13145,Villupuram,Gingee(Uzhavar Sandhai ),Onion,Bellary,Local,4000,5000,5000,09-Jan-25
13146,Erode,Gobichettipalayam(Uzhavar Sandhai ),Onion,Bellary,Local,4500,4800,4800,21-Jan-25
13147,Sonipat,Gohana,Onion,Other,FAQ,2000,2500,2200,23-Jan-25
13148,Lakhimpur,Golagokarnath,Onion,Red,FAQ,2200,2300,2270,22-Jan-25
13149,Lakhimpur,Golagokarnath,Onion,Red,FAQ,2260,2400,2330,24-Jan-25
13150,Lakhimpur,Golagokarnath,Onion,Red,FAQ,2300,2400,2350,21-Jan-25
13151,Lakhimpur,Golagokarnath,Onion,Red,FAQ,2400,2550,2470,15-Jan-25
13152,Lakhimpur,Golagokarnath,Onion,Red,FAQ,2900,3000,2960,06-Jan-25
13153,Rajkot,Gondal,Onion,Red,FAQ,655,2505,2005,07-Jan-25
13154,Rajkot,Gondal,Onion,White,FAQ,1055,1355,1205,28-Jan-25
13155,Rajkot,Gondal,Onion,White,FAQ,1205,2130,1930,07-Jan-25
13156,Bhadohi(Sant Ravi Nagar),Gopiganj,Onion,Red,FAQ,2350,2450,2400,17-Jan-25
13157,Gorakhpur,Gorakhpur,Onion,Red,FAQ,2150,2375,2250,12-Jan-25
13158,Pudukkottai,Pudukottai(Uzhavar Sandhai ),Onion,Bellary,Local,4000,5000,5000,25-Jan-25
13159,Pudukkottai,Pudukottai(Uzhavar Sandhai ),Onion,Bellary,Local,5000,6000,6000,06-Jan-25
13160,Kanpur Dehat,Pukharayan,Onion,Red,FAQ,2550,2600,2580,01-Jan-25
13161,Kaithal,Pundri,Onion,Other,Non-FAQ,1500,1600,1550,21-Jan-25
13162,Kaithal,Pundri,Onion,Other,Non-FAQ,1500,1600,1550,30-Jan-25
13163,Pune,Pune,Onion,Local,FAQ,1500,3200,2350,07-Jan-25
13164,Pune,Pune(Khadiki),Onion,Local,FAQ,1000,2600,1800,03-Jan-25
13165,Pune,Pune(Khadiki),Onion,Local,FAQ,1600,2200,1900,24-Jan-25
13166,Pune,Pune(Manjri),Onion,Local,FAQ,2200,2600,2400,01-Jan-25
13167,Pune,Pune(Manjri),Onion,Local,Local,2600,3100,2800,30-Jan-25
13168,Pune,Pune(Moshi),Onion,Local,FAQ,500,2000,1250,16-Jan-25
13169,Pune,Pune(Moshi),Onion,Local,FAQ,500,2500,1500,09-Jan-25
13170,Pune,Pune(Moshi),Onion,Local,FAQ,500,3000,1750,04-Jan-25
13171,Pune,Pune(Moshi),Onion,Local,FAQ,800,3000,1900,21-Jan-25
13172,Pune,Pune(Moshi),Onion,Local,Local,600,2500,1550,31-Jan-25
13173,Pune,Pune(Pimpri),Onion,Local,FAQ,1500,3000,2250,03-Jan-25
13174,Mewat,Punhana,Onion,Other,FAQ,2000,2000,2000,20-Jan-25
13175,Pillibhit,Puranpur,Onion,Red,FAQ,2170,2260,2215,15-Jan-25
13176,Pillibhit,Puranpur,Onion,Red,FAQ,2205,2295,2255,25-Jan-25
13177,Pillibhit,Puranpur,Onion,Red,Non-FAQ,2215,2300,2255,29-Jan-25
13178,Puruliya,Purulia,Onion,Other,FAQ,1900,2800,2400,30-Jan-25
13179,Puruliya,Purulia,Onion,Other,FAQ,2200,2500,2300,01-Jan-25
13180,Puruliya,Purulia,Onion,Other,FAQ,2300,2800,2500,16-Jan-25
13181,Puruliya,Purulia,Onion,Other,FAQ,2600,3500,3000,04-Jan-25
13182,Puruliya,Purulia,Onion,Other,FAQ,2800,3500,3000,03-Jan-25
13183,Unnao,Purwa,Onion,Red,FAQ,2350,2500,2450,14-Jan-25
13184,Unnao,Purwa,Onion,Red,FAQ,2725,2850,2800,01-Jan-25
13185,Kozhikode(Calicut),Quilandy,Onion,Other,FAQ,3900,4000,4000,04-Jan-25
13186,Yamuna Nagar,Radaur,Onion,Other,FAQ,1800,2200,2000,03-Jan-25
13187,Yamuna Nagar,Radaur,Onion,Other,FAQ,2500,3000,2800,10-Jan-25
13188,Ahmednagar,Rahata,Onion,Red,FAQ,400,3000,2300,24-Jan-25
13189,Raebarelli,Raibareilly,Onion,Red,FAQ,2400,2450,2425,15-Jan-25
13190,Raigarh,Raigarh,Onion,Local,Local,2200,3000,2600,03-Jan-25
13191,Panchkula,Raipur Rai,Onion,Other,FAQ,2500,2600,2500,06-Jan-25
13192,Panchkula,Raipur Rai,Onion,Other,FAQ,2500,2800,2500,20-Jan-25
13193,Virudhunagar,Rajapalayam(Uzhavar Sandhai ),Onion,Bellary,Local,3500,4000,4000,02-Jan-25
13194,Virudhunagar,Rajapalayam(Uzhavar Sandhai ),Onion,Bellary,Local,4500,5000,5000,24-Jan-25
13195,Virudhunagar,Rajapalayam(Uzhavar Sandhai ),Onion,Bellary,Local,4500,5000,5000,31-Jan-25
13196,Rajkot,Rajkot(Veg.Sub Yard),Onion,Onion,FAQ,625,2550,1850,06-Jan-25
13197,Rajouri,Rajouri (F&V),Onion,Other,Non-FAQ,3200,3400,3300,22-Jan-25
13198,Rajouri,Rajouri (F&V),Onion,Other,Non-FAQ,3200,3400,3300,27-Jan-25
13199,Patiala,Rajpura,Onion,Local,FAQ,1700,2400,2000,21-Jan-25
13200,Patiala,Rajpura,Onion,Local,FAQ,1780,2400,2000,25-Jan-25
13201,Bhatinda,Raman,Onion,Other,FAQ,2275,2335,2295,23-Jan-25
13202,Bhatinda,Raman,Onion,Other,FAQ,2310,2385,2360,20-Jan-25
13203,Bhatinda,Raman,Onion,Other,FAQ,2425,2505,2475,10-Jan-25
13204,Bhatinda,Raman,Onion,Other,FAQ,2510,2555,2535,08-Jan-25
13205,Bhatinda,Raman,Onion,Other,FAQ,2705,2790,2760,02-Jan-25
13206,Howrah,Ramkrishanpur(Howrah),Onion,Other,FAQ,3000,3800,3400,07-Jan-25
13207,Howrah,Ramkrishanpur(Howrah),Onion,Other,FAQ,3200,3800,3600,29-Jan-25
13208,Nanital,Ramnagar,Onion,Other,FAQ,1800,2000,1900,27-Jan-25
13209,Nanital,Ramnagar,Onion,Other,FAQ,2000,2500,2250,18-Jan-25
13210,Sivaganga,Singampunari(Uzhavar Sandhai ),Onion,Bellary,Local,5000,5500,5500,08-Jan-25
13211,Sivaganga,Singampunari(Uzhavar Sandhai ),Onion,Bellary,Local,5000,5500,5500,22-Jan-25
13212,Coimbatore,Singanallur(Uzhavar Sandhai ),Onion,Bellary,Local,4000,4500,4500,23-Jan-25
13213,Coimbatore,Singanallur(Uzhavar Sandhai ),Onion,Bellary,Local,4000,4500,4500,25-Jan-25
13214,Coimbatore,Singanallur(Uzhavar Sandhai ),Onion,Bellary,Local,4000,4600,4600,05-Jan-25
13215,Coimbatore,Singanallur(Uzhavar Sandhai ),Onion,Bellary,Local,4000,4600,4600,06-Jan-25
13216,Nashik,Sinner,Onion,Red,FAQ,500,2390,2150,21-Jan-25
13217,Fatehgarh,Sirhind,Onion,Other,FAQ,2000,2600,2400,31-Jan-25
13218,Fatehgarh,Sirhind,Onion,Other,FAQ,2400,2800,2600,09-Jan-25
13219,Nagapattinam,Sirkali(Uzhavar Sandhai ),Onion,Bellary,Local,3000,4000,4000,10-Jan-25
13220,Nagapattinam,Sirkali(Uzhavar Sandhai ),Onion,Bellary,Local,4000,5000,5000,22-Jan-25
13221,Sirsa,Sirsa,Onion,Other,FAQ,1600,2400,2000,10-Jan-25
13222,Sirsa,Sirsa,Onion,Other,FAQ,1800,2800,2500,07-Jan-25
13223,Sitapur,Sitapur,Onion,Red,FAQ,1600,2450,2320,17-Jan-25
13224,Sitapur,Sitapur,Onion,Red,FAQ,1600,2700,2550,03-Jan-25
13225,Sitapur,Sitapur,Onion,Red,FAQ,1600,2700,2550,06-Jan-25
13226,Mandsaur,Sitmau,Onion,Onion,FAQ,600,2090,1400,01-Jan-25
13227,Mandsaur,Sitmau,Onion,Onion-Organic,FAQ,1120,1120,1120,31-Jan-25
13228,Sivaganga,Sivagangai (Uzhavar Sandhai ),Onion,Bellary,Local,5000,5400,5400,07-Jan-25
13229,Sivaganga,Sivagangai (Uzhavar Sandhai ),Onion,Bellary,Local,5200,5500,5500,02-Jan-25
13230,Virudhunagar,Sivakasi(Uzhavar Sandhai ),Onion,Bellary,Local,3800,4000,4000,16-Jan-25
13231,Virudhunagar,Sivakasi(Uzhavar Sandhai ),Onion,Bellary,Local,3800,4000,4000,17-Jan-25
13232,Kaithal,Siwan,Onion,Other,FAQ,2400,2600,2500,22-Jan-25
13233,Bulandshahar,Siyana,Onion,Red,FAQ,2300,2420,2370,22-Jan-25
13234,Bulandshahar,Siyana,Onion,Red,FAQ,2300,2420,2370,23-Jan-25
13235,Gurgaon,Sohna,Onion,Onion,FAQ,2000,2200,2200,28-Jan-25
13236,Gurgaon,Sohna,Onion,Onion,FAQ,2000,2500,2200,20-Jan-25
13237,Solan,Solan,Onion,Other,FAQ,2200,2800,2700,16-Jan-25
13238,Solan,Solan,Onion,Other,FAQ,2400,2900,2800,25-Jan-25
13239,Solan,Solan(Nalagarh),Onion,Other,FAQ,2600,3000,2800,18-Jan-25
13240,Solan,Solan(Nalagarh),Onion,Other,FAQ,2800,3000,2900,23-Jan-25
13241,Sholapur,Solapur,Onion,Red,FAQ,200,3500,1400,11-Jan-25
13242,Sonipat,Sonepat,Onion,Other,FAQ,2500,2800,2500,31-Jan-25
13243,Sonipat,Sonepat,Onion,Other,FAQ,3400,3600,3400,17-Jan-25
13244,Sonipat,Sonepat(Kharkhoda),Onion,Other,FAQ,1800,2300,2000,28-Jan-25
13245,Dewas,Sonkachh(F&V),Onion,Onion,FAQ,501,1208,855,13-Jan-25
13246,Dewas,Sonkatch,Onion,Local,FAQ,501,1208,1208,13-Jan-25
13247,Ganganagar,Sriganganagar (F&V),Onion,Other,FAQ,2300,2700,2500,23-Jan-25
13248,Ganganagar,Sriganganagar (F&V),Onion,Other,FAQ,2300,2700,2500,25-Jan-25
13249,Ganganagar,Sriganganagar (F&V),Onion,Other,FAQ,2800,3200,3000,09-Jan-25
13250,Virudhunagar,Srivilliputhur(Uzhavar Sandhai ),Onion,Bellary,Local,5500,6000,6000,11-Jan-25
13251,Virudhunagar,Srivilliputhur(Uzhavar Sandhai ),Onion,Bellary,Local,5500,6000,6000,24-Jan-25
13252,Churu,Sujangarh,Onion,Other,FAQ,1700,1900,1800,27-Jan-25
13253,Churu,Sujangarh,Onion,Other,FAQ,1900,2100,2000,30-Jan-25
13254,Churu,Sujangarh,Onion,Other,FAQ,2000,2200,2100,06-Jan-25
13255,Churu,Sujangarh,Onion,Other,FAQ,2100,2300,2200,08-Jan-25
13256,Churu,Sujangarh,Onion,Other,FAQ,2100,2300,2200,13-Jan-25
13257,Churu,Sujangarh,Onion,Other,FAQ,2100,2300,2200,15-Jan-25
13258,Amethi,Sultanpur,Onion,Red,FAQ,2050,2250,2100,30-Jan-25
13259,Amethi,Sultanpur,Onion,Red,FAQ,2350,2550,2440,05-Jan-25
13260,Coimbatore,Sulur(Uzhavar Sandhai ),Onion,Bellary,Local,3500,3800,3800,31-Jan-25
13261,Thirssur,Irinjalakkuda,Onion,Other,FAQ,4000,4000,4000,25-Jan-25
13262,Amethi,Jafarganj,Onion,Red,FAQ,2170,2250,2210,29-Jan-25
13263,Amethi,Jafarganj,Onion,Red,FAQ,2300,2380,2340,17-Jan-25
13264,Amethi,Jafarganj,Onion,Red,FAQ,2300,2400,2350,22-Jan-25
13265,Amethi,Jafarganj,Onion,Red,FAQ,2330,2410,2370,10-Jan-25
13266,Yamuna Nagar,Jagadhri,Onion,Other,FAQ,1800,2200,2000,25-Jan-25
13267,Yamuna Nagar,Jagadhri,Onion,Other,FAQ,2000,2300,2200,28-Jan-25
13268,Bulandshahar,Jahangirabad,Onion,Red,FAQ,2360,2570,2465,05-Jan-25
13269,Fatehabad,Jakhal,Onion,Other,FAQ,2200,2200,2200,11-Jan-25
13270,Salem,Jalagandapuram(Uzhavar Sandhai ),Onion,Bellary,Local,5000,5500,5500,02-Jan-25
13271,Fazilka,Jalalabad,Onion,Other,FAQ,2400,2800,2600,18-Jan-25
13272,Fazilka,Jalalabad,Onion,Other,FAQ,2700,3000,2800,07-Jan-25
13273,Fazilka,Jalalabad,Onion,Other,FAQ,2800,3000,2900,06-Jan-25
13274,Balasore,Jaleswar,Onion,Other,FAQ,2300,2700,2500,06-Jan-25
13275,Balasore,Jaleswar,Onion,Other,FAQ,2800,3200,3000,31-Jan-25
13276,Jalpaiguri,Jalpaiguri Sadar,Onion,Nasik,FAQ,2900,3000,3000,22-Jan-25
13277,Chengalpattu,Jameenrayapettai(Uzhavar Sandhai ),Onion,Bellary,Local,3500,4000,4000,24-Jan-25
13278,Chengalpattu,Jameenrayapettai(Uzhavar Sandhai ),Onion,Bellary,Local,3500,5000,5000,20-Jan-25
13279,Murshidabad,Jangipur,Onion,Red,FAQ,2745,2800,2775,17-Jan-25
13280,Ratlam,Jaora,Onion,Onion,FAQ,400,1741,873,20-Jan-25
13281,Ratlam,Jaora,Onion,Onion,FAQ,599,1820,1820,30-Jan-25
13282,Ratlam,Jaora,Onion,Onion,FAQ,600,1826,1030,31-Jan-25
13283,Ratlam,Jaora,Onion,Onion,FAQ,700,1951,1800,22-Jan-25
13284,Prayagraj,Jasra,Onion,Red,FAQ,2000,2150,2070,01-Jan-25
13285,Etawah,Jasvantnagar,Onion,Red,FAQ,2110,2210,2160,30-Jan-25
13286,Etawah,Jasvantnagar,Onion,Red,Non-FAQ,2170,2270,2220,25-Jan-25
13287,Etawah,Jasvantnagar,Onion,Red,Non-FAQ,2270,2370,2320,21-Jan-25
13288,Raebarelli,Jayas,Onion,Red,FAQ,2560,2680,2600,02-Jan-25
13289,Rajkot,Jetpur(Dist.Rajkot),Onion,Onion,FAQ,400,2505,1750,06-Jan-25
13290,Ariyalur,Jeyankondam (Uzhavar Sandhai ),Onion,Bellary,Local,4000,4800,4800,01-Jan-25
13291,Ariyalur,Jeyankondam (Uzhavar Sandhai ),Onion,Bellary,Local,4000,4800,4800,19-Jan-25
13292,Jhajar,Jhajjar,Onion,Other,FAQ,2400,2600,2500,24-Jan-25
13293,Jhansi,Jhansi,Onion,Red,FAQ,2000,2100,2050,28-Jan-25
13294,Jhansi,Jhansi,Onion,Red,FAQ,2050,2150,2100,27-Jan-25
13295,Jhansi,Jhansi,Onion,Red,Non-FAQ,2000,2140,2050,17-Jan-25
13296,Jharsuguda,Jharsuguda,Onion,Other,FAQ,4000,4000,4000,04-Jan-25
13297,Jharsuguda,Jharsuguda,Onion,Other,Non-FAQ,3500,4000,3500,23-Jan-25
13298,Jodhpur,Jodhpur (F&V),Onion,Other,FAQ,1000,2000,1500,04-Jan-25
13299,Jodhpur,Jodhpur (F&V),Onion,Other,FAQ,1000,2000,1500,18-Jan-25
13300,Pune,Junnar,Onion,Other,FAQ,1500,3000,2200,02-Jan-25
13301,Pune,Junnar(Alephata),Onion,Other,FAQ,1000,3010,2200,14-Jan-25
13302,Pune,Junnar(Alephata),Onion,Other,FAQ,1100,3500,2800,24-Jan-25
13303,Pune,Junnar(Narayangaon),Onion,Other,FAQ,500,3400,2200,02-Jan-25
13304,North Tripura,Kadamtala,Onion,Nasik,FAQ,3500,3700,3600,04-Jan-25
13305,Vellore,Kahithapattarai(Uzhavar Sandhai ),Onion,Bellary,Local,4000,4000,4000,01-Feb-25
13306,Shamli,Kairana,Onion,Red,FAQ,1300,1400,1350,18-Jan-25
13307,Shamli,Kairana,Onion,Red,FAQ,1500,1600,1550,05-Jan-25
13308,Shamli,Kairana,Onion,Red,FAQ,1500,1600,1550,09-Jan-25
13309,Shamli,Kairana,Onion,Red,FAQ,1500,1600,1550,12-Jan-25
13310,Shamli,Kairana,Onion,Red,Non-FAQ,1100,1200,1150,24-Jan-25
13311,Kakching,Kakching Market,Onion,Red,FAQ,4500,5000,4750,24-Jan-25
13312,Shajapur,Kalapipal(F&V),Onion,Onion,FAQ,500,1460,1150,20-Jan-25
13313,Bikaner,Bikaner (F&V),Onion,Other,FAQ,1500,1700,1600,15-Jan-25
13314,Bilaspur,Bilaspur,Onion,Local,Non-FAQ,2200,2400,2300,19-Jan-25
13315,Bilaspur,Bilaspur,Onion,Local,Non-FAQ,3200,3400,3300,21-Jan-25
13316,Bilaspur,Bilaspur,Onion,Other,FAQ,2500,3200,3000,08-Jan-25
13317,Bilaspur,Bilaspur,Onion,Other,FAQ,2800,3400,3000,04-Jan-25
13318,Jalandhar,Bilga,Onion,Other,FAQ,2800,3000,2900,06-Jan-25
13319,Jalandhar,Bilga,Onion,Other,FAQ,2800,3000,2900,11-Jan-25
13320,Navsari,Bilimora,Onion,Nasik,FAQ,1500,2800,2200,27-Jan-25
13321,Navsari,Bilimora,Onion,Nasik,FAQ,2250,2750,2500,12-Jan-25
13322,Badaun,Bilsi,Onion,Red,FAQ,2200,2300,2250,31-Jan-25
13323,Birbhum,Birbhum,Onion,Other,FAQ,2500,2700,2600,16-Jan-25
13324,Birbhum,Birbhum,Onion,Other,FAQ,2600,2800,2700,15-Jan-25
13325,Birbhum,Birbhum,Onion,Other,FAQ,2700,2900,2800,07-Jan-25
13326,Bankura,Bishnupur(Bankura),Onion,Nasik,FAQ,2500,3500,3000,18-Jan-25
13327,Bankura,Bishnupur(Bankura),Onion,Nasik,Non-FAQ,2500,3300,3000,30-Jan-25
13328,Bankura,Bishnupur(Bankura),Onion,Nasik,Non-FAQ,2500,3500,3000,23-Jan-25
13329,Sepahijala,Bishramganj,Onion,Nasik,FAQ,4300,4500,4400,12-Jan-25
13330,Sepahijala,Bishramganj,Onion,Nasik,FAQ,4300,4500,4400,13-Jan-25
13331,Theni,Bodinayakanur(Uzhavar Sandhai ),Onion,Bellary,Local,4600,5000,5000,06-Jan-25
13332,Birbhum,Bolpur,Onion,Onion,FAQ,2600,2800,2700,27-Jan-25
13333,Boudh,Boudh,Onion,Other,Non-FAQ,3000,4000,3500,21-Jan-25
13334,Hyderabad,Bowenpally,Onion,1st Sort,FAQ,800,2500,2000,14-Jan-25
13335,Hyderabad,Bowenpally,Onion,1st Sort,FAQ,800,2500,2000,16-Jan-25
13336,Hyderabad,Bowenpally,Onion,1st Sort,FAQ,1000,3000,2500,27-Jan-25
13337,Mansa,Budalada,Onion,Other,FAQ,2300,2800,2500,27-Jan-25
13338,Mansa,Budalada,Onion,Other,FAQ,2300,2900,2500,24-Jan-25
13339,Mansa,Budalada,Onion,Other,FAQ,3000,3500,3200,03-Jan-25
13340,Bulandshahar,Buland Shahr,Onion,Red,FAQ,2300,2550,2400,11-Jan-25
13341,Purba Bardhaman,Burdwan,Onion,Nasik,FAQ,2500,2700,2600,19-Jan-25
13342,Purba Bardhaman,Burdwan,Onion,Nasik,FAQ,2800,3200,3000,14-Jan-25
13343,Purba Bardhaman,Burdwan,Onion,Nasik,FAQ,3000,3400,3200,08-Jan-25
13344,Bijnor,Chaandpur,Onion,Red,FAQ,1600,1800,1700,02-Jan-25
13345,Bijnor,Chaandpur,Onion,Red,FAQ,1600,1800,1700,13-Jan-25
13346,Nadia,Chakdah,Onion,Other,FAQ,3100,3250,3200,29-Jan-25
13347,Chamba,Chamba,Onion,Other,FAQ,2500,3000,2750,26-Jan-25
13348,Chamba,Chamba,Onion,Other,FAQ,2500,3000,2750,31-Jan-25
13349,Hooghly,Champadanga,Onion,Nasik,FAQ,2700,3000,2800,24-Jan-25
13350,Hooghly,Champadanga,Onion,Nasik,FAQ,3200,3400,3200,04-Jan-25
13351,West District,Champaknagar,Onion,Nasik,FAQ,4000,4500,4300,24-Jan-25
13352,Bhadrak,Chandabali,Onion,Other,FAQ,3500,4000,3680,03-Jan-25
13353,Bhadrak,Chandabali,Onion,Other,FAQ,3550,4000,3750,05-Jan-25
13354,Bhadrak,Chandabali,Onion,Other,FAQ,3670,4000,3880,04-Jan-25
13355,Sambhal,Chandausi,Onion,Red,FAQ,2000,2100,2050,30-Jan-25
13356,Sambhal,Chandausi,Onion,Red,FAQ,2250,2350,2300,10-Jan-25
13357,Chandauli,Chandoli,Onion,Red,FAQ,2100,2200,2150,03-Jan-25
13358,Chandauli,Chandoli,Onion,Red,FAQ,2120,2220,2170,23-Jan-25
13359,Chandauli,Chandoli,Onion,Red,FAQ,2120,2220,2170,25-Jan-25
13360,Chandauli,Chandoli,Onion,Red,FAQ,2200,2300,2250,21-Jan-25
13361,Chandrapur,Chandrapur(Ganjwad),Onion,Other,FAQ,2000,3000,2500,08-Jan-25
13362,Chandrapur,Chandrapur(Ganjwad),Onion,Other,FAQ,2000,3000,2500,13-Jan-25
13363,Nashik,Chandvad,Onion,Red,FAQ,300,2370,1670,11-Jan-25
13364,Nashik,Chandvad,Onion,Red,FAQ,1000,2675,2180,08-Jan-25
13365,Aligarh,Charra,Onion,Red,FAQ,2300,2500,2400,27-Jan-25
13366,North Tripura,Kadamtala,Onion,Nasik,FAQ,3400,3500,3450,24-Jan-25
13367,North Tripura,Kadamtala,Onion,Nasik,FAQ,3400,3500,3450,31-Jan-25
13368,North Tripura,Kadamtala,Onion,Nasik,FAQ,3900,4000,3950,15-Jan-25
13369,Shamli,Kairana,Onion,Red,FAQ,1100,1200,1150,27-Jan-25
13370,Shamli,Kairana,Onion,Red,FAQ,1100,1200,1150,29-Jan-25
13371,Kakching,Kakching Market,Onion,Red,FAQ,5500,6000,5750,07-Jan-25
13372,Kakching,Kakching Market,Onion,Red,Non-FAQ,5500,6000,5750,17-Jan-25
13373,Shajapur,Kalapipal(F&V),Onion,Onion,FAQ,645,1800,1265,22-Jan-25
13374,Shajapur,Kalapipal(F&V),Onion,Onion,FAQ,800,1230,1025,19-Jan-25
13375,Hooghly,Kalipur,Onion,Nasik,FAQ,2600,2800,2700,13-Jan-25
13376,Hooghly,Kalipur,Onion,Nasik,FAQ,2700,2900,2800,29-Jan-25
13377,Kozhikode(Calicut),Kallachi,Onion,Other,FAQ,3400,3800,3600,24-Jan-25
13378,Kallakuruchi,Kallakurichi(Uzhavar Sandhai ),Onion,Bellary,Local,4000,5000,5000,22-Jan-25
13379,Kallakuruchi,Kallakurichi(Uzhavar Sandhai ),Onion,Bellary,Local,4000,5000,5000,29-Jan-25
13380,Kallakuruchi,Kallakurichi(Uzhavar Sandhai ),Onion,Bellary,Local,5000,6000,6000,01-Jan-25
13381,Purba Bardhaman,Kalna,Onion,Other,FAQ,2500,2700,2600,24-Jan-25
13382,Purba Bardhaman,Kalna,Onion,Other,FAQ,3200,3400,3300,03-Jan-25
13383,Thane,Kalyan,Onion,1st Sort,FAQ,1700,2200,1950,14-Jan-25
13384,Thane,Kalyan,Onion,1st Sort,FAQ,3000,3500,3250,06-Jan-25
13385,Thane,Kalyan,Onion,2nd Sort,FAQ,1500,1600,1550,16-Jan-25
13386,Thane,Kalyan,Onion,2nd Sort,FAQ,2200,2400,2300,21-Jan-25
13387,Thane,Kalyan,Onion,2nd Sort,FAQ,2500,2900,2700,10-Jan-25
13388,Thane,Kalyan,Onion,2nd Sort,Local,2300,2500,2400,31-Jan-25
13389,Nadia,Kalyani,Onion,Onion,FAQ,3000,3200,3100,02-Jan-25
13390,Nadia,Kalyani,Onion,Onion,FAQ,3000,3200,3100,06-Jan-25
13391,Khowai,Kalyanpur,Onion,Nasik,FAQ,3500,3700,3600,26-Jan-25
13392,Dhenkanal,Kamakhyanagar,Onion,Onion,FAQ,3500,4500,4000,11-Jan-25
13393,Theni,Kambam(Uzhavar Sandhai ),Onion,Bellary,Local,3800,4200,4200,23-Jan-25
13394,Theni,Kambam(Uzhavar Sandhai ),Onion,Bellary,Local,4000,4000,4000,05-Jan-25
13395,Theni,Kambam(Uzhavar Sandhai ),Onion,Bellary,Local,4000,4200,4200,12-Jan-25
13396,Theni,Kambam(Uzhavar Sandhai ),Onion,Bellary,Local,4000,4400,4400,24-Jan-25
13397,Theni,Kambam(Uzhavar Sandhai ),Onion,Bellary,Local,5000,5000,5000,02-Jan-25
13398,Farukhabad,Kamlaganj,Onion,Red,FAQ,2000,2020,2010,29-Jan-25
13399,Farukhabad,Kamlaganj,Onion,Red,FAQ,2000,2050,2030,27-Jan-25
13400,Farukhabad,Kamlaganj,Onion,Red,FAQ,2200,2220,2210,06-Jan-25
13401,Nagpur,Kamthi,Onion,Local,FAQ,1500,2500,2000,10-Jan-25
13402,Nagpur,Kamthi,Onion,Local,FAQ,1500,2500,2000,16-Jan-25
13403,Kancheepuram,Kancheepuram(Uzhavar Sandhai ),Onion,Bellary,Local,4000,4500,4500,02-Jan-25
13404,Kancheepuram,Kancheepuram(Uzhavar Sandhai ),Onion,Bellary,Local,4000,5000,5000,06-Jan-25
13405,Thirunelveli,Kandiyaperi(Uzhavar Sandhai ),Onion,Bellary,Local,3300,4000,4000,24-Jan-25
13406,Thirupur,Kangayam(Uzhavar Sandhai ),Onion,Bellary,Local,4000,4600,4600,31-Jan-25
13407,Kangra,Kangra,Onion,Other,FAQ,3000,3300,3100,18-Jan-25
13408,Kangra,Kangra,Onion,Other,FAQ,3200,3300,3300,22-Jan-25
13409,Kangra,Kangra(Baijnath),Onion,Onion,FAQ,3000,3200,3100,16-Jan-25
13410,Kangra,Kangra(Jaisinghpur),Onion,1st Sort,FAQ,3200,3400,3300,16-Jan-25
13411,Kangra,Kangra(Jaisinghpur),Onion,1st Sort,FAQ,3400,3500,3450,04-Jan-25
13412,Kangra,Kangra(Nagrota Bagwan),Onion,Other,FAQ,3000,3200,3100,27-Jan-25
13413,Kasargod,Kanjangadu,Onion,Big,FAQ,3700,4200,3900,25-Jan-25
13414,Kasargod,Kanjangadu,Onion,Big,FAQ,3800,4500,4000,31-Jan-25
13415,Kottayam,Kanjirappally,Onion,Onion,FAQ,11000,12000,11800,18-Jan-25
13416,Kannuj,Kannauj,Onion,Red,FAQ,2100,2200,2150,01-Feb-25
13417,Coimbatore,Sulur(Uzhavar Sandhai ),Onion,Bellary,Local,4000,4400,4400,28-Jan-25
13418,Sangrur,Sunam,Onion,Nasik,FAQ,2000,2500,2200,28-Jan-25
13419,Coimbatore,Sundarapuram(Uzhavar Sandhai ),Onion,Bellary,Local,3800,4200,4200,25-Jan-25
13420,Coimbatore,Sundarapuram(Uzhavar Sandhai ),Onion,Bellary,Local,4000,4200,4200,11-Jan-25
13421,Surat,Surat,Onion,Other,FAQ,1000,3000,2000,07-Jan-25
13422,Surat,Surat,Onion,Other,FAQ,1200,3550,2375,03-Jan-25
13423,Ganganagar,Suratgarh,Onion,1st Sort,FAQ,1400,1600,1500,22-Jan-25
13424,Samastipur,Tajpur,Onion,Medium,FAQ,2500,3000,2800,05-Jan-25
13425,Samastipur,Tajpur,Onion,Medium,FAQ,2500,3000,2800,11-Jan-25
13426,Bhavnagar,Taleja,Onion,Red,FAQ,855,2215,1535,31-Jan-25
13427,Kannur,Taliparamba,Onion,Onion,FAQ,3900,4100,4000,09-Jan-25
13428,Kannur,Taliparamba,Onion,Onion,FAQ,3900,4100,4000,11-Jan-25
13429,Kannur,Taliparamba,Onion,Onion,FAQ,3900,4100,4000,26-Jan-25
13430,Bhatinda,Talwandi Sabo,Onion,Other,FAQ,2600,3000,2800,30-Jan-25
13431,Thiruvannamalai,Tamarainagar(Uzhavar Sandhai ),Onion,Bellary,Local,3500,4000,4000,13-Jan-25
13432,Thiruvannamalai,Tamarainagar(Uzhavar Sandhai ),Onion,Bellary,Local,4000,4500,4500,09-Jan-25
13433,Thiruvannamalai,Tamarainagar(Uzhavar Sandhai ),Onion,Bellary,Local,4000,4500,4500,24-Jan-25
13434,Thiruvannamalai,Tamarainagar(Uzhavar Sandhai ),Onion,Bellary,Local,4500,5000,5000,08-Jan-25
13435,Medinipur(E),Tamluk (Medinipur E),Onion,Onion,FAQ,2400,2800,2600,20-Jan-25
13436,Medinipur(E),Tamluk (Medinipur E),Onion,Onion,FAQ,2800,3200,3000,06-Jan-25
13437,Medinipur(E),Tamluk (Medinipur E),Onion,Onion,FAQ,2800,3200,3000,12-Jan-25
13438,Medinipur(E),Tamluk (Medinipur E),Onion,Onion,FAQ,3000,3400,3200,05-Jan-25
13439,Rampur,Tanda(Rampur),Onion,Other,FAQ,1500,1540,1520,09-Jan-25
13440,Karnal,Tarori,Onion,Other,Non-FAQ,1500,2000,1800,30-Jan-25
13441,Mewat,Tauru,Onion,Other,FAQ,2500,2500,2500,13-Jan-25
13442,Mewat,Tauru,Onion,Other,FAQ,3000,3000,3000,11-Jan-25
13443,Tenkasi,Tenkasi(Uzhavar Sandhai ),Onion,Bellary,Local,4000,4000,4000,01-Feb-25
13444,Tenkasi,Tenkasi(Uzhavar Sandhai ),Onion,Bellary,Local,4000,4000,4000,01-Jan-25
13445,Tenkasi,Tenkasi(Uzhavar Sandhai ),Onion,Bellary,Local,4000,4500,4500,09-Jan-25
13446,Tenkasi,Tenkasi(Uzhavar Sandhai ),Onion,Bellary,Local,4000,4500,4500,11-Jan-25
13447,Tenkasi,Tenkasi(Uzhavar Sandhai ),Onion,Bellary,Local,4000,4500,4500,24-Jan-25
13448,Kannur,Thalasserry,Onion,1st Sort,FAQ,3000,3200,3100,14-Jan-25
13449,Kannur,Thalasserry,Onion,1st Sort,FAQ,3800,4000,3900,10-Jan-25
13450,Kannur,Thalasserry,Onion,1st Sort,FAQ,4300,4600,4500,04-Jan-25
13451,Kannur,Thalasserry,Onion,1st Sort,FAQ,4300,4600,4500,06-Jan-25
13452,Erode,Thalavadi(Uzhavar Sandhai ),Onion,Bellary,Local,4000,4500,4500,20-Jan-25
13453,Erode,Thalavadi(Uzhavar Sandhai ),Onion,Bellary,Local,4200,4600,4600,05-Jan-25
13454,Virudhunagar,Thalavaipuram(Uzhavar Sandhai ),Onion,Bellary,Local,4000,5000,5000,07-Jan-25
13455,Virudhunagar,Thalavaipuram(Uzhavar Sandhai ),Onion,Bellary,Local,4000,5000,5000,31-Jan-25
13456,Kottayam,Thalayolaparambu,Onion,Big,FAQ,4000,4300,4100,09-Jan-25
13457,Kottayam,Thalayolaparambu,Onion,Onion,FAQ,6200,6600,6400,31-Jan-25
13458,Kottayam,Thalayolaparambu,Onion,Onion,FAQ,8300,8700,8500,16-Jan-25
13459,Kozhikode(Calicut),Thamarassery,Onion,Other,FAQ,2800,3500,3100,25-Jan-25
13460,Salem,Thammampatti (Uzhavar Sandhai ),Onion,Bellary,Local,4500,5000,5000,19-Jan-25
13461,Salem,Thammampatti (Uzhavar Sandhai ),Onion,Bellary,Local,5000,6000,6000,05-Jan-25
13462,Shamli,Thanabhavan,Onion,Red,FAQ,2000,2500,2300,31-Jan-25
13463,Kurukshetra,Thanesar,Onion,Onion,FAQ,1000,2500,1800,02-Jan-25
13464,Kurukshetra,Thanesar,Onion,Onion,FAQ,1000,2500,1800,13-Jan-25
13465,Kurukshetra,Thanesar,Onion,Onion,FAQ,1000,2500,1800,15-Jan-25
13466,Thanjavur,Thanjavur(Uzhavar Sandhai ),Onion,Bellary,Local,4400,4400,4400,17-Jan-25
13467,Thiruvellore,Naravarikuppam(Uzhavar Sandhai ),Onion,Bellary,Local,5000,5000,5000,16-Jan-25
13468,Thiruvellore,Naravarikuppam(Uzhavar Sandhai ),Onion,Bellary,Local,5000,5000,5000,21-Jan-25
13469,Mahendragarh-Narnaul,Narnaul,Onion,Other,FAQ,1600,1600,1600,25-Jan-25
13470,Jammu,Narwal Jammu (F&V),Onion,Other,FAQ,2600,2800,2700,31-Jan-25
13471,Jammu,Narwal Jammu (F&V),Onion,Other,FAQ,2800,3000,2900,21-Jan-25
13472,Jammu,Narwal Jammu (F&V),Onion,Other,FAQ,2800,3000,2900,22-Jan-25
13473,Jind,Narwana,Onion,Other,FAQ,2000,2000,2000,29-Jan-25
13474,Thirupathur,Natrampalli(Uzhavar Sandhai ),Onion,Bellary,Local,5500,6000,6000,09-Jan-25
13475,Maharajganj,Nautnava,Onion,Red,FAQ,2200,2500,2300,10-Jan-25
13476,Maharajganj,Nautnava,Onion,Red,FAQ,2300,2500,2400,08-Jan-25
13477,Maharajganj,Nautnava,Onion,Red,FAQ,2300,2500,2400,21-Jan-25
13478,Thiruvarur,Needamangalam(Uzhavar Sandhai ),Onion,Bellary,Local,5600,5600,5600,05-Jan-25
13479,Thiruvarur,Needamangalam(Uzhavar Sandhai ),Onion,Bellary,Local,5800,5800,5800,03-Jan-25
13480,Thiruvarur,Needamangalam(Uzhavar Sandhai ),Onion,Bellary,Local,5800,5800,5800,19-Jan-25
13481,Faridabad,"New Grain Market , Faridabad",Onion,Onion,Non-FAQ,2500,2600,2550,01-Feb-25
13482,Karnal,"New Grain Market(main), Karnal",Onion,Other,FAQ,1400,2500,2000,27-Jan-25
13483,Ahmednagar,Newasa(Ghodegaon),Onion,Red,FAQ,1000,3000,2500,08-Jan-25
13484,Thirunelveli,NGO Colony(Uzhavar Sandhai ),Onion,Bellary,Local,3500,4200,4200,10-Jan-25
13485,Moga,Nihal Singh Wala,Onion,Other,FAQ,3000,3500,3200,15-Jan-25
13486,Ghaziabad,Noida,Onion,Red,FAQ,2100,2250,2180,27-Jan-25
13487,Ernakulam,North Paravur,Onion,1st Sort,FAQ,8000,9000,8500,08-Jan-25
13488,Ernakulam,North Paravur,Onion,1st Sort,FAQ,9200,10000,9500,22-Jan-25
13489,Ahmednagar,Om Chaitanya Multistate Agro Purpose CoOp Society ,Onion,Red,FAQ,500,3000,2400,21-Jan-25
13490,Jalaun (Orai),Orai,Onion,Red,FAQ,1800,2400,2100,01-Jan-25
13491,Jalaun (Orai),Orai,Onion,Red,FAQ,1800,2500,2100,10-Jan-25
13492,Jalaun (Orai),Orai,Onion,Red,FAQ,2000,2400,2250,31-Jan-25
13493,Jalaun (Orai),Orai,Onion,Red,FAQ,2000,2500,2250,17-Jan-25
13494,Kancheepuram,Padappai(Uzhavar Sandhai ),Onion,Bellary,Local,2500,3000,3000,02-Jan-25
13495,Vadodara(Baroda),Padra,Onion,Other,FAQ,2500,3500,3000,06-Jan-25
13496,Kottayam,Pala,Onion,Big,FAQ,4200,4800,4600,22-Jan-25
13497,Kottayam,Pala,Onion,Big,FAQ,4600,5000,4800,24-Jan-25
13498,Kottayam,Pala,Onion,Onion,FAQ,8500,9000,8700,10-Jan-25
13499,Dharmapuri,Palacode(Uzhavar Sandhai ),Onion,Bellary,Local,3600,4000,4000,25-Jan-25
13500,Dharmapuri,Palacode(Uzhavar Sandhai ),Onion,Bellary,Local,4500,5000,5000,04-Jan-25
13501,Dharmapuri,Palacode(Uzhavar Sandhai ),Onion,Bellary,Local,4500,5000,5000,06-Jan-25
13502,Palakad,Palakkad,Onion,Big,FAQ,3500,4500,4100,16-Jan-25
13503,Palakad,Palakkad,Onion,Big,FAQ,4200,5000,4700,20-Jan-25
13504,Palakad,Palakkad,Onion,Big,FAQ,4400,5000,4700,04-Jan-25
13505,Madurai,Palanganatham(Uzhavar Sandhai ),Onion,Bellary,Local,4000,5000,5000,12-Jan-25
13506,Madurai,Palanganatham(Uzhavar Sandhai ),Onion,Bellary,Local,4500,5200,5200,19-Jan-25
13507,Dindigul,Palani(Uzhavar Sandhai ),Onion,Bellary,Local,3000,4400,4400,13-Jan-25
13508,Dindigul,Palani(Uzhavar Sandhai ),Onion,Bellary,Local,3000,5000,5000,03-Jan-25
13509,Dindigul,Palani(Uzhavar Sandhai ),Onion,Bellary,Local,3000,5000,5000,10-Jan-25
13510,Dindigul,Palani(Uzhavar Sandhai ),Onion,Bellary,Local,3400,4400,4400,31-Jan-25
13511,Dindigul,Palani(Uzhavar Sandhai ),Onion,Bellary,Local,3500,4400,4400,29-Jan-25
13512,Dindigul,Palani(Uzhavar Sandhai ),Onion,Bellary,Local,3500,4400,4400,30-Jan-25
13513,Kozhikode(Calicut),Palayam,Onion,Other,FAQ,3400,3500,3400,28-Jan-25
13514,Thirunelveli,Palayamkottai(Uzhavar Sandhai ),Onion,Bellary,Local,3000,4000,4000,13-Jan-25
13515,Thirunelveli,Palayamkottai(Uzhavar Sandhai ),Onion,Bellary,Local,3200,4000,4000,19-Jan-25
13516,Kannuj,Kannauj,Onion,Red,FAQ,2150,2250,2200,23-Jan-25
13517,Kannuj,Kannauj,Onion,Red,FAQ,2500,2600,2540,02-Jan-25
13518,Kannuj,Kannauj,Onion,Red,FAQ,2500,2600,2560,01-Jan-25
13519,Kannur,Kannur,Onion,Other,FAQ,4000,4200,4100,02-Jan-25
13520,Kannur,Kannur,Onion,Other,FAQ,4000,4200,4100,05-Jan-25
13521,Kanpur,Kanpur(Grain),Onion,Red,FAQ,2120,2320,2220,28-Jan-25
13522,Kanpur,Kanpur(Grain),Onion,Red,FAQ,2200,2400,2300,24-Jan-25
13523,Kheda,Kapadvanj,Onion,Other,FAQ,1300,2500,1900,27-Jan-25
13524,Kheda,Kapadvanj,Onion,Other,FAQ,1300,2500,1900,31-Jan-25
13525,Kheda,Kapadvanj,Onion,Other,FAQ,1500,2400,1950,13-Jan-25
13526,Satara,Karad,Onion,Other,Local,1000,3000,3000,27-Jan-25
13527,Satara,Karad,Onion,Other,Local,1500,3000,3000,30-Jan-25
13528,Nadia,Karimpur,Onion,Nasik,FAQ,2500,2700,2600,08-Jan-25
13529,Nadia,Karimpur,Onion,Nasik,FAQ,2500,2700,2600,09-Jan-25
13530,Nadia,Karimpur,Onion,Nasik,FAQ,2900,3100,3000,01-Feb-25
13531,Virudhunagar,Kariyapatti(Uzhavar Sandhai ),Onion,Bellary,Local,3500,4000,4000,28-Jan-25
13532,Ahmednagar,Karjat,Onion,Local,FAQ,500,2700,1600,20-Jan-25
13533,Ahmednagar,Karjat,Onion,Local,FAQ,500,2800,1500,05-Jan-25
13534,Ahmednagar,Karjat,Onion,Local,FAQ,500,2800,1700,10-Jan-25
13535,Darjeeling,Karsiyang(Matigara),Onion,Other,FAQ,3200,3500,3300,10-Jan-25
13536,Darjeeling,Karsiyang(Matigara),Onion,Other,FAQ,3200,3500,3300,16-Jan-25
13537,Darjeeling,Karsiyang(Matigara),Onion,Other,FAQ,3200,3500,3300,21-Jan-25
13538,Darjeeling,Karsiyang(Matigara),Onion,Other,FAQ,3800,4000,3800,05-Jan-25
13539,Karur,Karur(Uzhavar Sandhai ),Onion,Bellary,Local,4000,5000,5000,10-Jan-25
13540,Karur,Karur(Uzhavar Sandhai ),Onion,Bellary,Local,4500,5000,5000,23-Jan-25
13541,Chitrakut,Karvi,Onion,Red,FAQ,2225,2445,2300,15-Jan-25
13542,Kasganj,Kasganj,Onion,Red,FAQ,2200,2500,2370,17-Jan-25
13543,Kasganj,Kasganj,Onion,Red,FAQ,2300,2550,2410,14-Jan-25
13544,Puruliya,Kasipur,Onion,Other,FAQ,2800,3200,3000,27-Jan-25
13545,Kathua,Kathua,Onion,Other,FAQ,2500,2800,2650,01-Jan-25
13546,Kathua,Kathua,Onion,Other,FAQ,2500,3000,2750,07-Jan-25
13547,Kathua,Kathua,Onion,Other,FAQ,2800,3000,2900,04-Jan-25
13548,Kathua,Kathua,Onion,Other,FAQ,3000,3200,3100,11-Jan-25
13549,Vellore,Katpadi (Uzhavar Sandhai ),Onion,Bellary,Local,4200,5200,5200,02-Jan-25
13550,Idukki,Kattappana,Onion,Big,FAQ,3500,4000,3800,24-Jan-25
13551,Purba Bardhaman,Katwa,Onion,Other,FAQ,2400,2600,2500,07-Jan-25
13552,Purba Bardhaman,Katwa,Onion,Other,FAQ,2500,2900,2700,08-Jan-25
13553,Krishnagiri,Kaveripattinam(Uzhavar Sandhai ),Onion,Bellary,Local,3000,4000,4000,08-Jan-25
13554,Krishnagiri,Kaveripattinam(Uzhavar Sandhai ),Onion,Bellary,Local,3000,4000,4000,13-Jan-25
13555,Farukhabad,Kayamganj,Onion,Red,FAQ,2050,2150,2100,25-Jan-25
13556,Farukhabad,Kayamganj,Onion,Red,FAQ,2220,2320,2270,22-Jan-25
13557,Farukhabad,Kayamganj,Onion,Red,FAQ,2320,2420,2370,08-Jan-25
13558,Farukhabad,Kayamganj,Onion,Red,FAQ,2450,2550,2500,03-Jan-25
13559,Alappuzha,Kayamkulam,Onion,Big,FAQ,2900,3100,3000,09-Jan-25
13560,Alappuzha,Kayamkulam,Onion,Big,FAQ,2900,3100,3000,12-Jan-25
13561,Alappuzha,Kayamkulam,Onion,Big,FAQ,2900,3100,3000,14-Jan-25
13562,Alappuzha,Kayamkulam,Onion,Big,FAQ,2900,3100,3000,19-Jan-25
13563,Alappuzha,Kayamkulam,Onion,Big,FAQ,4100,4300,4200,05-Jan-25
13564,Thiruvannamalai,Keelpennathur(Uzhavar Sandhai ),Onion,Bellary,Local,3500,4500,4500,08-Jan-25
13565,Thiruvannamalai,Keelpennathur(Uzhavar Sandhai ),Onion,Bellary,Local,3500,4500,4500,13-Jan-25
13566,Thiruvannamalai,Keelpennathur(Uzhavar Sandhai ),Onion,Bellary,Local,3500,4500,4500,14-Jan-25
13567,Nanital,Ramnagar,Onion,Other,FAQ,2500,3000,2750,28-Jan-25
13568,Rampur,Rampur,Onion,Red,FAQ,2160,2255,2200,22-Jan-25
13569,Rampur,Rampur,Onion,Red,FAQ,2250,2350,2300,14-Jan-25
13570,Rampur,Rampur,Onion,Red,FAQ,2250,2350,2300,15-Jan-25
13571,Bhatinda,Rampuraphul(Nabha Mandi),Onion,Other,FAQ,3000,4000,3500,11-Jan-25
13572,Birbhum,Rampurhat,Onion,Local,FAQ,2350,2450,2400,04-Jan-25
13573,Birbhum,Rampurhat,Onion,Nasik,FAQ,2350,2450,2400,22-Jan-25
13574,Nagpur,Ramtek,Onion,Other,FAQ,2000,2400,2200,02-Jan-25
13575,Nadia,Ranaghat,Onion,Other,FAQ,3200,3350,3300,30-Jan-25
13576,Nadia,Ranaghat,Onion,Other,FAQ,3200,3400,3300,26-Jan-25
13577,Nadia,Ranaghat,Onion,Other,FAQ,3400,3550,3500,11-Jan-25
13578,Sirsa,Rania,Onion,Other,FAQ,1300,1600,1400,30-Jan-25
13579,Sirsa,Rania,Onion,Other,FAQ,1400,1600,1500,08-Jan-25
13580,Sirsa,Rania,Onion,Other,FAQ,1600,1980,1900,04-Jan-25
13581,Ranipet,Ranipettai(Uzhavar Sandhai ),Onion,Bellary,Local,4500,4500,4500,30-Jan-25
13582,Namakkal,Rasipuram(Uzhavar Sandhai ),Onion,Bellary,Local,5000,5500,5500,19-Jan-25
13583,Namakkal,Rasipuram(Uzhavar Sandhai ),Onion,Bellary,Local,5500,5800,5800,04-Jan-25
13584,Fatehabad,Ratia,Onion,Other,FAQ,1600,2600,2000,03-Jan-25
13585,Ratlam,Ratlam,Onion,Nasik,FAQ,251,1400,1400,18-Jan-25
13586,Hanumangarh,Rawatsar,Onion,1st Sort,FAQ,1850,1850,1850,12-Jan-25
13587,Hanumangarh,Rawatsar,Onion,1st Sort,FAQ,2400,2500,2450,30-Jan-25
13588,Rayagada,Rayagada,Onion,Other,FAQ,3100,3200,3200,27-Jan-25
13589,Rayagada,Rayagada,Onion,Other,FAQ,3500,3600,3600,08-Jan-25
13590,Amritsar,Rayya,Onion,Red,FAQ,1800,1800,1800,21-Jan-25
13591,Sagar,Rehli,Onion,Onion,FAQ,1000,1100,1100,08-Jan-25
13592,Rewari,Rewari,Onion,Medium,FAQ,1000,3000,2000,10-Jan-25
13593,Dehradoon,Rishikesh,Onion,Other,Non-FAQ,2000,2500,2050,27-Jan-25
13594,Dehradoon,Rishikesh,Onion,Other,Non-FAQ,2000,2500,2200,21-Jan-25
13595,Sonbhadra,Robertsganj,Onion,Red,Non-FAQ,2240,2430,2360,19-Jan-25
13596,Sonbhadra,Robertsganj,Onion,Red,Non-FAQ,2315,2485,2400,17-Jan-25
13597,Haridwar,Roorkee,Onion,Other,FAQ,2000,4000,3000,07-Jan-25
13598,Ropar (Rupnagar),Ropar,Onion,Other,FAQ,2000,2400,2200,31-Jan-25
13599,Ropar (Rupnagar),Ropar,Onion,Other,Non-FAQ,2400,2800,2600,18-Jan-25
13600,Ayodhya,Rudauli,Onion,Red,FAQ,2200,2400,2300,29-Jan-25
13601,Ayodhya,Rudauli,Onion,Red,FAQ,2250,2400,2300,10-Jan-25
13602,UdhamSinghNagar,Rudrapur,Onion,Other,FAQ,1500,2500,1800,07-Jan-25
13603,UdhamSinghNagar,Rudrapur,Onion,Other,FAQ,2000,2800,2500,01-Feb-25
13604,UdhamSinghNagar,Rudrapur,Onion,Other,FAQ,2000,3000,2500,09-Jan-25
13605,Medak,Sadasivpet,Onion,1st Sort,Non-FAQ,669,2560,2016,28-Jan-25
13606,Yamuna Nagar,Sadhaura,Onion,Onion,FAQ,1500,2500,2000,17-Jan-25
13607,Yamuna Nagar,Sadhaura,Onion,Onion,FAQ,1800,2500,2200,01-Jan-25
13608,Yamuna Nagar,Sadhaura,Onion,Onion,Non-FAQ,1500,2500,2000,21-Jan-25
13609,Jind,Safidon,Onion,Other,FAQ,1200,1800,1500,04-Jan-25
13610,Saharanpur,Saharanpur,Onion,Red,FAQ,2000,2500,2250,30-Jan-25
13611,Saharanpur,Saharanpur,Onion,Red,FAQ,2300,2700,2500,09-Jan-25
13612,Saharanpur,Saharanpur,Onion,Red,FAQ,2300,2700,2500,12-Jan-25
13613,Ratlam,Sailana,Onion,Medium,FAQ,700,1831,1831,18-Jan-25
13614,Ratlam,Sailana,Onion,Medium,FAQ,700,2525,2525,01-Jan-25
13615,Ratlam,Sailana,Onion,Medium,FAQ,743,2150,2150,24-Jan-25
13616,Ratlam,Sailana,Onion,Medium,FAQ,786,1971,1971,31-Jan-25
13617,Ratlam,Sailana,Onion,Medium,Non-FAQ,500,2131,2100,29-Jan-25
13618,Birbhum,Sainthia,Onion,Onion,FAQ,2500,2700,2600,06-Jan-25
13619,Birbhum,Sainthia,Onion,Onion,FAQ,2500,2700,2600,20-Jan-25
13620,Salem,Thathakapatti(Uzhavar Sandhai ),Onion,Bellary,Local,5000,5800,5800,06-Jan-25
13621,Salem,Thathakapatti(Uzhavar Sandhai ),Onion,Bellary,Local,5000,6000,6000,01-Jan-25
13622,Salem,Thathakapatti(Uzhavar Sandhai ),Onion,Bellary,Local,5000,6000,6000,07-Jan-25
13623,Theni,Theni(Uzhavar Sandhai ),Onion,Bellary,Local,3500,4000,4000,14-Jan-25
13624,Chengalpattu,Thirukalukundram(Uzhavar Sandhai ),Onion,Bellary,Local,4000,5000,5000,09-Jan-25
13625,Chengalpattu,Thirukalukundram(Uzhavar Sandhai ),Onion,Bellary,Local,4000,5000,5000,27-Jan-25
13626,Madurai,Thirumangalam(Uzhavar Sandhai ),Onion,Bellary,Local,4500,5000,5000,29-Jan-25
13627,Madurai,Thirumangalam(Uzhavar Sandhai ),Onion,Bellary,Local,4800,5000,5000,16-Jan-25
13628,Vellore,Thirupathur,Onion,Bellary,Local,4500,4500,4500,02-Jan-25
13629,Vellore,Thirupathur,Onion,Bellary,Local,4500,4500,4500,06-Jan-25
13630,Vellore,Thirupathur,Onion,Bellary,Local,4500,4500,4500,15-Jan-25
13631,Vellore,Thirupathur,Onion,Bellary,Local,4500,4500,4500,28-Jan-25
13632,Malappuram,Thirurrangadi,Onion,Other,Non-FAQ,3300,3300,3300,20-Jan-25
13633,Malappuram,Thirurrangadi,Onion,Other,Non-FAQ,4000,4000,4000,23-Jan-25
13634,Idukki,Thodupuzha,Onion,Big,FAQ,3800,4000,4000,04-Jan-25
13635,Idukki,Thodupuzha,Onion,Big,FAQ,3800,4000,4000,22-Jan-25
13636,Idukki,Thodupuzha,Onion,Small,FAQ,6300,6500,6500,30-Jan-25
13637,Ernakulam,Thrippunithura,Onion,Big,FAQ,4400,4800,4400,29-Jan-25
13638,Thiruchirappalli,Thuraiyur,Onion,Bellary,Local,5000,5600,5600,10-Jan-25
13639,Shahjahanpur,Tilhar,Onion,Red,FAQ,2100,2200,2150,12-Jan-25
13640,Shahjahanpur,Tilhar,Onion,Red,FAQ,2110,2210,2160,05-Jan-25
13641,Shahjahanpur,Tilhar,Onion,Red,FAQ,2160,2260,2210,19-Jan-25
13642,Villupuram,Tindivanam,Onion,Bellary,Local,4000,5000,5000,12-Jan-25
13643,Villupuram,Tindivanam,Onion,Bellary,Local,4000,5000,5000,14-Jan-25
13644,Villupuram,Tindivanam,Onion,Bellary,Local,4000,5000,5000,17-Jan-25
13645,Namakkal,Tiruchengode,Onion,Bellary,Local,5000,6000,6000,10-Jan-25
13646,Namakkal,Tiruchengode,Onion,Bellary,Local,5000,6000,6000,16-Jan-25
13647,Sivaganga,Tirupatthur(Uzhavar Sandhai ),Onion,Bellary,Local,5000,5500,5500,03-Jan-25
13648,Sivaganga,Tirupatthur(Uzhavar Sandhai ),Onion,Bellary,Local,5000,5500,5500,06-Jan-25
13649,Sivaganga,Tirupatthur(Uzhavar Sandhai ),Onion,Bellary,Local,5200,5500,5500,26-Jan-25
13650,Thirupur,Tiruppur (South) (Uzhavar Sandhai ),Onion,Bellary,Local,3000,3500,3500,04-Jan-25
13651,Thirupur,Tiruppur (South) (Uzhavar Sandhai ),Onion,Bellary,Local,3000,3500,3500,10-Jan-25
13652,Thirupur,Tiruppur (South) (Uzhavar Sandhai ),Onion,Bellary,Local,3000,3500,3500,16-Jan-25
13653,Thiruvellore,Tiruvallur(Uzhavar Sandhai ),Onion,Bellary,Local,4600,4600,4600,19-Jan-25
13654,Thiruvannamalai,Tiruvannamalai(Uzhavar Sandhai ),Onion,Bellary,Local,4500,5000,5000,14-Jan-25
13655,Thiruvarur,Tiruvarur(Uzhavar Sandhai ),Onion,Bellary,Local,4400,6000,6000,19-Jan-25
13656,Thiruvarur,Tiruvarur(Uzhavar Sandhai ),Onion,Bellary,Local,4400,6000,6000,22-Jan-25
13657,Thiruvarur,Tiruvarur(Uzhavar Sandhai ),Onion,Bellary,Local,4400,6000,6000,23-Jan-25
13658,Thiruvarur,Tiruvarur(Uzhavar Sandhai ),Onion,Bellary,Local,4400,6600,6600,24-Jan-25
13659,Thiruvarur,Tiruvarur(Uzhavar Sandhai ),Onion,Bellary,Local,6000,6000,6000,14-Jan-25
13660,Fatehabad,Tohana(New Veg Market),Onion,Onion,FAQ,2000,2500,2500,08-Jan-25
13661,Fatehabad,Tohana(New Veg Market),Onion,Onion,FAQ,2600,2800,2600,20-Jan-25
13662,Balrampur,Tulsipur,Onion,Red,FAQ,2210,2260,2240,27-Jan-25
13663,Balrampur,Tulsipur,Onion,Red,FAQ,2450,2550,2500,01-Jan-25
13664,Balrampur,Tulsipur,Onion,Red,FAQ,2525,2575,2550,11-Jan-25
13665,Firozabad,Tundla,Onion,Red,FAQ,2175,2225,2200,09-Jan-25
13666,Firozabad,Tundla,Onion,Red,FAQ,2200,2235,2225,24-Jan-25
13667,Firozabad,Tundla,Onion,Red,FAQ,2275,2350,2300,11-Jan-25
13668,Kalahandi,Kesinga,Onion,Other,FAQ,6500,6500,6500,21-Jan-25
13669,Fatehpur,Khaga,Onion,Red,FAQ,1400,1550,1500,17-Jan-25
13670,Aligarh,Khair,Onion,Red,FAQ,2000,2400,2200,10-Jan-25
13671,Aligarh,Khair,Onion,Red,Non-FAQ,1700,2000,1800,30-Jan-25
13672,Aligarh,Khair,Onion,Red,Non-FAQ,1700,2200,1900,29-Jan-25
13673,Khairthal Tijara,Khairthal,Onion,Other,FAQ,700,1800,1400,19-Jan-25
13674,Shamli,Khandhla,Onion,Red,FAQ,2700,2800,2750,16-Jan-25
13675,Shamli,Khandhla,Onion,Red,Non-FAQ,2400,2500,2450,27-Jan-25
13676,Shamli,Khandhla,Onion,Red,Non-FAQ,2400,2500,2450,29-Jan-25
13677,Khandwa,Khandwa,Onion,Local,FAQ,600,1200,1200,15-Jan-25
13678,Khandwa,Khandwa,Onion,Local,FAQ,600,1312,600,31-Jan-25
13679,Khandwa,Khandwa,Onion,Local,FAQ,800,1200,1200,22-Jan-25
13680,Khandwa,Khandwa,Onion,Local,FAQ,900,900,900,12-Jan-25
13681,Nuapada,Khariar,Onion,Dry F.A.Q.,Non-FAQ,3000,3600,3500,23-Jan-25
13682,Nuapada,Khariar Road,Onion,Other,FAQ,3000,3100,3100,03-Jan-25
13683,Nuapada,Khariar Road,Onion,Other,Non-FAQ,2500,3000,3000,30-Jan-25
13684,Muzaffarnagar,Khatauli,Onion,Red,FAQ,1000,2000,1500,12-Jan-25
13685,UdhamSinghNagar,Khateema,Onion,Other,FAQ,600,800,700,20-Jan-25
13686,UdhamSinghNagar,Khateema,Onion,Other,FAQ,1600,1800,1700,06-Jan-25
13687,UdhamSinghNagar,Khateema,Onion,Other,FAQ,1800,2000,1900,28-Jan-25
13688,UdhamSinghNagar,Khateema,Onion,Other,Non-FAQ,1800,2000,1900,01-Feb-25
13689,Pune,Khed(Chakan),Onion,Other,FAQ,1500,3000,2250,04-Jan-25
13690,Pune,Khed(Chakan),Onion,Other,FAQ,2000,3000,2500,24-Jan-25
13691,Baghpat,Khekda,Onion,Red,FAQ,1800,2200,2000,16-Jan-25
13692,Baghpat,Khekda,Onion,Red,FAQ,2100,2300,2200,06-Jan-25
13693,Boudh,Khunthabandha,Onion,Other,Non-FAQ,3000,4000,3500,18-Jan-25
13694,Bulandshahar,Khurja,Onion,Red,FAQ,2460,2660,2560,03-Jan-25
13695,Rohtas,Kochas (Balthari),Onion,Medium,FAQ,2200,2400,2300,22-Jan-25
13696,Rohtas,Kochas (Balthari),Onion,Medium,FAQ,2200,2400,2300,29-Jan-25
13697,Palakad,Koduvayoor,Onion,Big,FAQ,3400,3800,3600,16-Jan-25
13698,Palakad,Koduvayoor,Onion,Big,FAQ,3500,3900,3700,29-Jan-25
13699,Palakad,Koduvayoor,Onion,Big,FAQ,3700,4100,3900,28-Jan-25
13700,Palakad,Koduvayoor,Onion,Small,FAQ,8400,8800,8600,10-Jan-25
13701,Palakad,Koduvayoor,Onion,Small,FAQ,8500,8900,8700,04-Jan-25
13702,Palakad,Koduvayoor,Onion,Small,FAQ,8500,8900,8700,09-Jan-25
13703,Palakad,Koduvayoor,Onion,Small,FAQ,8500,8900,8700,18-Jan-25
13704,Palakad,Kollengode,Onion,Big,FAQ,3500,3900,3700,05-Jan-25
13705,Palakad,Kollengode,Onion,Big,FAQ,3500,3900,3700,21-Jan-25
13706,Palakad,Kollengode,Onion,Small,FAQ,5000,5400,5200,28-Jan-25
13707,Palakad,Kollengode,Onion,Small,FAQ,6500,6900,6700,06-Jan-25
13708,Palakad,Kollengode,Onion,Small,FAQ,9000,9400,9200,21-Jan-25
13709,Malappuram,Kondotty,Onion,Other,FAQ,3000,3200,3100,20-Jan-25
13710,Mau(Maunathbhanjan),Kopaganj,Onion,Red,FAQ,2000,2100,2050,22-Jan-25
13711,Ahmednagar,Kopargaon,Onion,Red,Local,700,2351,1980,01-Feb-25
13712,Kota,Kota (F&V),Onion,Other,FAQ,400,2100,1250,29-Jan-25
13713,Kota,Kota (F&V),Onion,Other,FAQ,400,2200,1300,09-Jan-25
13714,Ernakulam,Kothamangalam,Onion,Big,FAQ,3000,4000,3500,25-Jan-25
13715,Kotputli- Behror,Kotputli,Onion,Onion,Non-FAQ,1600,1800,1700,17-Jan-25
13716,Malappuram,Kottakkal,Onion,Other,FAQ,3400,3600,3500,31-Jan-25
13717,Kottayam,Kottayam,Onion,Big,FAQ,4400,0,4600,31-Jan-25
13718,Kottayam,Kottayam,Onion,Onion,FAQ,11000,11400,11200,29-Jan-25
13719,Tuticorin,Kovilpatti(Uzhavar Sandhai ),Onion,Bellary,Local,4000,4500,4500,20-Jan-25
13720,Krishnagiri,Krishnagiri(Uzhavar Sandhai ),Onion,Bellary,Local,4000,4500,4500,28-Jan-25
13721,Lakhimpur,Paliakala,Onion,Red,Non-FAQ,2300,2400,2350,24-Jan-25
13722,Bhavnagar,Palitana,Onion,Red,FAQ,1225,1555,1390,11-Jan-25
13723,Bhavnagar,Palitana,Onion,Red,FAQ,1250,2250,1750,30-Jan-25
13724,Thirupur,Palladam(Uzhavar Sandhai ),Onion,Bellary,Local,4000,4500,4500,15-Jan-25
13725,Thirupur,Palladam(Uzhavar Sandhai ),Onion,Bellary,Local,4000,5000,5000,11-Jan-25
13726,Chengalpattu,Pallavaram(Uzhavar Sandhai ),Onion,Bellary,Local,3000,5000,5000,24-Jan-25
13727,Kottayam,Pampady,Onion,Big,FAQ,4600,5500,5000,06-Jan-25
13728,Panchkula,Panchkul(Kalka),Onion,Other,FAQ,3000,4000,3500,23-Jan-25
13729,Balrampur,Panchpedwa,Onion,Red,FAQ,1800,2000,1900,17-Jan-25
13730,Balrampur,Panchpedwa,Onion,Red,FAQ,1800,2200,2000,24-Jan-25
13731,Hooghly,Pandua,Onion,Nasik,FAQ,2700,2900,2800,11-Jan-25
13732,Panipat,Panipat,Onion,Other,FAQ,800,1200,1000,31-Jan-25
13733,Panipat,Panipat,Onion,Other,FAQ,1000,1500,1250,15-Jan-25
13734,Panipat,Panipat,Onion,Other,FAQ,1500,2000,1750,08-Jan-25
13735,North Tripura,Panisagar,Onion,Nasik,FAQ,3500,3600,3550,17-Jan-25
13736,North Tripura,Panisagar,Onion,Nasik,FAQ,3700,3800,3750,23-Jan-25
13737,North Tripura,Panisagar,Onion,Nasik,FAQ,3900,4000,3950,14-Jan-25
13738,Cuddalore,Panruti(Uzhavar Sandhai ),Onion,Bellary,Local,3500,5000,5000,01-Feb-25
13739,Cuddalore,Panruti(Uzhavar Sandhai ),Onion,Bellary,Local,4000,5000,5000,08-Jan-25
13740,Cuddalore,Panruti(Uzhavar Sandhai ),Onion,Bellary,Local,4000,5000,5000,13-Jan-25
13741,Sirmore,Paonta Sahib,Onion,Other,FAQ,2400,2600,2500,01-Feb-25
13742,Sirmore,Paonta Sahib,Onion,Other,FAQ,2500,3000,2800,06-Jan-25
13743,Namakkal,Paramathivelur(Uzhavar Sandhai ),Onion,Bellary,Local,5000,5800,5800,02-Jan-25
13744,Namakkal,Paramathivelur(Uzhavar Sandhai ),Onion,Bellary,Local,5400,6000,6000,08-Jan-25
13745,Namakkal,Paramathivelur(Uzhavar Sandhai ),Onion,Bellary,Local,5400,6000,6000,13-Jan-25
13746,Namakkal,Paramathivelur(Uzhavar Sandhai ),Onion,Bellary,Local,5500,6000,6000,07-Jan-25
13747,Malappuram,Parappanangadi,Onion,Other,FAQ,3000,3100,3100,13-Jan-25
13748,Malappuram,Parappanangadi,Onion,Other,FAQ,3100,3200,3200,17-Jan-25
13749,Malappuram,Parappanangadi,Onion,Other,FAQ,3800,3900,3900,20-Jan-25
13750,Malappuram,Parappanangadi,Onion,Small,FAQ,8000,8100,8100,25-Jan-25
13751,Ahmednagar,Parner,Onion,Red,FAQ,500,2800,1950,10-Jan-25
13752,Ahmednagar,Parner,Onion,Red,FAQ,500,3100,1975,17-Jan-25
13753,Ahmednagar,Parner,Onion,Red,FAQ,500,3500,2000,03-Jan-25
13754,Maharajganj,Partaval,Onion,Red,FAQ,2160,2315,2235,28-Jan-25
13755,Maharajganj,Partaval,Onion,Red,FAQ,2165,2315,2240,22-Jan-25
13756,Thiruvellore,Paruthipattu(Uzhavar Sandhai ),Onion,Bellary,Local,4000,4000,4000,02-Jan-25
13757,Thiruvellore,Paruthipattu(Uzhavar Sandhai ),Onion,Bellary,Local,4000,4000,4000,28-Jan-25
13758,Gurgaon,Pataudi,Onion,Other,FAQ,2100,2300,2200,29-Jan-25
13759,Pathankot,Pathankot,Onion,Onion,FAQ,1900,2200,2200,14-Jan-25
13760,Pathankot,Pathankot,Onion,Onion,FAQ,2200,2400,2400,16-Jan-25
13761,Pathankot,Pathankot,Onion,Onion,FAQ,2300,2500,2500,08-Jan-25
13762,Patiala,Patiala,Onion,Onion,FAQ,2000,3000,2500,24-Jan-25
13763,Patiala,Patran,Onion,Other,FAQ,800,1000,900,01-Jan-25
13764,Palakad,Pattambi,Onion,Big,FAQ,3600,4000,3800,28-Jan-25
13765,Palakad,Pattambi,Onion,Big,FAQ,4200,4500,4300,21-Jan-25
13766,Palakad,Pattambi,Onion,Small,FAQ,7000,8000,7500,25-Jan-25
13767,Tarntaran,Patti,Onion,Other,FAQ,1800,2200,2000,17-Jan-25
13768,Thanjavur,Pattukottai(Uzhavar Sandhai ),Onion,Bellary,Local,4000,5000,5000,28-Jan-25
13769,Shravasti,Payagpur,Onion,Red,FAQ,1500,1800,1700,02-Jan-25
13770,Shravasti,Payagpur,Onion,Red,FAQ,1800,2000,1900,25-Jan-25
13771,Shravasti,Payagpur,Onion,Red,FAQ,2000,2500,2200,01-Feb-25
13772,Firozabad,Tundla,Onion,Red,FAQ,2280,2325,2300,07-Jan-25
13773,Firozabad,Tundla,Onion,Red,FAQ,2390,2425,2410,15-Jan-25
13774,Tuticorin,Tuticorin(Uzhavar Sandhai ),Onion,Bellary,Local,4500,5000,5000,05-Jan-25
13775,Tuticorin,Tuticorin(Uzhavar Sandhai ),Onion,Bellary,Local,4500,5000,5000,21-Jan-25
13776,Udaipur,Udaipur (F&V),Onion,Other,FAQ,1000,2200,1600,16-Jan-25
13777,Udaipur,Udaipur (F&V),Onion,Other,FAQ,1000,2400,1700,17-Jan-25
13778,Mayurbhanja,Udala,Onion,Onion,FAQ,3500,3600,3500,20-Jan-25
13779,Mayurbhanja,Udala,Onion,Onion,FAQ,3500,3700,3600,03-Jan-25
13780,Mayurbhanja,Udala,Onion,Onion,FAQ,3500,3700,3600,12-Jan-25
13781,The Nilgiris,Udhagamandalam(Uzhavar Sandhai ),Onion,Bellary,Local,4000,4500,4500,01-Jan-25
13782,Udhampur,Udhampur,Onion,Other,FAQ,2500,3000,2750,29-Jan-25
13783,Udhampur,Udhampur,Onion,Other,FAQ,2800,3200,3000,24-Jan-25
13784,Coimbatore,Udumalpet,Onion,Bellary,Local,4000,5000,5000,06-Jan-25
13785,Coimbatore,Udumalpet,Onion,Bellary,Local,4200,4800,4800,25-Jan-25
13786,Coimbatore,Udumalpet,Onion,Bellary,Local,4200,4800,4800,26-Jan-25
13787,Coimbatore,Udumalpet,Onion,Bellary,Local,4200,4800,4800,29-Jan-25
13788,Coimbatore,Udumalpet,Onion,Bellary,Local,4500,5000,5000,09-Jan-25
13789,Coimbatore,Udumalpet,Onion,Bellary,Local,4500,5000,5000,10-Jan-25
13790,Udupi,Udupi,Onion,Onion,FAQ,2800,3000,2900,15-Jan-25
13791,Badaun,Ujhani,Onion,Red,FAQ,2250,2350,2300,06-Jan-25
13792,Ujjain,Ujjain,Onion,Onion,FAQ,500,2000,2000,31-Jan-25
13793,Ujjain,Ujjain,Onion,Onion,FAQ,700,1901,1901,16-Jan-25
13794,Ujjain,Ujjain,Onion,Onion,FAQ,966,2323,1600,07-Jan-25
13795,Ujjain,Ujjain,Onion,Onion,FAQ,1000,2251,2100,20-Jan-25
13796,Hissar,Uklana,Onion,Onion,FAQ,2000,2000,2000,06-Jan-25
13797,Howrah,Uluberia,Onion,Other,FAQ,3000,3400,3200,24-Jan-25
13798,Howrah,Uluberia,Onion,Other,FAQ,3000,3400,3200,27-Jan-25
13799,Howrah,Uluberia,Onion,Other,FAQ,3000,3400,3200,31-Jan-25
13800,Howrah,Uluberia,Onion,Other,FAQ,3200,3600,3400,01-Jan-25
13801,Howrah,Uluberia,Onion,Other,FAQ,3200,3800,3400,16-Jan-25
13802,Howrah,Uluberia,Onion,Other,FAQ,3200,3800,3400,17-Jan-25
13803,Una,Una,Onion,Onion,FAQ,2500,3000,2750,14-Jan-25
13804,Una,Una,Onion,Onion,FAQ,2500,3500,3000,02-Jan-25
13805,Una,Una,Onion,Onion,FAQ,2800,3500,3200,03-Jan-25
13806,Una,Una,Onion,Onion,Non-FAQ,2600,3200,2900,29-Jan-25
13807,Una,Una,Onion,Other,Non-FAQ,2600,3500,3000,27-Jan-25
13808,Una,Una,Onion,Other,Non-FAQ,2600,3500,3100,24-Jan-25
13809,Unnao,Unnao,Onion,Red,FAQ,2250,2375,2300,23-Jan-25
13810,Madurai,Usilampatty,Onion,Bellary,Local,4500,5000,5000,29-Jan-25
13811,Madurai,Usilampatty,Onion,Bellary,Local,4800,5000,5000,10-Jan-25
13812,Madurai,Usilampatty,Onion,Bellary,Local,4800,5000,5000,17-Jan-25
13813,Kanpur,Uttaripura,Onion,Red,FAQ,2225,2425,2325,22-Jan-25
13814,Kanpur,Uttaripura,Onion,Red,FAQ,2275,2475,2375,13-Jan-25
13815,Palakad,Vadakkenchery,Onion,Big,FAQ,4500,5000,4750,24-Jan-25
13816,Palakad,Vadakkenchery,Onion,Big,FAQ,4500,5000,4750,27-Jan-25
13817,Palakad,Vadakkenchery,Onion,Small,FAQ,8000,9000,8500,01-Feb-25
13818,Palakad,Vadakkenchery,Onion,Small,FAQ,9000,10000,9500,29-Jan-25
13819,Palakad,Vadakkenchery,Onion,Small,FAQ,9500,10000,9750,20-Jan-25
13820,Nagercoil (Kannyiakumari),Vadaseri,Onion,Bellary,Local,4800,5000,5000,27-Jan-25
13821,Nagercoil (Kannyiakumari),Vadaseri,Onion,Bellary,Local,4800,5000,5000,31-Jan-25
13822,Nagercoil (Kannyiakumari),Vadaseri,Onion,Bellary,Local,5000,5500,5500,03-Jan-25
13823,Coimbatore,Vadavalli(Uzhavar Sandhai ),Onion,Bellary,Local,3800,4200,4200,10-Jan-25
13824,Krishnagiri,Krishnagiri(Uzhavar Sandhai ),Onion,Bellary,Local,4000,4500,4500,29-Jan-25
13825,Ranga Reddy,Kukatpally(Rythu Bazar),Onion,1st Sort,FAQ,3400,3400,3400,21-Jan-25
13826,Karur,Kulithalai(Uzhavar Sandhai ),Onion,Bellary,Local,4000,5000,5000,05-Jan-25
13827,Karur,Kulithalai(Uzhavar Sandhai ),Onion,Bellary,Local,4000,5000,5000,10-Jan-25
13828,Karur,Kulithalai(Uzhavar Sandhai ),Onion,Bellary,Local,4000,5000,5000,16-Jan-25
13829,Karur,Kulithalai(Uzhavar Sandhai ),Onion,Bellary,Local,4000,5000,5000,21-Jan-25
13830,Thanjavur,Kumbakonam (Uzhavar Sandhai ),Onion,Bellary,Local,3600,4800,4800,23-Jan-25
13831,Kancheepuram,Kundrathur(Uzhavar Sandhai ),Onion,Bellary,Local,3000,4000,4000,12-Jan-25
13832,Kancheepuram,Kundrathur(Uzhavar Sandhai ),Onion,Bellary,Local,3600,4000,4000,30-Jan-25
13833,Sholapur,Kurdwadi(Modnimb),Onion,Red,FAQ,300,3300,2000,02-Jan-25
13834,Coimbatore,Kurichi(Uzhavar Sandhai ),Onion,Bellary,Local,3800,4200,4200,08-Jan-25
13835,Kurnool,Kurnool,Onion,Local,FAQ,817,2589,2237,20-Jan-25
13836,Kurnool,Kurnool,Onion,Local,FAQ,1330,2729,2459,06-Jan-25
13837,Kurnool,Kurnool,Onion,Local,FAQ,1589,2769,2250,08-Jan-25
13838,Kottayam,Kuruppanthura,Onion,Big,FAQ,4300,5000,4800,07-Jan-25
13839,Kottayam,Kuruppanthura,Onion,Big,Non-FAQ,4000,5000,4500,29-Jan-25
13840,Kottayam,Kuruppanthura,Onion,Onion,FAQ,7500,9000,8000,10-Jan-25
13841,Kottayam,Kuruppanthura,Onion,Onion,Non-FAQ,8000,10000,9000,29-Jan-25
13842,Hyderabad,L B Nagar,Onion,1st Sort,Non-FAQ,2500,3500,3000,20-Jan-25
13843,Kurukshetra,Ladwa,Onion,Onion,Non-FAQ,2000,2200,2100,01-Feb-25
13844,Kurukshetra,Ladwa,Onion,Onion,Non-FAQ,2500,2800,2600,30-Jan-25
13845,Lakhimpur,Lakhimpur,Onion,Red,FAQ,2530,2600,2580,03-Jan-25
13846,Raebarelli,Lalganj,Onion,Red,FAQ,2300,2400,2350,15-Jan-25
13847,Thiruchirappalli,Lalgudi(Uzhavar Sandhai ),Onion,Bellary,Local,4000,5600,5600,10-Jan-25
13848,Thiruchirappalli,Lalgudi(Uzhavar Sandhai ),Onion,Bellary,Local,4600,5600,5600,18-Jan-25
13849,Lalitpur,Lalitpur,Onion,Red,FAQ,1940,2000,1970,18-Jan-25
13850,Lalitpur,Lalitpur,Onion,Red,FAQ,1950,2000,1980,07-Jan-25
13851,Lalitpur,Lalitpur,Onion,Red,FAQ,1960,2000,1980,29-Jan-25
13852,Mohali,Lalru,Onion,Other,FAQ,3000,3000,3000,23-Jan-25
13853,Imphal East,Lamlong Bazaar,Onion,Other,FAQ,4000,5000,4500,13-Jan-25
13854,Imphal East,Lamlong Bazaar,Onion,Other,FAQ,4000,5000,4500,14-Jan-25
13855,Nashik,Lasalgaon(Niphad),Onion,Red,FAQ,1100,2551,2225,18-Jan-25
13856,Nashik,Lasalgaon(Niphad),Onion,Red,FAQ,1100,2810,2451,01-Jan-25
13857,Nashik,Lasalgaon(Vinchur),Onion,Red,FAQ,900,2500,1950,14-Jan-25
13858,Nashik,Lasalgaon(Vinchur),Onion,Red,FAQ,1000,2751,2400,25-Jan-25
13859,Nashik,Lasalgaon(Vinchur),Onion,Red,FAQ,1000,3001,2400,02-Jan-25
13860,Chattrapati Sambhajinagar,Lasur Station,Onion,Other,FAQ,500,2740,2075,02-Jan-25
13861,Chattrapati Sambhajinagar,Lasur Station,Onion,Other,FAQ,550,2745,1950,22-Jan-25
13862,Sholapur,Laxmi Sopan Agriculture Produce Marketing Co Ltd,Onion,Other,FAQ,500,3100,2200,17-Jan-25
13863,Sangrur,Lehra Gaga,Onion,Other,FAQ,1800,2000,1800,30-Jan-25
13864,Sangrur,Lehra Gaga,Onion,Other,FAQ,3000,4000,3000,18-Jan-25
13865,Bhiwani,Loharu,Onion,Other,FAQ,2500,3000,3000,11-Jan-25
13866,Satara,Lonand,Onion,Other,Local,1000,2600,1900,30-Jan-25
13867,Lucknow,Lucknow,Onion,Red,FAQ,2180,2280,2230,01-Feb-25
13868,Lucknow,Lucknow,Onion,Red,FAQ,2240,2340,2290,25-Jan-25
13869,Lucknow,Lucknow,Onion,Red,FAQ,2250,2350,2300,28-Jan-25
13870,Ajmer,Madanganj Kishangarh,Onion,1st Sort,FAQ,2500,3200,2800,06-Jan-25
13871,Alappuzha,Madhavapuram,Onion,Other,FAQ,7000,8000,7500,10-Jan-25
13872,Alappuzha,Madhavapuram,Onion,Other,FAQ,8000,8500,8400,14-Jan-25
13873,Alappuzha,Madhavapuram,Onion,Other,FAQ,8000,8800,8400,17-Jan-25
13874,Birbhum,Sainthia,Onion,Onion,FAQ,2600,2800,2700,10-Jan-25
13875,Birbhum,Sainthia,Onion,Onion,FAQ,2600,2800,2700,28-Jan-25
13876,Raebarelli,Salon,Onion,1st Sort,Non-FAQ,2250,2260,2255,28-Jan-25
13877,Panipat,Samalkha,Onion,Local,FAQ,2000,2000,2000,16-Jan-25
13878,Sambhal,Sambhal,Onion,Red,FAQ,2000,2350,2250,03-Jan-25
13879,Sambhal,Sambhal,Onion,Red,FAQ,2000,2350,2300,19-Jan-25
13880,Ludhiana,Samrala,Onion,Other,FAQ,1500,2000,1800,03-Jan-25
13881,Agra,Samsabad,Onion,Red,FAQ,2000,2200,2100,10-Jan-25
13882,Agra,Samsabad,Onion,Red,FAQ,2100,2300,2200,08-Jan-25
13883,Agra,Samsabad,Onion,Red,FAQ,2200,2400,2300,03-Jan-25
13884,Malda,Samsi,Onion,Onion,FAQ,2300,3000,2500,09-Jan-25
13885,Hardoi,Sandila,Onion,Red,FAQ,2240,2320,2280,27-Jan-25
13886,Ahmednagar,Sangamner,Onion,Red,FAQ,400,2612,1506,13-Jan-25
13887,Ahmednagar,Sangamner,Onion,Red,FAQ,500,3511,2005,24-Jan-25
13888,Sangli,"Sangli(Phale, Bhajipura Market)",Onion,Local,FAQ,700,2800,1750,08-Jan-25
13889,Sangli,"Sangli(Phale, Bhajipura Market)",Onion,Local,Local,800,2600,1700,30-Jan-25
13890,Hanumangarh,Sangriya,Onion,Onion,FAQ,2200,2900,2500,08-Jan-25
13891,Sangrur,Sangrur,Onion,Onion,FAQ,2500,3000,2800,27-Jan-25
13892,Tenkasi,Sankarankoil(Uzhavar Sandhai ),Onion,Bellary,Local,4000,5000,5000,01-Feb-25
13893,Kallakuruchi,Sankarapuram(Uzhavar Sandhai ),Onion,Bellary,Local,4000,5000,5000,10-Jan-25
13894,Kallakuruchi,Sankarapuram(Uzhavar Sandhai ),Onion,Bellary,Local,4000,5000,5000,16-Jan-25
13895,Kallakuruchi,Sankarapuram(Uzhavar Sandhai ),Onion,Bellary,Local,4000,5000,5000,28-Jan-25
13896,Una,Santoshgarh,Onion,Onion,FAQ,2800,3000,2900,22-Jan-25
13897,Rajgarh,Sarangpur,Onion,Local,FAQ,520,1400,1400,29-Jan-25
13898,Rajgarh,Sarangpur,Onion,Local,FAQ,535,1000,1000,04-Jan-25
13899,Sundergarh,Sargipali,Onion,Other,FAQ,2000,2500,2200,16-Jan-25
13900,Sundergarh,Sargipali,Onion,Other,FAQ,3000,3500,3200,07-Jan-25
13901,Sundergarh,Sargipali,Onion,Other,Non-FAQ,2500,3000,2700,30-Jan-25
13902,Rohtas,Sasaram,Onion,Medium,FAQ,2300,2700,2500,17-Jan-25
13903,Nashik,Satana,Onion,Red,FAQ,450,2080,1715,13-Jan-25
13904,Nashik,Satana,Onion,Red,FAQ,450,2400,2050,17-Jan-25
13905,Satara,Satara,Onion,Other,Local,1000,2800,1900,30-Jan-25
13906,Erode,Sathiyamagalam(Uzhavar Sandhai ),Onion,Bellary,Local,4000,4400,4400,01-Jan-25
13907,Erode,Sathiyamagalam(Uzhavar Sandhai ),Onion,Bellary,Local,4000,4400,4400,21-Jan-25
13908,Erode,Sathiyamagalam(Uzhavar Sandhai ),Onion,Bellary,Local,4400,4800,4800,04-Jan-25
13909,Virudhunagar,Sathur(Uzhavar Sandhai ),Onion,Bellary,Local,4000,4500,4500,28-Jan-25
13910,Gorakhpur,Sehjanwa,Onion,Red,FAQ,3190,3205,3200,16-Jan-25
13911,Gorakhpur,Sehjanwa,Onion,Red,FAQ,3190,3205,3200,28-Jan-25
13912,Sehore,Sehore,Onion,Onion,FAQ,1500,2304,2304,09-Jan-25
13913,Sehore,Sehore,Onion,Onion,FAQ,2100,2100,2100,10-Jan-25
13914,Badwani,Sendhwa(F&V),Onion,Red,Non-FAQ,1000,2000,1100,19-Jan-25
13915,Hathras,Shadabad,Onion,Red,FAQ,2100,2200,2150,12-Jan-25
13916,Hathras,Shadabad,Onion,Red,FAQ,2300,2400,2350,09-Jan-25
13917,Hathras,Shadabad,Onion,Red,FAQ,3100,3200,3150,24-Jan-25
13918,Hathras,Shadabad,Onion,Red,FAQ,3100,3200,3150,25-Jan-25
13919,Kurukshetra,Shahabad,Onion,Onion,FAQ,2000,3000,2800,06-Jan-25
13920,Kurukshetra,Shahabad,Onion,Onion,FAQ,2200,2500,2200,20-Jan-25
13921,Badaun,Shahaswan,Onion,Red,Non-FAQ,1800,2200,2000,20-Jan-25
13922,Badaun,Shahaswan,Onion,Red,Non-FAQ,1900,2200,2000,26-Jan-25
13923,Delhi,Shahdara,Onion,Other,Non-FAQ,2000,2700,2300,18-Jan-25
13924,Jaunpur,Shahganj,Onion,Red,FAQ,2200,2400,2300,03-Jan-25
13925,Jaunpur,Shahganj,Onion,Red,FAQ,2350,2450,2400,17-Jan-25
13926,Shajapur,Kalapipal(F&V),Onion,Onion,FAQ,500,1570,1180,25-Jan-25
13927,Shajapur,Kalapipal(F&V),Onion,Onion,FAQ,650,1690,1570,01-Feb-25
13928,Hooghly,Kalipur,Onion,Nasik,FAQ,2500,2800,2700,18-Jan-25
13929,Hooghly,Kalipur,Onion,Nasik,FAQ,2700,3000,2900,24-Jan-25
13930,Hooghly,Kalipur,Onion,Nasik,FAQ,2700,3000,2900,25-Jan-25
13931,Kozhikode(Calicut),Kallachi,Onion,Other,FAQ,3200,3600,3400,14-Jan-25
13932,Kozhikode(Calicut),Kallachi,Onion,Other,FAQ,3200,3600,3400,30-Jan-25
13933,Kozhikode(Calicut),Kallachi,Onion,Other,FAQ,3300,3700,3500,27-Jan-25
13934,Kozhikode(Calicut),Kallachi,Onion,Other,FAQ,3500,3900,3700,08-Jan-25
13935,Kozhikode(Calicut),Kallachi,Onion,Other,FAQ,3700,4100,3900,23-Jan-25
13936,Kozhikode(Calicut),Kallachi,Onion,Other,Non-FAQ,4800,5200,5000,31-Jan-25
13937,Kozhikode(Calicut),Kallachi,Onion,Other,Non-FAQ,8800,9200,9000,29-Jan-25
13938,Kallakuruchi,Kallakurichi(Uzhavar Sandhai ),Onion,Bellary,Local,4000,5000,5000,01-Feb-25
13939,Purba Bardhaman,Kalna,Onion,Local,FAQ,2200,2400,2300,03-Jan-25
13940,Purba Bardhaman,Kalna,Onion,Other,FAQ,2400,2600,2500,19-Jan-25
13941,Purba Bardhaman,Kalna,Onion,Other,FAQ,3000,3200,3100,08-Jan-25
13942,Purba Bardhaman,Kalna,Onion,Other,FAQ,3000,3200,3100,13-Jan-25
13943,Thane,Kalyan,Onion,1st Sort,FAQ,2500,3000,2750,02-Jan-25
13944,Thane,Kalyan,Onion,1st Sort,Local,2300,2500,2400,01-Feb-25
13945,Nadia,Kalyani,Onion,Onion,FAQ,3400,3600,3500,08-Jan-25
13946,Nadia,Kalyani,Onion,Onion,FAQ,3600,3800,3700,09-Jan-25
13947,Khowai,Kalyanpur,Onion,Nasik,FAQ,3800,4000,3900,02-Jan-25
13948,Dhenkanal,Kamakhyanagar,Onion,Onion,FAQ,3000,4200,3500,13-Jan-25
13949,Theni,Kambam(Uzhavar Sandhai ),Onion,Bellary,Local,4000,4000,4000,03-Jan-25
13950,Theni,Kambam(Uzhavar Sandhai ),Onion,Bellary,Local,4000,4000,4000,28-Jan-25
13951,Theni,Kambam(Uzhavar Sandhai ),Onion,Bellary,Local,4000,4400,4400,07-Jan-25
13952,Farukhabad,Kamlaganj,Onion,Red,FAQ,2370,2570,2470,10-Jan-25
13953,Nagpur,Kamthi,Onion,Local,FAQ,1500,2500,2000,17-Jan-25
13954,North Tripura,Kanchanpur,Onion,Nasik,FAQ,2000,3000,2500,08-Jan-25
13955,Kancheepuram,Kancheepuram(Uzhavar Sandhai ),Onion,Bellary,Local,3600,4200,4200,25-Jan-25
13956,Kancheepuram,Kancheepuram(Uzhavar Sandhai ),Onion,Bellary,Local,3800,4500,4500,30-Jan-25
13957,Thirunelveli,Kandiyaperi(Uzhavar Sandhai ),Onion,Bellary,Local,3500,4200,4200,09-Jan-25
13958,Thirunelveli,Kandiyaperi(Uzhavar Sandhai ),Onion,Bellary,Local,3800,4600,4600,22-Jan-25
13959,Thirupur,Kangayam(Uzhavar Sandhai ),Onion,Bellary,Local,4500,5000,5000,10-Jan-25
13960,Kangra,Kangra,Onion,Other,FAQ,3000,3200,3100,01-Feb-25
13961,Kangra,Kangra,Onion,Other,FAQ,3200,3300,3200,16-Jan-25
13962,Kangra,Kangra(Baijnath),Onion,Onion,FAQ,2200,2500,2400,21-Jan-25
13963,Kangra,Kangra(Baijnath),Onion,Onion,FAQ,3200,3400,3300,07-Jan-25
13964,Kangra,Kangra(Jaisinghpur),Onion,1st Sort,FAQ,3000,3200,3100,20-Jan-25
13965,Kangra,Kangra(Jaisinghpur),Onion,1st Sort,FAQ,3300,3500,3400,28-Jan-25
13966,Kangra,Kangra(Jassour),Onion,Other,FAQ,2800,3000,2900,04-Jan-25
13967,Kangra,Kangra(Nagrota Bagwan),Onion,Other,FAQ,3000,3400,3200,13-Jan-25
13968,Kangra,Kangra(Nagrota Bagwan),Onion,Other,FAQ,3000,3500,3200,04-Jan-25
13969,Kasargod,Kanjangadu,Onion,Big,FAQ,3400,4000,3600,10-Jan-25
13970,Kottayam,Kanjirappally,Onion,Big,FAQ,4000,4500,4200,31-Jan-25
13971,Kottayam,Kanjirappally,Onion,Big,FAQ,4500,5000,4800,24-Jan-25
13972,Kannuj,Kannauj,Onion,Red,FAQ,2200,2300,2260,22-Jan-25
13973,Kanpur,Kanpur(Grain),Onion,Red,FAQ,2230,2430,2330,21-Jan-25
13974,Kanpur,Kanpur(Grain),Onion,Red,FAQ,2290,2490,2390,09-Jan-25
13975,Kanpur,Kanpur(Grain),Onion,Red,FAQ,2700,2900,2800,01-Jan-25
13976,Cuddalore,Cuddalore(Uzhavar Sandhai ),Onion,Bellary,Local,4000,5000,5000,24-Jan-25
13977,Cuddalore,Cuddalore(Uzhavar Sandhai ),Onion,Bellary,Local,4000,5000,5000,31-Jan-25
13978,Dahod,Dahod(Veg. Market),Onion,Onion,FAQ,1500,3000,2500,08-Jan-25
13979,Patna,Danapur,Onion,Medium,FAQ,3000,3400,3200,25-Jan-25
13980,Gautam Budh Nagar,Dankaur,Onion,Red,FAQ,1855,2155,2000,31-Jan-25
13981,Gautam Budh Nagar,Dankaur,Onion,Red,FAQ,2500,2755,2635,02-Jan-25
13982,Hoshiarpur,Dasuya,Onion,Other,FAQ,2200,2600,2400,18-Jan-25
13983,Hoshiarpur,Dasuya,Onion,Other,FAQ,2600,3000,2800,09-Jan-25
13984,Banaskanth,Deesa(Deesa Veg Yard),Onion,Other,FAQ,700,1350,1025,21-Jan-25
13985,Banaskanth,Deesa(Deesa Veg Yard),Onion,Other,FAQ,750,1295,1075,24-Jan-25
13986,Banaskanth,Deesa(Deesa Veg Yard),Onion,Other,FAQ,750,1400,1075,27-Jan-25
13987,Krishnagiri,Denkanikottai(Uzhavar Sandhai ),Onion,Bellary,Local,3000,4000,4000,12-Jan-25
13988,Krishnagiri,Denkanikottai(Uzhavar Sandhai ),Onion,Bellary,Local,3000,4000,4000,23-Jan-25
13989,Krishnagiri,Denkanikottai(Uzhavar Sandhai ),Onion,Bellary,Local,3000,4000,4000,25-Jan-25
13990,Krishnagiri,Denkanikottai(Uzhavar Sandhai ),Onion,Bellary,Local,4000,4500,4500,28-Jan-25
13991,Sagar,Deori,Onion,Onion,FAQ,950,1100,1100,20-Jan-25
13992,Sagar,Deori,Onion,Onion-Organic,Non-FAQ,1000,1100,1100,23-Jan-25
13993,Sivaganga,Devakottai (Uzhavar Sandhai ),Onion,Bellary,Local,4500,5400,5400,12-Jan-25
13994,Nashik,Devala,Onion,Red,Local,900,2455,2200,28-Jan-25
13995,Theni,Devaram(Uzhavar Sandhai ),Onion,Bellary,Local,4000,4200,4200,01-Feb-25
13996,Deoria,Devariya,Onion,Red,Non-FAQ,2225,2240,2230,28-Jan-25
13997,Amroha,Dhanaura,Onion,Medium,FAQ,1000,1500,1200,08-Jan-25
13998,Amroha,Dhanaura,Onion,Medium,FAQ,1000,1500,1200,13-Jan-25
13999,Kaithal,Dhand,Onion,Other,FAQ,2500,2800,2700,31-Jan-25
14000,Kaithal,Dhand,Onion,Other,FAQ,2500,3000,2800,22-Jan-25
14001,Mandi,Dhanotu (Mandi),Onion,Other,FAQ,2600,3000,2800,10-Jan-25
14002,Moga,Dharamkot,Onion,Other,FAQ,2200,2200,2200,18-Jan-25
14003,Moga,Dharamkot,Onion,Other,FAQ,3000,3000,3000,03-Jan-25
14004,Kangra,Dharamshala,Onion,Other,FAQ,3000,3500,3250,28-Jan-25
14005,Kangra,Dharamshala,Onion,Other,FAQ,3200,3600,3400,29-Jan-25
14006,Kangra,Dharamshala,Onion,Other,FAQ,3500,3800,3650,09-Jan-25
14007,Thirupur,Dharapuram(Uzhavar Sandhai ),Onion,Bellary,Local,4000,4500,4500,08-Jan-25
14008,Thirupur,Dharapuram(Uzhavar Sandhai ),Onion,Bellary,Local,4500,4800,4800,27-Jan-25
14009,Gurdaspur,Dhariwal,Onion,Other,FAQ,1600,1800,1700,03-Jan-25
14010,Dharmapuri,Dharmapuri(Uzhavar Sandhai ),Onion,Bellary,Local,4000,4200,4200,13-Jan-25
14011,Dharmapuri,Dharmapuri(Uzhavar Sandhai ),Onion,Bellary,Local,4000,4200,4200,15-Jan-25
14012,Dharmapuri,Dharmapuri(Uzhavar Sandhai ),Onion,Bellary,Local,4400,4800,4800,30-Jan-25
14013,Jalpaiguri,Dhupguri,Onion,Nasik,FAQ,2700,2900,2800,20-Jan-25
14014,Jalpaiguri,Dhupguri,Onion,Nasik,FAQ,3000,3200,3100,09-Jan-25
14015,Sangrur,Dhuri,Onion,Other,FAQ,2100,2700,2400,12-Jan-25
14016,Sangrur,Dhuri,Onion,Other,FAQ,2200,2700,2400,07-Jan-25
14017,Sounth 24 Parganas,Diamond Harbour(South 24-pgs),Onion,Red,FAQ,2800,3000,2900,20-Jan-25
14018,Sounth 24 Parganas,Diamond Harbour(South 24-pgs),Onion,Red,FAQ,2900,3000,2950,29-Jan-25
14019,Gurdaspur,Dinanagar,Onion,Other,FAQ,2200,2500,2500,09-Jan-25
14020,Gurdaspur,Dinanagar,Onion,Other,FAQ,2500,3000,3000,05-Jan-25
14021,Dindigul,Dindigul(Uzhavar Sandhai ),Onion,Bellary,Local,4000,5000,5000,03-Jan-25
14022,Dindigul,Dindigul(Uzhavar Sandhai ),Onion,Bellary,Local,4000,5000,5000,23-Jan-25
14023,Dindigul,Dindigul(Uzhavar Sandhai ),Onion,Bellary,Local,5000,5600,5600,15-Jan-25
14024,Nashik,Dindori(Vani),Onion,Red,FAQ,2000,2850,2101,21-Jan-25
14025,Coochbehar,Dinhata,Onion,Onion,FAQ,2800,3000,2800,19-Jan-25
14026,Jaunpur,Shahganj,Onion,Red,FAQ,2440,2540,2490,04-Jan-25
14027,Jaunpur,Shahganj,Onion,Red,FAQ,2450,2600,2530,10-Jan-25
14028,Shajapur,Shajapur,Onion,Medium,FAQ,358,2495,1621,07-Jan-25
14029,Shajapur,Shajapur,Onion,Onion,FAQ,1000,2141,2141,27-Jan-25
14030,Shajapur,Shajapur,Onion,Onion,FAQ,1467,2012,2012,30-Jan-25
14031,Mandsaur,Shamgarh,Onion,Onion,FAQ,160,2160,800,04-Jan-25
14032,Mandsaur,Shamgarh,Onion,Onion,FAQ,500,2118,2100,10-Jan-25
14033,Shamli,Shamli,Onion,Red,FAQ,2450,2550,2500,05-Jan-25
14034,Shamli,Shamli,Onion,Red,FAQ,2450,2550,2500,09-Jan-25
14035,Sheohar,Sheohar,Onion,Medium,FAQ,3000,3200,3100,27-Jan-25
14036,Hooghly,Sheoraphuly,Onion,Nasik,FAQ,3000,3200,3100,06-Jan-25
14037,Hooghly,Sheoraphuly,Onion,Nasik,FAQ,3200,3500,3300,09-Jan-25
14038,Ahmednagar,Shevgaon,Onion,1st Sort,FAQ,1400,2600,1850,16-Jan-25
14039,Ahmednagar,Shevgaon,Onion,Other,FAQ,600,1700,1100,06-Jan-25
14040,Shimoga,Shimoga,Onion,Onion,FAQ,2500,3600,3000,16-Jan-25
14041,Shimoga,Shimoga,Onion,Onion,FAQ,2500,4500,3500,09-Jan-25
14042,Shimoga,Shimoga,Onion,Onion,FAQ,3300,4500,4000,20-Jan-25
14043,Pune,Shirur,Onion,Other,FAQ,1000,3300,2500,17-Jan-25
14044,Nashik,Shivsiddha Govind Producer Company Limited Sanchal,Onion,Red,FAQ,1500,2400,1750,11-Jan-25
14045,Nashik,Shivsiddha Govind Producer Company Limited Sanchal,Onion,Red,FAQ,1750,2600,2150,09-Jan-25
14046,Ahmednagar,Shrigonda,Onion,Other,FAQ,500,3100,2200,21-Jan-25
14047,Shajapur,Shujalpur,Onion,Red,FAQ,100,2016,1450,22-Jan-25
14048,Bulandshahar,Sikanderabad,Onion,Medium,Non-FAQ,2000,2200,2100,23-Jan-25
14049,Sikar,Sikar,Onion,Onion,FAQ,900,1500,1200,11-Jan-25
14050,Sikar,Sikar,Onion,Onion,FAQ,1000,1800,1400,15-Jan-25
14051,Bulandshahar,Sikarpur,Onion,Red,FAQ,1200,1400,1300,27-Jan-25
14052,Gomati,Silachhari,Onion,Nasik,FAQ,4000,4500,4300,20-Jan-25
14053,Darjeeling,Siliguri,Onion,Other,FAQ,3100,3300,3200,03-Jan-25
14054,Sivaganga,Singampunari(Uzhavar Sandhai ),Onion,Bellary,Local,5000,5500,5500,13-Jan-25
14055,Sivaganga,Singampunari(Uzhavar Sandhai ),Onion,Bellary,Local,5000,5500,5500,18-Jan-25
14056,Coimbatore,Singanallur(Uzhavar Sandhai ),Onion,Bellary,Local,3500,4000,4000,16-Jan-25
14057,Coimbatore,Singanallur(Uzhavar Sandhai ),Onion,Bellary,Local,4500,4700,4700,21-Jan-25
14058,Nashik,Sinner,Onion,Red,FAQ,500,2615,2250,07-Jan-25
14059,Fatehgarh,Sirhind,Onion,Other,FAQ,2300,2800,2500,27-Jan-25
14060,Nagapattinam,Sirkali(Uzhavar Sandhai ),Onion,Bellary,Local,4500,5000,5000,23-Jan-25
14061,Sirsa,Sirsa,Onion,Other,FAQ,1500,2500,2000,20-Jan-25
14062,Prayagraj,Sirsa,Onion,Red,FAQ,2100,2300,2200,26-Jan-25
14063,Sitapur,Sitapur,Onion,Red,FAQ,1600,2450,2340,19-Jan-25
14064,Sitapur,Sitapur,Onion,Red,FAQ,1600,2550,2450,09-Jan-25
14065,Sitapur,Sitapur,Onion,Red,FAQ,1600,2700,2530,04-Jan-25
14066,Mandsaur,Sitmau,Onion,Onion,FAQ,500,2050,1590,04-Jan-25
14067,Sivaganga,Sivagangai (Uzhavar Sandhai ),Onion,Bellary,Local,5000,5400,5400,19-Jan-25
14068,Sivaganga,Sivagangai (Uzhavar Sandhai ),Onion,Bellary,Local,5000,5400,5400,22-Jan-25
14069,Virudhunagar,Sivakasi(Uzhavar Sandhai ),Onion,Bellary,Local,3500,4000,4000,26-Jan-25
14070,Virudhunagar,Sivakasi(Uzhavar Sandhai ),Onion,Bellary,Local,3800,4000,4000,28-Jan-25
14071,Kaithal,Siwan,Onion,Other,FAQ,2000,2000,2000,03-Jan-25
14072,Kaithal,Siwan,Onion,Other,FAQ,2400,2500,2500,28-Jan-25
14073,Bulandshahar,Siyana,Onion,Red,FAQ,2300,2420,2370,21-Jan-25
14074,Gurgaon,Sohna,Onion,Onion,FAQ,2000,2200,2200,23-Jan-25
14075,Gurgaon,Sohna,Onion,Onion,FAQ,2400,3000,2500,07-Jan-25
14076,Solan,Solan,Onion,Other,FAQ,2300,2700,2500,11-Jan-25
14077,Coimbatore,Vadavalli(Uzhavar Sandhai ),Onion,Bellary,Local,4000,4500,4500,23-Jan-25
14078,Kolhapur,Vadgaonpeth,Onion,Local,FAQ,2800,3600,3200,01-Jan-25
14079,Vadodara(Baroda),Vadodara(Sayajipura),Onion,Other,FAQ,1000,2200,1600,22-Jan-25
14080,Chattrapati Sambhajinagar,Vaijpur,Onion,Red,FAQ,500,2375,1900,18-Jan-25
14081,Chattrapati Sambhajinagar,Vaijpur,Onion,Red,Local,500,2350,2000,28-Jan-25
14082,Thiruvarur,Valangaiman,Onion,Bellary,Local,4600,4600,4600,06-Jan-25
14083,Idukki,Vandiperiyar,Onion,Small,FAQ,7000,7500,7500,07-Jan-25
14084,Thirupathur,Vaniyampadi(Uzhavar Sandhai ),Onion,Bellary,Local,4000,4000,4000,20-Jan-25
14085,Thirupathur,Vaniyampadi(Uzhavar Sandhai ),Onion,Bellary,Local,4000,5000,5000,16-Jan-25
14086,Thirupathur,Vaniyampadi(Uzhavar Sandhai ),Onion,Bellary,Local,5000,5000,5000,01-Jan-25
14087,Varanasi,Varanasi,Onion,Red,FAQ,2400,2525,2450,04-Jan-25
14088,Varanasi,Varanasi,Onion,Red,FAQ,2425,2550,2475,11-Jan-25
14089,Kanpur,Varipaal,Onion,Red,Non-FAQ,1800,1800,1800,24-Jan-25
14090,Mumbai,Vashi New Mumbai,Onion,Other,Local,1100,2900,2000,29-Jan-25
14091,Dindigul,Vedasanthur(Uzhavar Sandhai ),Onion,Bellary,Local,4000,4800,4800,01-Feb-25
14092,Dindigul,Vedasanthur(Uzhavar Sandhai ),Onion,Bellary,Local,4000,4800,4800,18-Jan-25
14093,Dindigul,Vedasanthur(Uzhavar Sandhai ),Onion,Bellary,Local,4400,5000,5000,03-Jan-25
14094,Karur,Velayuthampalayam(Uzhavar Sandhai ),Onion,Bellary,Local,4000,5000,5000,17-Jan-25
14095,Vellore,Vellore,Onion,Bellary,Local,4000,4500,4500,04-Jan-25
14096,Kozhikode(Calicut),Vengeri(Kozhikode),Onion,Onion,FAQ,3400,3700,3700,24-Jan-25
14097,Ballia,Vilthararoad,Onion,Other,FAQ,2600,2700,2650,07-Jan-25
14098,Pudukkottai,Viralimalai(Uzhavar Sandhai ),Onion,Bellary,Local,4200,5000,5000,31-Jan-25
14099,Pudukkottai,Viralimalai(Uzhavar Sandhai ),Onion,Bellary,Local,5000,6000,6000,09-Jan-25
14100,Pudukkottai,Viralimalai(Uzhavar Sandhai ),Onion,Bellary,Local,5000,6000,6000,20-Jan-25
14101,Virudhunagar,Virudhunagar(Uzhavar Sandhai ),Onion,Bellary,Local,5500,5800,5800,12-Jan-25
14102,Cuddalore,Viruthachalam(Uzhavar Sandhai ),Onion,Bellary,Local,4500,4500,4500,09-Jan-25
14103,Junagarh,Visavadar,Onion,Onion,FAQ,565,1505,1035,27-Jan-25
14104,Junagarh,Visavadar,Onion,Onion,FAQ,670,1930,1050,04-Jan-25
14105,Pillibhit,Vishalpur,Onion,Red,FAQ,2220,2265,2240,21-Jan-25
14106,Sitapur,Viswan,Onion,Red,FAQ,2140,2180,2160,31-Jan-25
14107,Thirssur,Wadakkanchery,Onion,Onion,FAQ,4200,4500,4500,10-Jan-25
14108,Yamuna Nagar,Yamuna Nagar,Onion,Other,FAQ,600,2300,1800,30-Jan-25
14109,Nashik,Yeola,Onion,Red,FAQ,500,2290,1850,09-Jan-25
14110,Nashik,Yeola,Onion,Red,FAQ,500,2701,2150,25-Jan-25
14111,Ferozpur,Zira,Onion,Local,FAQ,2200,2600,2400,18-Jan-25
14112,Kheda,Kapadvanj,Onion,Other,FAQ,1300,2600,1950,03-Jan-25
14113,Satara,Karad,Onion,Other,FAQ,500,2800,2800,09-Jan-25
14114,Sivaganga,Karaikudi(Uzhavar Sandhai ),Onion,Bellary,Local,4000,6000,6000,14-Jan-25
14115,Sivaganga,Karaikudi(Uzhavar Sandhai ),Onion,Bellary,Local,5000,5500,5500,01-Feb-25
14116,Sivaganga,Karaikudi(Uzhavar Sandhai ),Onion,Bellary,Local,5200,5500,5500,31-Jan-25
14117,Nadia,Karimpur,Onion,Nasik,FAQ,2900,3100,3000,21-Jan-25
14118,Nadia,Karimpur,Onion,Nasik,Non-FAQ,2700,2900,2800,21-Jan-25
14119,Virudhunagar,Kariyapatti(Uzhavar Sandhai ),Onion,Bellary,Local,2500,3000,3000,09-Jan-25
14120,Ahmednagar,Karjat,Onion,Local,FAQ,300,2200,1300,15-Jan-25
14121,Ahmednagar,Karjat,Onion,Local,Local,500,2500,1500,30-Jan-25
14122,Chitrakut,Karvi,Onion,Red,FAQ,2125,2445,2330,17-Jan-25
14123,Chitrakut,Karvi,Onion,Red,FAQ,2225,2445,2350,02-Jan-25
14124,Chitrakut,Karvi,Onion,Red,FAQ,2335,2455,2400,07-Jan-25
14125,Chitrakut,Karvi,Onion,Red,FAQ,2335,2645,2530,01-Jan-25
14126,Chitrakut,Karvi,Onion,Red,FAQ,2345,2445,2435,10-Jan-25
14127,Kasganj,Kasganj,Onion,Red,FAQ,2100,2500,2300,28-Jan-25
14128,UdhamSinghNagar,Kashipur,Onion,Other,FAQ,1400,1600,1500,01-Jan-25
14129,Puruliya,Kasipur,Onion,Other,FAQ,2800,3200,3000,15-Jan-25
14130,Puruliya,Kasipur,Onion,Other,FAQ,2800,3200,3000,18-Jan-25
14131,Kathua,Kathua,Onion,Other,FAQ,2200,2600,2400,25-Jan-25
14132,Katni,Katni,Onion,Onion,FAQ,2300,2300,2300,06-Jan-25
14133,Vellore,Katpadi (Uzhavar Sandhai ),Onion,Bellary,Local,4000,4500,4500,30-Jan-25
14134,Purba Bardhaman,Katwa,Onion,Other,FAQ,2400,2600,2500,24-Jan-25
14135,Purba Bardhaman,Katwa,Onion,Other,FAQ,2400,2600,2500,28-Jan-25
14136,Krishnagiri,Kaveripattinam(Uzhavar Sandhai ),Onion,Bellary,Local,3000,4000,4000,06-Jan-25
14137,Farukhabad,Kayamganj,Onion,Red,FAQ,2030,2130,2080,29-Jan-25
14138,Farukhabad,Kayamganj,Onion,Red,FAQ,2300,2400,2350,06-Jan-25
14139,Alappuzha,Kayamkulam,Onion,Big,FAQ,3200,3400,3300,16-Jan-25
14140,Alappuzha,Kayamkulam,Onion,Big,FAQ,3800,4000,3900,27-Jan-25
14141,Thiruvannamalai,Keelpennathur(Uzhavar Sandhai ),Onion,Bellary,Local,3200,3800,3800,10-Jan-25
14142,Thiruvannamalai,Keelpennathur(Uzhavar Sandhai ),Onion,Bellary,Local,3500,4000,4000,01-Jan-25
14143,Thiruvannamalai,Keelpennathur(Uzhavar Sandhai ),Onion,Bellary,Local,3500,4500,4500,04-Jan-25
14144,Keonjhar,Keonjhar,Onion,Other,FAQ,3500,4000,4000,02-Jan-25
14145,Delhi,Keshopur,Onion,Onion,FAQ,1600,3000,2400,07-Jan-25
14146,Delhi,Keshopur,Onion,Onion,FAQ,2000,3000,2500,24-Jan-25
14147,Delhi,Keshopur,Onion,Onion,FAQ,2000,3000,2500,25-Jan-25
14148,Kalahandi,Kesinga,Onion,Other,FAQ,6500,8000,6700,13-Jan-25
14149,Fatehpur,Khaga,Onion,Red,FAQ,2070,2180,2125,03-Jan-25
14150,Fatehpur,Khaga,Onion,Red,FAQ,2100,2230,2150,01-Jan-25
14151,Khairthal Tijara,Khairthal,Onion,Other,FAQ,700,2000,1200,07-Jan-25
14152,Fatehgarh,Khamano,Onion,Onion,FAQ,3000,3000,3000,21-Jan-25
14153,Fatehgarh,Khamano,Onion,Onion,FAQ,4000,4000,4000,06-Jan-25
14154,Shamli,Khandhla,Onion,Red,FAQ,2600,2700,2650,15-Jan-25
14155,Shamli,Khandhla,Onion,Red,Non-FAQ,2700,2800,2750,23-Jan-25
14156,Khandwa,Khandwa,Onion,Local,FAQ,700,1000,1000,14-Jan-25
14157,Khandwa,Khandwa,Onion,Local,FAQ,800,1000,1000,19-Jan-25
14158,Khandwa,Khandwa,Onion,Local,FAQ,1100,1100,1100,10-Jan-25
14159,Mohali,Kharar,Onion,Other,FAQ,2400,2800,2700,19-Jan-25
14160,Mohali,Kharar,Onion,Other,FAQ,2600,3000,2700,10-Jan-25
14161,Nuapada,Khariar,Onion,Dry F.A.Q.,FAQ,2500,3000,3000,11-Jan-25
14162,Nuapada,Khariar,Onion,Dry F.A.Q.,FAQ,3000,3100,3000,06-Jan-25
14163,Hardoi,Madhoganj,Onion,Red,FAQ,2400,2450,2420,16-Jan-25
14164,Hardoi,Madhoganj,Onion,Red,FAQ,2550,2600,2570,08-Jan-25
14165,Chengalpattu,Madhuranthagam(Uzhavar Sandhai ),Onion,Bellary,Local,4000,4500,4500,01-Feb-25
14166,Chengalpattu,Madhuranthagam(Uzhavar Sandhai ),Onion,Bellary,Local,4000,4500,4500,09-Jan-25
14167,Chengalpattu,Madhuranthagam(Uzhavar Sandhai ),Onion,Bellary,Local,4000,5000,5000,13-Jan-25
14168,Panipat,Madlauda,Onion,Other,FAQ,2000,2000,2000,22-Jan-25
14169,Panipat,Madlauda,Onion,Other,FAQ,2000,2000,2000,26-Jan-25
14170,Panipat,Madlauda,Onion,Other,FAQ,2400,2400,2400,17-Jan-25
14171,Hyderabad,Mahboob Manison,Onion,1st Sort,FAQ,2500,3000,2700,11-Jan-25
14172,Hyderabad,Mahboob Manison,Onion,1st Sort,FAQ,2500,3600,2700,23-Jan-25
14173,Hyderabad,Mahboob Manison,Onion,2nd Sort,Non-FAQ,300,2800,2400,27-Jan-25
14174,Hyderabad,Mahboob Manison,Onion,2nd Sort,Non-FAQ,300,3000,2600,24-Jan-25
14175,Mahoba,Mahoba,Onion,Red,FAQ,2300,2450,2370,13-Jan-25
14176,Bhavnagar,Mahuva(Station Road),Onion,Red,FAQ,755,2350,1555,16-Jan-25
14177,Bhavnagar,Mahuva(Station Road),Onion,Red,FAQ,810,2500,1655,25-Jan-25
14178,Bhavnagar,Mahuva(Station Road),Onion,White,FAQ,1125,2505,1815,28-Jan-25
14179,Bhavnagar,Mahuva(Station Road),Onion,White,FAQ,1180,2855,2020,27-Jan-25
14180,Bhavnagar,Mahuva(Station Road),Onion,White,FAQ,1250,2055,1655,23-Jan-25
14181,Bhavnagar,Mahuva(Station Road),Onion,White,FAQ,1350,2425,1890,20-Jan-25
14182,Mainpuri,Mainpuri,Onion,Red,FAQ,2050,2240,2160,27-Jan-25
14183,Muktsar,Malout,Onion,Onion,FAQ,1600,2000,1800,23-Jan-25
14184,Kolar,Malur,Onion,Onion,FAQ,2800,3500,3000,23-Jan-25
14185,Kolar,Malur,Onion,Onion,Ref grade-1,2800,3500,3000,01-Feb-25
14186,Thiruchirappalli,Manapparai(Uzhavar Sandhai ),Onion,Bellary,Local,4000,5600,5600,01-Feb-25
14187,Thiruchirappalli,Manapparai(Uzhavar Sandhai ),Onion,Bellary,Local,4000,5600,5600,15-Jan-25
14188,Thiruchirappalli,Manapparai(Uzhavar Sandhai ),Onion,Bellary,Local,4000,5600,5600,22-Jan-25
14189,Thiruchirappalli,Manapparai(Uzhavar Sandhai ),Onion,Bellary,Local,5000,6000,6000,06-Jan-25
14190,Neemuch,Manasa,Onion,Medium,FAQ,200,1060,1060,22-Jan-25
14191,Neemuch,Manasa,Onion,Medium,FAQ,880,1800,1701,04-Jan-25
14192,Neemuch,Manasa,Onion,Onion,FAQ,260,2050,900,04-Jan-25
14193,Neemuch,Manasa,Onion,Onion,FAQ,500,2300,1500,03-Jan-25
14194,Neemuch,Manasa,Onion,Onion,Non-FAQ,470,2150,1400,23-Jan-25
14195,Neemuch,Manasa,Onion,Onion,Non-FAQ,480,1960,1801,30-Jan-25
14196,Dhar,Manawar(F&V),Onion,Onion,FAQ,1600,1800,1700,07-Jan-25
14197,Dhar,Manawar(F&V),Onion,Onion,FAQ,1800,2000,1900,03-Jan-25
14198,Dhar,Manawar(F&V),Onion,Onion,Non-FAQ,1800,2000,1900,21-Jan-25
14199,Mandi,Mandi(Mandi),Onion,Onion,FAQ,2000,2800,2400,16-Jan-25
14200,Mandi,Mandi(Mandi),Onion,Onion,FAQ,2400,3000,2700,08-Jan-25
14201,Mandi,Mandi(Mandi),Onion,Onion,FAQ,2600,3200,3000,29-Jan-25
14202,Mandi,Mandi(Takoli),Onion,Other,FAQ,2000,2700,2400,27-Jan-25
14203,Mandsaur,Mandsaur,Onion,Onion,FAQ,100,2183,1000,24-Jan-25
14204,Mandsaur,Mandsaur,Onion,Onion,FAQ,100,2290,1500,20-Jan-25
14205,Mandsaur,Mandsaur,Onion,Onion,FAQ,100,2311,1400,17-Jan-25
14206,Mandsaur,Mandsaur,Onion,White,FAQ,1481,1481,1481,03-Jan-25
14207,Sholapur,Mangal Wedha,Onion,Local,FAQ,500,2900,2200,17-Jan-25
14208,Haridwar,Manglaur,Onion,Other,FAQ,1300,1400,1350,25-Jan-25
14209,Malappuram,Manjeri,Onion,Other,FAQ,3600,3700,3650,28-Jan-25
14210,Malappuram,Manjeri,Onion,Other,FAQ,3700,3800,3750,16-Jan-25
14211,Kaushambi,Manjhanpur,Onion,Red,FAQ,2020,2190,2100,03-Jan-25
14212,Nashik,Manmad,Onion,Red,FAQ,300,2109,1800,11-Jan-25
14213,Nashik,Manmad,Onion,Red,FAQ,500,2675,2100,21-Jan-25
14214,Nuapada,Khariar,Onion,Dry F.A.Q.,Non-FAQ,3000,3100,3000,28-Jan-25
14215,Nuapada,Khariar Road,Onion,Other,FAQ,2500,3000,3000,09-Jan-25
14216,Nuapada,Khariar Road,Onion,Other,Non-FAQ,3000,3500,3500,23-Jan-25
14217,UdhamSinghNagar,Khateema,Onion,Other,FAQ,2300,2500,2400,15-Jan-25
14218,Pune,Khed(Chakan),Onion,Other,FAQ,2000,3000,2500,10-Jan-25
14219,Baghpat,Khekda,Onion,Red,FAQ,2100,2300,2200,31-Jan-25
14220,Boudh,Khunthabandha,Onion,Other,FAQ,4000,5000,4500,31-Jan-25
14221,Boudh,Khunthabandha,Onion,Other,FAQ,4000,6000,5000,13-Jan-25
14222,Bulandshahar,Khurja,Onion,Red,FAQ,2425,2625,2525,04-Jan-25
14223,UdhamSinghNagar,Kicchha,Onion,Other,FAQ,1600,1800,1700,06-Jan-25
14224,Palakad,Koduvayoor,Onion,Big,FAQ,3200,3600,3400,09-Jan-25
14225,Palakad,Koduvayoor,Onion,Small,FAQ,6000,6400,6200,01-Feb-25
14226,Palakad,Koduvayoor,Onion,Small,Non-FAQ,8000,8400,8200,24-Jan-25
14227,Palakad,Kollengode,Onion,Big,FAQ,4000,4400,4200,23-Jan-25
14228,Palakad,Kollengode,Onion,Small,FAQ,5500,5900,5700,31-Jan-25
14229,Mau(Maunathbhanjan),Kopaganj,Onion,Red,FAQ,1000,1200,1100,18-Jan-25
14230,Mau(Maunathbhanjan),Kopaganj,Onion,Red,FAQ,2000,2200,2100,03-Jan-25
14231,Ahmednagar,Kopargaon,Onion,Red,FAQ,100,2591,2275,20-Jan-25
14232,Ahmednagar,Kopargaon,Onion,Red,FAQ,700,2100,1875,11-Jan-25
14233,Ahmednagar,Kopargaon,Onion,Red,Local,1000,2420,2100,28-Jan-25
14234,Rewari,Kosli,Onion,Other,FAQ,2200,2200,2200,04-Jan-25
14235,Kota,Kota (F&V),Onion,Other,FAQ,400,2200,1300,24-Jan-25
14236,Kota,Kota (F&V),Onion,Other,FAQ,500,2000,1250,19-Jan-25
14237,Garhwal (Pauri),Kotadwara,Onion,Other,FAQ,1900,2200,2000,16-Jan-25
14238,Garhwal (Pauri),Kotadwara,Onion,Other,FAQ,2200,2700,2400,10-Jan-25
14239,Ernakulam,Kothamangalam,Onion,Big,FAQ,3000,4000,3500,09-Jan-25
14240,Ernakulam,Kothamangalam,Onion,Big,FAQ,3000,4000,3500,16-Jan-25
14241,Malappuram,Kottakkal,Onion,Other,FAQ,3800,4000,3900,03-Jan-25
14242,Kollam,Kottarakkara,Onion,Other,FAQ,5000,5500,5200,01-Feb-25
14243,Kottayam,Kottayam,Onion,Big,FAQ,4500,4900,4700,17-Jan-25
14244,Kottayam,Kottayam,Onion,Big,FAQ,4600,5000,4800,10-Jan-25
14245,Tuticorin,Kovilpatti(Uzhavar Sandhai ),Onion,Bellary,Local,4000,4500,4500,30-Jan-25
14246,Tuticorin,Kovilpatti(Uzhavar Sandhai ),Onion,Bellary,Local,4500,5000,5000,09-Jan-25
14247,Krishnagiri,Krishnagiri(Uzhavar Sandhai ),Onion,Bellary,Local,3500,4000,4000,14-Jan-25
14248,Krishnagiri,Krishnagiri(Uzhavar Sandhai ),Onion,Bellary,Local,4000,4500,4500,02-Jan-25
14249,Sambalpur,Kuchinda,Onion,Other,FAQ,3000,4000,3500,14-Jan-25
14250,Ranga Reddy,Kukatpally(Rythu Bazar),Onion,1st Sort,FAQ,3900,3900,3900,03-Jan-25
14251,Karur,Kulithalai(Uzhavar Sandhai ),Onion,Bellary,Local,4000,5000,5000,17-Jan-25
14252,Karur,Kulithalai(Uzhavar Sandhai ),Onion,Bellary,Local,4000,5000,5000,25-Jan-25
14253,Namakkal,Kumarapalayam(Uzhavar Sandhai ),Onion,Bellary,Local,4000,5000,5000,28-Jan-25
14254,Namakkal,Kumarapalayam(Uzhavar Sandhai ),Onion,Bellary,Local,4000,5000,5000,31-Jan-25
14255,Namakkal,Kumarapalayam(Uzhavar Sandhai ),Onion,Bellary,Local,4800,5800,5800,04-Jan-25
14256,Kancheepuram,Kundrathur(Uzhavar Sandhai ),Onion,Bellary,Local,4000,4000,4000,25-Jan-25
14257,Kancheepuram,Kundrathur(Uzhavar Sandhai ),Onion,Bellary,Local,4000,5000,5000,08-Jan-25
14258,Kancheepuram,Kundrathur(Uzhavar Sandhai ),Onion,Bellary,Local,4000,5000,5000,21-Jan-25
14259,Kancheepuram,Kundrathur(Uzhavar Sandhai ),Onion,Bellary,Local,4000,5000,5000,26-Jan-25
14260,Mohali,Kurali,Onion,Other,FAQ,2500,2700,2600,31-Jan-25
14261,Coimbatore,Kurichi(Uzhavar Sandhai ),Onion,Bellary,Local,4000,4400,4400,21-Jan-25
14262,Kurnool,Kurnool,Onion,Local,FAQ,705,2271,1630,31-Jan-25
14263,Kurnool,Kurnool,Onion,Local,FAQ,801,2529,2137,27-Jan-25
14264,Solan,Solan,Onion,Other,FAQ,2300,3200,2800,06-Jan-25
14265,Solan,Solan,Onion,Other,FAQ,2500,3100,2900,30-Jan-25
14266,Solan,Solan(Nalagarh),Onion,Other,FAQ,2500,3000,2800,09-Jan-25
14267,Sonipat,Sonepat,Onion,Other,FAQ,2000,2500,2500,25-Jan-25
14268,Sonipat,Sonepat,Onion,Other,FAQ,2500,2900,2500,01-Feb-25
14269,Sonipat,Sonepat,Onion,Other,FAQ,2800,3000,2800,09-Jan-25
14270,Dewas,Sonkatch,Onion,Local,FAQ,501,1601,1601,10-Jan-25
14271,Salem,Sooramangalam(Uzhavar Sandhai ),Onion,Bellary,Local,5500,6000,6000,10-Jan-25
14272,Ganganagar,Sriganganagar (F&V),Onion,Other,FAQ,3800,4200,4000,01-Jan-25
14273,Virudhunagar,Srivilliputhur(Uzhavar Sandhai ),Onion,Bellary,Local,3500,4000,4000,31-Jan-25
14274,Virudhunagar,Srivilliputhur(Uzhavar Sandhai ),Onion,Bellary,Local,4500,5000,5000,01-Jan-25
14275,Virudhunagar,Srivilliputhur(Uzhavar Sandhai ),Onion,Bellary,Local,4800,6000,6000,21-Jan-25
14276,Virudhunagar,Srivilliputhur(Uzhavar Sandhai ),Onion,Bellary,Local,5500,6000,6000,09-Jan-25
14277,Amethi,Sultanpur,Onion,Red,FAQ,2250,2440,2345,21-Jan-25
14278,Amethi,Sultanpur,Onion,Red,FAQ,2280,2450,2365,10-Jan-25
14279,Coimbatore,Sulur(Uzhavar Sandhai ),Onion,Bellary,Local,4000,4200,4200,29-Jan-25
14280,Coimbatore,Sulur(Uzhavar Sandhai ),Onion,Bellary,Local,4400,4600,4600,09-Jan-25
14281,Coimbatore,Sulur(Uzhavar Sandhai ),Onion,Bellary,Local,4400,4700,4700,22-Jan-25
14282,Sangrur,Sunam,Onion,Nasik,FAQ,1500,3000,2000,02-Jan-25
14283,Coimbatore,Sundarapuram(Uzhavar Sandhai ),Onion,Bellary,Local,3200,3600,3600,19-Jan-25
14284,Coimbatore,Sundarapuram(Uzhavar Sandhai ),Onion,Bellary,Local,3200,3700,3700,15-Jan-25
14285,Coimbatore,Sundarapuram(Uzhavar Sandhai ),Onion,Bellary,Local,3800,4200,4200,08-Jan-25
14286,Coimbatore,Sundarapuram(Uzhavar Sandhai ),Onion,Bellary,Local,4000,4400,4400,27-Jan-25
14287,Coimbatore,Sundarapuram(Uzhavar Sandhai ),Onion,Bellary,Local,4000,4500,4500,24-Jan-25
14288,Surat,Surat,Onion,Other,FAQ,1000,2800,1900,13-Jan-25
14289,Surat,Surat,Onion,Other,FAQ,1000,3000,2000,08-Jan-25
14290,Surat,Surat,Onion,Other,FAQ,1200,3000,2100,24-Jan-25
14291,Ganganagar,Suratgarh,Onion,1st Sort,FAQ,1400,1600,1500,23-Jan-25
14292,Samastipur,Tajpur,Onion,Medium,FAQ,2400,2600,2500,28-Jan-25
14293,Bhavnagar,Taleja,Onion,Red,FAQ,1000,2505,1755,07-Jan-25
14294,Kannur,Taliparamba,Onion,Onion,FAQ,3300,3500,3400,17-Jan-25
14295,Kannur,Taliparamba,Onion,Onion,FAQ,3900,4100,4000,10-Jan-25
14296,Bhatinda,Talwandi Sabo,Onion,Other,FAQ,2500,3000,2600,11-Jan-25
14297,Thiruvannamalai,Tamarainagar(Uzhavar Sandhai ),Onion,Bellary,Local,4000,4500,4500,25-Jan-25
14298,Medinipur(E),Tamluk (Medinipur E),Onion,Onion,FAQ,3200,3600,3400,08-Jan-25
14299,Hoshiarpur,Tanda Urmur,Onion,Other,FAQ,2800,3200,3000,28-Jan-25
14300,Tarntaran,Tarantaran,Onion,Other,FAQ,2000,2400,2200,21-Jan-25
14301,Tarntaran,Tarantaran,Onion,Other,FAQ,2000,2500,2200,26-Jan-25
14302,Mewat,Tauru,Onion,Other,FAQ,2500,2600,2600,14-Jan-25
14303,Khowai,Teliamura,Onion,Nasik,FAQ,3800,4000,3900,10-Jan-25
14304,Tenkasi,Tenkasi(Uzhavar Sandhai ),Onion,Bellary,Local,4000,4000,4000,21-Jan-25
14305,Tenkasi,Tenkasi(Uzhavar Sandhai ),Onion,Bellary,Local,4000,4500,4500,20-Jan-25
14306,Kannur,Thalasserry,Onion,1st Sort,FAQ,2900,3100,3000,16-Jan-25
14307,Kannur,Thalasserry,Onion,1st Sort,FAQ,3500,3800,3600,23-Jan-25
14308,Kannur,Thalasserry,Onion,1st Sort,FAQ,3800,4100,4000,08-Jan-25
14309,Kannur,Thalasserry,Onion,1st Sort,FAQ,3800,4100,4000,11-Jan-25
14310,Virudhunagar,Thalavaipuram(Uzhavar Sandhai ),Onion,Bellary,Local,4000,4500,4500,08-Jan-25
14311,Virudhunagar,Thalavaipuram(Uzhavar Sandhai ),Onion,Bellary,Local,4500,5000,5000,29-Jan-25
14312,Kottayam,Thalayolaparambu,Onion,Big,FAQ,4000,4400,4200,21-Jan-25
14313,Kottayam,Thalayolaparambu,Onion,Onion,FAQ,6800,7200,7000,27-Jan-25
14314,Shravasti,Payagpur,Onion,Red,Non-FAQ,2500,2700,2600,20-Jan-25
14315,Kurukshetra,Pehowa,Onion,Other,FAQ,1500,1800,1600,17-Jan-25
14316,Dharmapuri,Pennagaram(Uzhavar Sandhai ),Onion,Bellary,Local,5000,5000,5000,17-Jan-25
14317,Dharmapuri,Pennagaram(Uzhavar Sandhai ),Onion,Bellary,Local,5000,5500,5500,11-Jan-25
14318,Dharmapuri,Pennagaram(Uzhavar Sandhai ),Onion,Bellary,Local,5800,5800,5800,03-Jan-25
14319,Perambalur,Perambalur(Uzhavar Sandhai ),Onion,Bellary,Local,5000,5000,5000,11-Jan-25
14320,Perambalur,Perambalur(Uzhavar Sandhai ),Onion,Bellary,Local,5200,5200,5200,10-Jan-25
14321,Kozhikode(Calicut),Perambra,Onion,Other,FAQ,3000,3400,3200,17-Jan-25
14322,Kozhikode(Calicut),Perambra,Onion,Other,FAQ,3800,4000,3900,07-Jan-25
14323,Malappuram,Perinthalmanna,Onion,Onion,FAQ,3200,4000,3400,07-Jan-25
14324,Theni,Periyakulam(Uzhavar Sandhai ),Onion,Bellary,Local,4200,4500,4500,29-Jan-25
14325,Theni,Periyakulam(Uzhavar Sandhai ),Onion,Bellary,Local,4200,4500,4500,30-Jan-25
14326,Ernakulam,Perumbavoor,Onion,Onion,FAQ,3500,4500,4000,24-Jan-25
14327,Erode,Perundurai(Uzhavar Sandhai ),Onion,Bellary,Local,4000,4500,4500,19-Jan-25
14328,Erode,Perundurai(Uzhavar Sandhai ),Onion,Bellary,Local,4200,4500,4500,01-Feb-25
14329,Erode,Perundurai(Uzhavar Sandhai ),Onion,Bellary,Local,4200,4500,4500,03-Jan-25
14330,Erode,Perundurai(Uzhavar Sandhai ),Onion,Bellary,Local,4200,4500,4500,04-Jan-25
14331,Erode,Perundurai(Uzhavar Sandhai ),Onion,Bellary,Local,4200,4500,4500,06-Jan-25
14332,Erode,Perundurai(Uzhavar Sandhai ),Onion,Bellary,Local,4500,5000,5000,14-Jan-25
14333,Erode,Perundurai(Uzhavar Sandhai ),Onion,Bellary,Local,4500,5000,5000,16-Jan-25
14334,Erode,Perundurai(Uzhavar Sandhai ),Onion,Bellary,Local,4800,5000,5000,15-Jan-25
14335,kapurthala,Phagwara,Onion,Other,FAQ,2149,2999,2399,01-Feb-25
14336,kapurthala,Phagwara,Onion,Other,FAQ,2603,3293,3293,06-Jan-25
14337,Pillibhit,Pilibhit,Onion,Red,FAQ,2150,2250,2200,01-Feb-25
14338,Pillibhit,Pilibhit,Onion,Red,FAQ,2190,2270,2230,16-Jan-25
14339,Pillibhit,Pilibhit,Onion,Red,FAQ,2200,2280,2240,13-Jan-25
14340,Pillibhit,Pilibhit,Onion,Red,FAQ,2200,2280,2240,22-Jan-25
14341,Pillibhit,Pilibhit,Onion,Red,FAQ,2230,2300,2265,29-Jan-25
14342,Nashik,Pimpalgaon,Onion,Pole,FAQ,700,2660,2200,18-Jan-25
14343,Nashik,Pimpalgaon,Onion,Pole,FAQ,800,3065,2351,06-Jan-25
14344,Nashik,Pimpalgaon,Onion,Pole,Local,600,2904,2100,01-Feb-25
14345,Nashik,Pimpalgaon Baswant(Saykheda),Onion,Red,FAQ,800,1970,1675,14-Jan-25
14346,Nashik,Pimpalgaon Baswant(Saykheda),Onion,Red,Local,800,2500,2050,29-Jan-25
14347,Hoshangabad,Pipariya(F&V),Onion,Onion,FAQ,1350,3000,2200,06-Jan-25
14348,Hoshangabad,Pipariya(F&V),Onion,Onion,FAQ,1350,3000,2200,20-Jan-25
14349,Hoshangabad,Pipariya(F&V),Onion,Onion,FAQ,1400,2800,2000,29-Jan-25
14350,Hoshangabad,Pipariya(F&V),Onion,Onion,FAQ,1500,2800,2100,21-Jan-25
14351,Ernakulam,Piravam,Onion,Big,FAQ,4500,6000,5000,14-Jan-25
14352,Ernakulam,Piravam,Onion,Big,FAQ,4500,6000,5000,16-Jan-25
14353,Bhojpur,Piro,Onion,Medium,FAQ,2800,2830,2820,28-Jan-25
14354,Coimbatore,Pollachi(Uzhavar Sandhai ),Onion,Bellary,Local,4000,4400,4400,15-Jan-25
14355,Coimbatore,Pollachi(Uzhavar Sandhai ),Onion,Bellary,Local,4000,5500,5500,08-Jan-25
14356,Porbandar,Porbandar,Onion,Other,FAQ,1500,2500,2000,28-Jan-25
14357,Thiruvananthapuram,Pothencode,Onion,Other,FAQ,48000,48080,48040,30-Jan-25
14358,Thiruvananthapuram,Pothencode,Onion,Other,FAQ,51000,51080,51040,10-Jan-25
14359,Pratapgarh,Pratapgarh,Onion,Other,FAQ,600,2150,1700,31-Jan-25
14360,Pratapgarh,Pratapgarh,Onion,Red,FAQ,2000,2200,2100,06-Jan-25
14361,Pudukkottai,Pudukottai(Uzhavar Sandhai ),Onion,Bellary,Local,5000,6000,6000,19-Jan-25
14362,Pudukkottai,Pudukottai(Uzhavar Sandhai ),Onion,Bellary,Local,5000,6000,6000,23-Jan-25
14363,Kurukshetra,Ladwa,Onion,Onion,FAQ,2000,2000,2000,29-Jan-25
14364,Kurukshetra,Ladwa,Onion,Onion,FAQ,2000,2500,2300,27-Jan-25
14365,Kurukshetra,Ladwa,Onion,Onion,FAQ,4500,4500,4500,09-Jan-25
14366,Lakhimpur,Lakhimpur,Onion,Red,FAQ,2100,2200,2150,28-Jan-25
14367,Lakhimpur,Lakhimpur,Onion,Red,FAQ,2300,2390,2340,23-Jan-25
14368,Lakhimpur,Lakhimpur,Onion,Red,FAQ,2320,2400,2360,01-Jan-25
14369,Lakhimpur,Lakhimpur,Onion,Red,FAQ,2350,2470,2400,17-Jan-25
14370,Raebarelli,Lalganj,Onion,Red,FAQ,2450,2550,2500,04-Jan-25
14371,Thiruchirappalli,Lalgudi(Uzhavar Sandhai ),Onion,Bellary,Local,4000,5600,5600,14-Jan-25
14372,Thiruchirappalli,Lalgudi(Uzhavar Sandhai ),Onion,Bellary,Local,4000,5600,5600,15-Jan-25
14373,Thiruchirappalli,Lalgudi(Uzhavar Sandhai ),Onion,Bellary,Local,4000,5600,5600,16-Jan-25
14374,Thiruchirappalli,Lalgudi(Uzhavar Sandhai ),Onion,Bellary,Local,4000,5600,5600,22-Jan-25
14375,Thiruchirappalli,Lalgudi(Uzhavar Sandhai ),Onion,Bellary,Local,4600,5600,5600,28-Jan-25
14376,Lalitpur,Lalitpur,Onion,Red,FAQ,1960,1980,1970,10-Jan-25
14377,Lalitpur,Lalitpur,Onion,Red,FAQ,1980,2000,1980,09-Jan-25
14378,Mohali,Lalru,Onion,Other,FAQ,3000,3100,3000,09-Jan-25
14379,Chattrapati Sambhajinagar,Lasur Station,Onion,Other,FAQ,600,2700,1950,21-Jan-25
14380,Sholapur,Laxmi Sopan Agriculture Produce Marketing Co Ltd,Onion,Other,FAQ,500,3600,2300,04-Jan-25
14381,Lucknow,Lucknow,Onion,Red,FAQ,2240,2340,2290,29-Jan-25
14382,Lucknow,Lucknow,Onion,Red,FAQ,2310,2410,2360,18-Jan-25
14383,Ludhiana,Ludhiana,Onion,Other,FAQ,650,2500,1800,13-Jan-25
14384,Hardoi,Madhoganj,Onion,Red,FAQ,2250,2350,2305,21-Jan-25
14385,Hardoi,Madhoganj,Onion,Red,FAQ,2400,2450,2430,10-Jan-25
14386,Hardoi,Madhoganj,Onion,Red,FAQ,2500,2580,2540,07-Jan-25
14387,Hardoi,Madhoganj,Onion,Red,FAQ,2500,2600,2560,06-Jan-25
14388,Chengalpattu,Madhuranthagam(Uzhavar Sandhai ),Onion,Bellary,Local,4000,4500,4500,27-Jan-25
14389,Chengalpattu,Madhuranthagam(Uzhavar Sandhai ),Onion,Bellary,Local,4000,4500,4500,28-Jan-25
14390,Panipat,Madlauda,Onion,Other,FAQ,2000,2000,2000,25-Jan-25
14391,Hyderabad,Mahboob Manison,Onion,1st Sort,Non-FAQ,300,1800,1400,22-Jan-25
14392,Hyderabad,Mahboob Manison,Onion,1st Sort,Non-FAQ,300,1800,1400,23-Jan-25
14393,Hyderabad,Mahboob Manison,Onion,1st Sort,Non-FAQ,300,2600,2200,28-Jan-25
14394,Hyderabad,Mahboob Manison,Onion,1st Sort,Non-FAQ,300,3000,2600,21-Jan-25
14395,Hyderabad,Mahboob Manison,Onion,2nd Sort,Non-FAQ,400,2400,1800,28-Jan-25
14396,Mahoba,Mahoba,Onion,Red,FAQ,2050,2220,2100,31-Jan-25
14397,Mahoba,Mahoba,Onion,Red,FAQ,2350,2450,2400,01-Jan-25
14398,Bhavnagar,Mahuva(Station Road),Onion,Red,FAQ,755,2455,1875,17-Jan-25
14399,Bhavnagar,Mahuva(Station Road),Onion,White,FAQ,1000,2155,1580,15-Jan-25
14400,Bhavnagar,Mahuva(Station Road),Onion,White,FAQ,1000,2405,1705,09-Jan-25
14401,Mainpuri,Mainpuri,Onion,Red,FAQ,2030,2220,2140,06-Jan-25
14402,Mainpuri,Mainpuri,Onion,Red,FAQ,2050,2240,2170,25-Jan-25
14403,Mainpuri,Mainpuri,Onion,Red,FAQ,2065,2255,2175,26-Jan-25
14404,Muktsar,Malout,Onion,Onion,FAQ,800,1500,1100,13-Jan-25
14405,Ferozpur,Mamdot,Onion,Other,FAQ,2700,2900,2800,28-Jan-25
14406,Thiruchirappalli,Manachanallur(Uzhavar Sandhai ),Onion,Bellary,Local,5400,5400,5400,01-Jan-25
14407,Thiruchirappalli,Manapparai(Uzhavar Sandhai ),Onion,Bellary,Local,4000,5600,5600,27-Jan-25
14408,Dhar,Manawar(F&V),Onion,Onion,FAQ,1800,2000,1900,10-Jan-25
14409,Dhar,Manawar(F&V),Onion,Onion,FAQ,1800,2000,1900,16-Jan-25
14410,Mandi,Mandi(Mandi),Onion,Onion,FAQ,3000,3500,3300,03-Jan-25
14411,Mandsaur,Mandsaur,Onion,Onion,FAQ,320,2350,1600,08-Jan-25
14412,Mandsaur,Mandsaur,Onion,Red,FAQ,1700,2052,1953,04-Jan-25
14413,Nashik,Manmad,Onion,White,FAQ,300,1550,1100,16-Jan-25
14414,Nashik,Manmad,Onion,White,FAQ,1000,1816,1700,08-Jan-25
14415,Thiruvarur,Mannargudi I(Uzhavar Sandhai ),Onion,Bellary,Local,4400,5600,5600,31-Jan-25
14416,Thiruvarur,Mannargudi I(Uzhavar Sandhai ),Onion,Bellary,Local,4400,6000,6000,24-Jan-25
14417,Thiruvarur,Mannargudi II(Uzhavar Sandhai ),Onion,Bellary,Local,4400,5600,5600,08-Jan-25
14418,Mansa,Mansa,Onion,Onion,FAQ,2000,2500,2200,07-Jan-25
14419,Mansa,Mansa,Onion,Onion,FAQ,2000,3000,2500,06-Jan-25
14420,North Goa,Mapusa,Onion,Onion,FAQ,2000,2000,2000,11-Jan-25
14421,North Goa,Mapusa,Onion,Onion,FAQ,2500,2500,2500,18-Jan-25
14422,North Goa,Mapusa,Onion,Onion,FAQ,2500,2500,2500,24-Jan-25
14423,Mathura,Mathura,Onion,Red,FAQ,2200,2450,2300,11-Jan-25
14424,Mathura,Mathura,Onion,Red,FAQ,2200,2450,2350,01-Jan-25
14425,Bhatinda,Maur,Onion,Other,FAQ,2000,3000,2500,16-Jan-25
14426,Bhatinda,Maur,Onion,Other,FAQ,2500,3000,2800,21-Jan-25
14427,Jhansi,Mauranipur,Onion,Red,FAQ,2000,2085,2060,30-Jan-25
14428,Jhansi,Mauranipur,Onion,Red,FAQ,2010,2085,2045,27-Jan-25
14429,Jhansi,Mauranipur,Onion,Red,FAQ,2080,2200,2145,06-Jan-25
14430,Nagapattinam,Mayiladuthurai(Uzhavar Sandhai ),Onion,Bellary,Local,3500,4000,4000,01-Feb-25
14431,Nagapattinam,Mayiladuthurai(Uzhavar Sandhai ),Onion,Bellary,Local,3500,4000,4000,20-Jan-25
14432,Chengalpattu,Medavakkam(Uzhavar Sandhai ),Onion,Bellary,Local,4200,4600,4600,13-Jan-25
14433,Medinipur(W),Medinipur(West),Onion,Onion,FAQ,2400,2800,2600,04-Jan-25
14434,Medinipur(W),Medinipur(West),Onion,Onion,FAQ,2400,2800,2600,09-Jan-25
14435,Rohtak,Meham,Onion,Other,FAQ,1800,1800,1800,16-Jan-25
14436,Rohtak,Meham,Onion,Other,FAQ,2000,2000,2000,17-Jan-25
14437,Sitapur,Mehmoodabad,Onion,Red,FAQ,2310,2370,2340,19-Jan-25
14438,Ranga Reddy,Mehndipatnam(Rythu Bazar),Onion,1st Sort,FAQ,4000,4000,4000,04-Jan-25
14439,Ranga Reddy,Mehndipatnam(Rythu Bazar),Onion,1st Sort,FAQ,4000,4000,4000,09-Jan-25
14440,Ranga Reddy,Mehndipatnam(Rythu Bazar),Onion,1st Sort,Non-FAQ,3000,3000,3000,22-Jan-25
14441,Ranga Reddy,Mehndipatnam(Rythu Bazar),Onion,1st Sort,Non-FAQ,3500,3500,3500,27-Jan-25
14442,Mehsana,Mehsana(Mehsana Veg),Onion,Onion,FAQ,800,2300,1800,21-Jan-25
14443,Mehsana,Mehsana(Mehsana Veg),Onion,Onion,FAQ,1500,2350,2000,28-Jan-25
14444,Coochbehar,Mekhliganj,Onion,Other,FAQ,2800,3000,2900,23-Jan-25
14445,Sepahijala,Melaghar,Onion,Red,FAQ,3600,3800,3700,10-Jan-25
14446,Madurai,Melur(Uzhavar Sandhai ),Onion,Bellary,Local,4500,5200,5200,07-Jan-25
14447,Salem,Mettur(Uzhavar Sandhai ),Onion,Bellary,Local,4000,5500,5500,28-Jan-25
14448,Salem,Mettur(Uzhavar Sandhai ),Onion,Bellary,Local,4000,6000,6000,03-Jan-25
14449,Salem,Mettur(Uzhavar Sandhai ),Onion,Bellary,Local,4000,6000,6000,29-Jan-25
14450,Indore,Mhow(F&V),Onion,Onion,FAQ,800,1500,1085,15-Jan-25
14451,Indore,Mhow(F&V),Onion,Onion,FAQ,1000,1800,1250,19-Jan-25
14452,Indore,Mhow(F&V),Onion,Onion,FAQ,1200,2000,1500,28-Jan-25
14453,Mirzapur,Mirzapur,Onion,Red,FAQ,2080,2165,2100,26-Jan-25
14454,Mirzapur,Mirzapur,Onion,Red,FAQ,2100,2185,2145,02-Jan-25
14455,Mirzapur,Mirzapur,Onion,Red,FAQ,2150,2250,2200,22-Jan-25
14456,Mirzapur,Mirzapur,Onion,Red,FAQ,2225,2300,2275,20-Jan-25
14457,Farukhabad,Mohamadabad,Onion,Red,FAQ,2020,2220,2120,01-Feb-25
14458,Farukhabad,Mohamadabad,Onion,Red,FAQ,2380,2580,2480,10-Jan-25
14459,Khiri (Lakhimpur),Mohammdi,Onion,Red,FAQ,2060,2150,2100,30-Jan-25
14460,Khiri (Lakhimpur),Mohammdi,Onion,Red,FAQ,2760,2860,2810,11-Jan-25
14461,Khiri (Lakhimpur),Mohammdi,Onion,Red,FAQ,2760,2865,2820,10-Jan-25
14462,Namakkal,Mohanur(Uzhavar Sandhai ),Onion,Bellary,Local,4500,5000,5000,31-Jan-25
14463,Kanpur Dehat,Pukharayan,Onion,Red,FAQ,2150,2170,2160,28-Jan-25
14464,Kanpur Dehat,Pukharayan,Onion,Red,FAQ,2350,2390,2375,18-Jan-25
14465,Kanpur Dehat,Pukharayan,Onion,Red,FAQ,2475,2520,2500,02-Jan-25
14466,Kollam,Punalur,Onion,Onion,FAQ,4500,5000,4800,01-Feb-25
14467,Kollam,Punalur,Onion,Onion,FAQ,4500,5000,4800,09-Jan-25
14468,Kaithal,Pundri,Onion,Other,Non-FAQ,1700,1800,1750,24-Jan-25
14469,Kaithal,Pundri,Onion,Other,Non-FAQ,1800,2200,2000,25-Jan-25
14470,Pune,Pune,Onion,Local,FAQ,1600,2800,2200,17-Jan-25
14471,Pune,Pune(Khadiki),Onion,Local,FAQ,1300,2400,1850,20-Jan-25
14472,Pune,Pune(Khadiki),Onion,Local,Local,1400,2200,1800,01-Feb-25
14473,Pune,Pune(Moshi),Onion,Local,FAQ,700,2000,1350,17-Jan-25
14474,Pune,Pune(Moshi),Onion,Local,Local,700,1800,1250,30-Jan-25
14475,Mewat,Punhana,Onion,Other,FAQ,2000,2000,2000,07-Jan-25
14476,Mewat,Punhana,Onion,Other,FAQ,2000,2000,2000,09-Jan-25
14477,Mewat,Punhana,Onion,Other,FAQ,2000,2000,2000,30-Jan-25
14478,Pillibhit,Puranpur,Onion,Red,FAQ,2180,2260,2230,22-Jan-25
14479,Pillibhit,Puranpur,Onion,Red,FAQ,2200,2280,2240,10-Jan-25
14480,Puruliya,Purulia,Onion,Other,FAQ,2000,2900,2500,25-Jan-25
14481,Puruliya,Purulia,Onion,Other,FAQ,2300,2700,2500,18-Jan-25
14482,Unnao,Purwa,Onion,Red,FAQ,2325,2470,2425,19-Jan-25
14483,Yamuna Nagar,Radaur,Onion,Other,FAQ,2000,3000,2500,14-Jan-25
14484,Yamuna Nagar,Radaur,Onion,Other,FAQ,2500,3000,2800,11-Jan-25
14485,Ahmednagar,Rahata,Onion,Red,FAQ,300,2500,1750,10-Jan-25
14486,Ahmednagar,Rahuri,Onion,Other,FAQ,200,3100,1650,07-Jan-25
14487,Raebarelli,Raibareilly,Onion,Red,FAQ,2200,2300,2260,31-Jan-25
14488,Raigarh,Raigarh,Onion,Local,Local,2000,3000,2500,14-Jan-25
14489,Panchkula,Raipur Rai,Onion,Other,FAQ,2000,2400,2000,24-Jan-25
14490,Panchkula,Raipur Rai,Onion,Other,FAQ,2500,2800,2500,08-Jan-25
14491,Virudhunagar,Rajapalayam(Uzhavar Sandhai ),Onion,Bellary,Local,4000,5000,5000,05-Jan-25
14492,Virudhunagar,Rajapalayam(Uzhavar Sandhai ),Onion,Bellary,Local,5000,5500,5500,16-Jan-25
14493,Rajkot,Rajkot(Veg.Sub Yard),Onion,Onion,FAQ,600,2125,1650,01-Feb-25
14494,Rajkot,Rajkot(Veg.Sub Yard),Onion,Onion,FAQ,675,2100,1600,25-Jan-25
14495,Rajkot,Rajkot(Veg.Sub Yard),Onion,Onion,FAQ,675,2300,1750,21-Jan-25
14496,Patiala,Rajpura,Onion,Local,FAQ,1750,2550,2200,19-Jan-25
14497,Rajsamand,Rajsamand,Onion,Onion,FAQ,2500,3500,3000,03-Jan-25
14498,Rajsamand,Rajsamand,Onion,Onion,Non-FAQ,1500,2500,2000,21-Jan-25
14499,Bhatinda,Raman,Onion,Other,FAQ,2220,2310,2275,30-Jan-25
14500,Bhatinda,Raman,Onion,Other,FAQ,2240,2310,2270,28-Jan-25
14501,Bhatinda,Raman,Onion,Other,FAQ,2315,2395,2370,18-Jan-25
14502,Bhatinda,Raman,Onion,Other,FAQ,2315,2410,2375,15-Jan-25
14503,Bhatinda,Raman,Onion,Other,FAQ,2415,2495,2465,11-Jan-25
14504,Bangalore,Ramanagara,Onion,Onion,FAQ,3000,3900,3400,18-Jan-25
14505,Ramanathapuram,Ramanathapuram(Uzhavar Sandhai ),Onion,Bellary,Local,4500,5000,5000,31-Jan-25
14506,Ramanathapuram,Ramanathapuram(Uzhavar Sandhai ),Onion,Bellary,Local,5000,5500,5500,20-Jan-25
14507,Ramanathapuram,Ramanathapuram(Uzhavar Sandhai ),Onion,Bellary,Local,5000,5500,5500,25-Jan-25
14508,Nanital,Ramnagar,Onion,Other,FAQ,2300,2500,2400,09-Jan-25
14509,Nanital,Ramnagar,Onion,Other,FAQ,2600,3000,2800,03-Jan-25
14510,Rampur,Rampur,Onion,Red,FAQ,2240,2335,2280,16-Jan-25
14511,Rampur,Rampur,Onion,Red,FAQ,2350,2450,2400,03-Jan-25
14512,Bhatinda,Rampuraphul(Nabha Mandi),Onion,Other,FAQ,3000,4000,3500,10-Jan-25
14513,Bhatinda,Rampuraphul(Nabha Mandi),Onion,Other,FAQ,3000,4200,3500,05-Jan-25
14514,Bhatinda,Rampuraphul(Nabha Mandi),Onion,Other,Non-FAQ,1500,2500,2000,24-Jan-25
14515,Sholapur,Mangal Wedha,Onion,Local,FAQ,300,3250,2400,20-Jan-25
14516,Sholapur,Mangal Wedha,Onion,Local,FAQ,500,3100,2400,18-Jan-25
14517,Haridwar,Manglaur,Onion,Other,FAQ,1200,1400,1300,01-Feb-25
14518,Haridwar,Manglaur,Onion,Other,FAQ,2000,2200,2100,01-Jan-25
14519,Malappuram,Manjeri,Onion,Other,FAQ,3300,3400,3350,01-Feb-25
14520,Kaushambi,Manjhanpur,Onion,Red,FAQ,1720,1980,1800,25-Jan-25
14521,Kaushambi,Manjhanpur,Onion,Red,FAQ,1825,2000,1910,30-Jan-25
14522,Kaushambi,Manjhanpur,Onion,Red,FAQ,2055,2225,2135,11-Jan-25
14523,Nashik,Manmad,Onion,Red,FAQ,300,2251,1800,10-Jan-25
14524,Nashik,Manmad,Onion,Red,Local,500,2651,2200,27-Jan-25
14525,Nashik,Manmad,Onion,White,FAQ,1531,2035,1850,07-Jan-25
14526,Nashik,Manmad,Onion,White,Local,800,1700,1297,27-Jan-25
14527,Alappuzha,Mannar,Onion,Big,FAQ,3800,4000,3900,23-Jan-25
14528,Alappuzha,Mannar,Onion,Small,FAQ,9000,9300,9200,20-Jan-25
14529,Thiruvarur,Mannargudi II(Uzhavar Sandhai ),Onion,Bellary,Local,4400,5600,5600,06-Jan-25
14530,Thiruvarur,Mannargudi II(Uzhavar Sandhai ),Onion,Bellary,Local,6000,6000,6000,23-Jan-25
14531,Mansa,Mansa,Onion,Onion,FAQ,2500,2700,2600,17-Jan-25
14532,Khagaria,Mansi Mandi,Onion,Medium,FAQ,2800,3000,2900,13-Jan-25
14533,North Goa,Mapusa,Onion,Onion,FAQ,2500,2500,2500,05-Jan-25
14534,North Goa,Mapusa,Onion,Onion,FAQ,2500,2500,2500,12-Jan-25
14535,North Goa,Mapusa,Onion,Onion,FAQ,2500,2500,2500,29-Jan-25
14536,Mathura,Mathura,Onion,Red,FAQ,2120,2360,2250,03-Jan-25
14537,Jhansi,Mauranipur,Onion,Red,FAQ,2000,2050,2030,22-Jan-25
14538,Nagapattinam,Mayiladuthurai(Uzhavar Sandhai ),Onion,Bellary,Local,3000,3500,3500,01-Jan-25
14539,Nagapattinam,Mayiladuthurai(Uzhavar Sandhai ),Onion,Bellary,Local,3500,4000,4000,31-Jan-25
14540,Chengalpattu,Medavakkam(Uzhavar Sandhai ),Onion,Bellary,Local,2500,3000,3000,30-Jan-25
14541,Chengalpattu,Medavakkam(Uzhavar Sandhai ),Onion,Bellary,Local,2500,3500,3500,29-Jan-25
14542,Chengalpattu,Medavakkam(Uzhavar Sandhai ),Onion,Bellary,Local,3500,4500,4500,17-Jan-25
14543,Chengalpattu,Medavakkam(Uzhavar Sandhai ),Onion,Bellary,Local,3500,4500,4500,25-Jan-25
14544,Chengalpattu,Medavakkam(Uzhavar Sandhai ),Onion,Bellary,Local,4000,5000,5000,06-Jan-25
14545,Medinipur(W),Medinipur(West),Onion,Onion,FAQ,2400,2800,2600,10-Jan-25
14546,Medinipur(W),Medinipur(West),Onion,Onion,FAQ,2400,2800,2600,22-Jan-25
14547,Medinipur(W),Medinipur(West),Onion,Onion,FAQ,2400,2800,2600,28-Jan-25
14548,Meerut,Meerut,Onion,Red,FAQ,2050,2200,2130,28-Jan-25
14549,Meerut,Meerut,Onion,Red,FAQ,2170,2300,2240,25-Jan-25
14550,Meerut,Meerut,Onion,Red,FAQ,2300,2400,2350,18-Jan-25
14551,Meerut,Meerut,Onion,Red,FAQ,2410,2570,2490,10-Jan-25
14552,Meerut,Meerut,Onion,Red,FAQ,2450,2550,2500,12-Jan-25
14553,Meerut,Meerut,Onion,Red,FAQ,2700,2860,2780,02-Jan-25
14554,Rohtak,Meham,Onion,Other,FAQ,2000,2000,2000,23-Jan-25
14555,Sitapur,Mehmoodabad,Onion,Red,FAQ,2300,2360,2330,25-Jan-25
14556,Sitapur,Mehmoodabad,Onion,Red,FAQ,2325,2375,2350,20-Jan-25
14557,Sitapur,Mehmoodabad,Onion,Red,FAQ,2510,2555,2530,05-Jan-25
14558,Ranga Reddy,Mehndipatnam(Rythu Bazar),Onion,1st Sort,FAQ,3000,3000,3000,01-Feb-25
14559,Ranga Reddy,Mehndipatnam(Rythu Bazar),Onion,1st Sort,FAQ,3500,3500,3500,19-Jan-25
14560,Ranga Reddy,Mehndipatnam(Rythu Bazar),Onion,1st Sort,Non-FAQ,3000,3000,3000,20-Jan-25
14561,Mehsana,Mehsana(Mehsana Veg),Onion,Onion,FAQ,700,2300,1900,27-Jan-25
14562,Coochbehar,Mekhliganj,Onion,Other,FAQ,2800,3000,2900,25-Jan-25
14563,Coochbehar,Mekhliganj,Onion,Other,FAQ,2800,3000,3000,28-Jan-25
14564,Sepahijala,Melaghar,Onion,Red,FAQ,3600,3800,3700,08-Jan-25
14565,Thirunelveli,Melapalayam(Uzhavar Sandhai ),Onion,Bellary,Local,4000,4600,4600,08-Jan-25
14566,Morbi,Morbi,Onion,Onion,FAQ,500,2200,1350,24-Jan-25
14567,Morena,Morena,Onion,Onion,FAQ,1000,1000,1000,01-Jan-25
14568,Morena,Morena,Onion,Onion,FAQ,1000,1400,1400,08-Jan-25
14569,Ropar (Rupnagar),Morinda,Onion,Onion,FAQ,2500,2500,2500,10-Jan-25
14570,Jhansi,Moth,Onion,Red,FAQ,1950,2080,2050,31-Jan-25
14571,Jhansi,Moth,Onion,Red,FAQ,2050,2200,2150,15-Jan-25
14572,Jalpaiguri,Moynaguri,Onion,Nasik,FAQ,2600,2800,2700,02-Jan-25
14573,Jalpaiguri,Moynaguri,Onion,Nasik,FAQ,2700,2900,2800,20-Jan-25
14574,Jalpaiguri,Moynaguri,Onion,Nasik,FAQ,3100,3200,3200,09-Jan-25
14575,Jaunpur,Mugrabaadshahpur,Onion,Red,FAQ,2460,2660,2560,09-Jan-25
14576,Hoshiarpur,Mukerian(Talwara),Onion,Onion,FAQ,2200,2800,2500,22-Jan-25
14577,Muktsar,Muktsar,Onion,Other,FAQ,2500,3000,2800,30-Jan-25
14578,Idukki,Munnar,Onion,Big,FAQ,4000,5000,4500,30-Jan-25
14579,Sambhal,Muradabad,Onion,Red,FAQ,2040,2120,2080,29-Jan-25
14580,Sambhal,Muradabad,Onion,Red,FAQ,2050,2150,2100,31-Jan-25
14581,Sambhal,Muradabad,Onion,Red,FAQ,2210,2250,2230,18-Jan-25
14582,Thiruchirappalli,Musiri(Uzhavar Sandhai ),Onion,Bellary,Local,4000,5600,5600,09-Jan-25
14583,Thiruchirappalli,Musiri(Uzhavar Sandhai ),Onion,Bellary,Local,4500,5000,5000,14-Jan-25
14584,Thiruchirappalli,Musiri(Uzhavar Sandhai ),Onion,Bellary,Local,4500,5000,5000,19-Jan-25
14585,Thiruchirappalli,Musiri(Uzhavar Sandhai ),Onion,Bellary,Local,4500,5000,5000,27-Jan-25
14586,Hamirpur,Muskara,Onion,Red,FAQ,2200,2400,2300,19-Jan-25
14587,Yamuna Nagar,Mustafabad,Onion,Other,FAQ,2500,3000,2600,07-Jan-25
14588,Yamuna Nagar,Mustafabad,Onion,Other,FAQ,2500,3000,2600,15-Jan-25
14589,Yamuna Nagar,Mustafabad,Onion,Other,FAQ,2800,3000,2800,24-Jan-25
14590,Thiruvarur,Muthupettai(Uzhavar Sandhai ),Onion,Bellary,Local,5000,5000,5000,18-Jan-25
14591,Muzaffarnagar,Muzzafarnagar,Onion,Red,FAQ,2400,2600,2500,10-Jan-25
14592,Nagercoil (Kannyiakumari),Myladi(Uzhavar Sandhai ),Onion,Bellary,Local,4500,5000,5000,18-Jan-25
14593,Nagercoil (Kannyiakumari),Myladi(Uzhavar Sandhai ),Onion,Bellary,Local,4500,5500,5500,11-Jan-25
14594,Nagercoil (Kannyiakumari),Myladi(Uzhavar Sandhai ),Onion,Bellary,Local,4500,5500,5500,13-Jan-25
14595,Nagercoil (Kannyiakumari),Myladi(Uzhavar Sandhai ),Onion,Bellary,Local,4500,5500,5500,15-Jan-25
14596,Bahraich,Naanpara,Onion,Other,FAQ,2000,2200,2100,01-Jan-25
14597,Patiala,Nabha,Onion,Other,FAQ,1700,2700,2400,21-Jan-25
14598,Nadia,Nadia,Onion,Other,FAQ,2700,3000,2800,20-Jan-25
14599,Nadia,Nadia,Onion,Other,FAQ,2750,3050,2850,31-Jan-25
14600,Nadia,Nadia,Onion,Other,Non-FAQ,2450,2725,2650,19-Jan-25
14601,Nadia,Nadia,Onion,Other,Non-FAQ,2500,2725,2600,22-Jan-25
14602,Nadia,Nadia,Onion,Other,Non-FAQ,2500,2750,2600,20-Jan-25
14603,Kheda,Nadiyad(Piplag),Onion,Onion,FAQ,1500,2500,2000,11-Jan-25
14604,Nagapattinam,Nagapattinam(Uzhavar Sandhai ),Onion,Bellary,Local,2000,3000,3000,03-Jan-25
14605,Nagapattinam,Nagapattinam(Uzhavar Sandhai ),Onion,Bellary,Local,2000,3000,3000,06-Jan-25
14606,Bijnor,Nagina,Onion,Red,FAQ,1000,1800,1500,16-Jan-25
14607,Nagpur,Nagpur,Onion,Red,FAQ,1600,2600,2350,13-Jan-25
14608,Nagpur,Nagpur,Onion,Red,FAQ,1600,2600,2350,15-Jan-25
14609,Nagpur,Nagpur,Onion,Red,Local,1500,2500,2250,28-Jan-25
14610,Nagpur,Nagpur,Onion,White,FAQ,1600,3000,2650,01-Jan-25
14611,Sirmore,Nahan,Onion,Other,FAQ,2500,2700,2600,30-Jan-25
14612,Namakkal,Namakkal(Uzhavar Sandhai ),Onion,Bellary,Local,3500,4000,4000,14-Jan-25
14613,Namakkal,Namakkal(Uzhavar Sandhai ),Onion,Bellary,Local,3500,4000,4000,18-Jan-25
14614,Namakkal,Namakkal(Uzhavar Sandhai ),Onion,Bellary,Local,3600,4000,4000,13-Jan-25
14615,Namakkal,Namakkal(Uzhavar Sandhai ),Onion,Bellary,Local,4000,4500,4500,03-Jan-25
14616,Kottayam,Thalayolaparambu,Onion,Onion,FAQ,8000,8500,8200,14-Jan-25
14617,Kozhikode(Calicut),Thamarassery,Onion,Other,FAQ,3400,3900,3600,28-Jan-25
14618,Salem,Thammampatti (Uzhavar Sandhai ),Onion,Bellary,Local,5000,5500,5500,26-Jan-25
14619,Salem,Thammampatti (Uzhavar Sandhai ),Onion,Bellary,Local,5000,6000,6000,28-Jan-25
14620,Salem,Thammampatti (Uzhavar Sandhai ),Onion,Bellary,Local,5500,6000,6000,11-Jan-25
14621,Thanjavur,Thanjavur(Uzhavar Sandhai ),Onion,Bellary,Local,4400,4400,4400,16-Jan-25
14622,Thanjavur,Thanjavur(Uzhavar Sandhai ),Onion,Bellary,Local,4600,4600,4600,03-Jan-25
14623,Thanjavur,Thanjavur(Uzhavar Sandhai ),Onion,Bellary,Local,5000,5000,5000,15-Jan-25
14624,Salem,Thathakapatti(Uzhavar Sandhai ),Onion,Bellary,Local,5000,5600,5600,21-Jan-25
14625,Theni,Theni(Uzhavar Sandhai ),Onion,Bellary,Local,4000,4500,4500,01-Jan-25
14626,Theni,Theni(Uzhavar Sandhai ),Onion,Bellary,Local,4000,4500,4500,29-Jan-25
14627,Theni,Theni(Uzhavar Sandhai ),Onion,Bellary,Local,4000,4600,4600,24-Jan-25
14628,Chengalpattu,Thirukalukundram(Uzhavar Sandhai ),Onion,Bellary,Local,4000,5000,5000,24-Jan-25
14629,Chengalpattu,Thirukalukundram(Uzhavar Sandhai ),Onion,Bellary,Local,4000,5000,5000,25-Jan-25
14630,Chengalpattu,Thirukalukundram(Uzhavar Sandhai ),Onion,Bellary,Local,4000,5000,5000,31-Jan-25
14631,Madurai,Thirumangalam(Uzhavar Sandhai ),Onion,Bellary,Local,4500,5000,5000,01-Jan-25
14632,Vellore,Thirupathur,Onion,Bellary,Local,4500,4500,4500,23-Jan-25
14633,Malappuram,Thirurrangadi,Onion,Other,Non-FAQ,3800,3800,3800,30-Jan-25
14634,Idukki,Thodupuzha,Onion,Big,FAQ,3500,3700,3700,30-Jan-25
14635,Idukki,Thodupuzha,Onion,Big,FAQ,3800,4000,4000,25-Jan-25
14636,Thoubal,Thoubal,Onion,Other,FAQ,4000,4500,4250,31-Jan-25
14637,Thoubal,Thoubal,Onion,Other,FAQ,4500,5000,4750,14-Jan-25
14638,Thoubal,Thoubal,Onion,Other,FAQ,4500,5000,4750,22-Jan-25
14639,Thoubal,Thoubal,Onion,Other,FAQ,4500,5000,4750,27-Jan-25
14640,Ernakulam,Thrippunithura,Onion,Big,FAQ,4100,4800,4300,07-Jan-25
14641,Thirssur,Thrissur,Onion,Onion,FAQ,6000,6000,6000,17-Jan-25
14642,Thirssur,Thrissur,Onion,Onion,FAQ,6000,6000,6000,20-Jan-25
14643,Thiruchirappalli,Thuraiyur,Onion,Bellary,Local,4000,5000,5000,27-Jan-25
14644,Thiruchirappalli,Thuraiyur,Onion,Bellary,Local,4500,5000,5000,13-Jan-25
14645,Thiruchirappalli,Thuraiyur,Onion,Bellary,Local,4500,5000,5000,19-Jan-25
14646,Thiruchirappalli,Thuraiyur,Onion,Bellary,Local,5000,5600,5600,03-Jan-25
14647,Shahjahanpur,Tilhar,Onion,Red,FAQ,2100,2200,2150,06-Jan-25
14648,Shahjahanpur,Tilhar,Onion,Red,FAQ,2150,2250,2200,16-Jan-25
14649,Villupuram,Tindivanam,Onion,Bellary,Local,4000,4000,4000,23-Jan-25
14650,Villupuram,Tindivanam,Onion,Bellary,Local,4000,4800,4800,31-Jan-25
14651,Villupuram,Tindivanam,Onion,Bellary,Local,4000,5000,5000,18-Jan-25
14652,Namakkal,Tiruchengode,Onion,Bellary,Local,5000,6000,6000,11-Jan-25
14653,Thirupur,Tiruppur (North) (Uzhavar Sandhai ),Onion,Bellary,Local,3500,4000,4000,30-Jan-25
14654,Thirupur,Tiruppur (South) (Uzhavar Sandhai ),Onion,Bellary,Local,3000,3500,3500,05-Jan-25
14655,Thirupur,Tiruppur (South) (Uzhavar Sandhai ),Onion,Bellary,Local,3000,3500,3500,09-Jan-25
14656,Thirupur,Tiruppur (South) (Uzhavar Sandhai ),Onion,Bellary,Local,3000,3500,3500,12-Jan-25
14657,Thirupur,Tiruppur (South) (Uzhavar Sandhai ),Onion,Bellary,Local,3000,4000,4000,23-Jan-25
14658,Thirupur,Tiruppur (South) (Uzhavar Sandhai ),Onion,Bellary,Local,3500,4000,4000,19-Jan-25
14659,Thirupur,Tiruppur (South) (Uzhavar Sandhai ),Onion,Bellary,Local,3500,4000,4000,22-Jan-25
14660,Thirupur,Tiruppur (South) (Uzhavar Sandhai ),Onion,Bellary,Local,3500,4000,4000,30-Jan-25
14661,Thiruvellore,Tiruvallur(Uzhavar Sandhai ),Onion,Bellary,Local,3500,3500,3500,28-Jan-25
14662,Thiruvellore,Tiruvallur(Uzhavar Sandhai ),Onion,Bellary,Local,3700,3700,3700,10-Jan-25
14663,Thiruvellore,Tiruvallur(Uzhavar Sandhai ),Onion,Bellary,Local,4500,4500,4500,09-Jan-25
14664,Madurai,Melur(Uzhavar Sandhai ),Onion,Bellary,Local,4500,5000,5000,11-Jan-25
14665,Madurai,Melur(Uzhavar Sandhai ),Onion,Bellary,Local,4500,5000,5000,14-Jan-25
14666,Coimbatore,Mettupalayam(Uzhavar Sandhai ),Onion,Bellary,Local,4000,4400,4400,11-Jan-25
14667,Coimbatore,Mettupalayam(Uzhavar Sandhai ),Onion,Bellary,Local,4000,4600,4600,02-Jan-25
14668,Salem,Mettur(Uzhavar Sandhai ),Onion,Bellary,Local,4000,6000,6000,11-Jan-25
14669,Indore,Mhow(F&V),Onion,Onion,FAQ,800,1000,872,04-Jan-25
14670,Indore,Mhow(F&V),Onion,Onion,FAQ,1200,1800,1400,13-Jan-25
14671,Indore,Mhow(F&V),Onion,Onion,FAQ,1200,1800,1500,18-Jan-25
14672,Indore,Mhow(F&V),Onion,Onion,FAQ,1300,1700,1500,23-Jan-25
14673,Rampur,Milak,Onion,Red,FAQ,2255,2340,2295,12-Jan-25
14674,Mirzapur,Mirzapur,Onion,Red,FAQ,2275,2385,2345,04-Jan-25
14675,Mirzapur,Mirzapur,Onion,Red,FAQ,2350,2445,2400,16-Jan-25
14676,Mirzapur,Mirzapur,Onion,Red,FAQ,2475,2585,2535,08-Jan-25
14677,Moga,Moga,Onion,Other,FAQ,1800,2300,2000,15-Jan-25
14678,Farukhabad,Mohamadabad,Onion,Red,FAQ,2260,2460,2360,08-Jan-25
14679,Farukhabad,Mohamadabad,Onion,Red,FAQ,2270,2470,2370,14-Jan-25
14680,Khiri (Lakhimpur),Mohammdi,Onion,Red,FAQ,2300,2380,2345,01-Jan-25
14681,Khiri (Lakhimpur),Mohammdi,Onion,Red,FAQ,2410,2510,2465,15-Jan-25
14682,Namakkal,Mohanur(Uzhavar Sandhai ),Onion,Bellary,Local,3600,5000,5000,01-Jan-25
14683,Mahendragarh-Narnaul,Mohindergarh,Onion,Onion,FAQ,1500,2300,1800,22-Jan-25
14684,Morbi,Morbi,Onion,Onion,FAQ,500,2200,1350,23-Jan-25
14685,Morbi,Morbi,Onion,Onion,FAQ,500,2200,1350,29-Jan-25
14686,Jalpaiguri,Moynaguri,Onion,Nasik,FAQ,2700,2900,2800,26-Jan-25
14687,Jalpaiguri,Moynaguri,Onion,Nasik,FAQ,2800,3000,2900,22-Jan-25
14688,Jalpaiguri,Moynaguri,Onion,Nasik,FAQ,2900,3000,3000,14-Jan-25
14689,Jaunpur,Mugrabaadshahpur,Onion,Red,FAQ,2030,2230,2130,02-Jan-25
14690,Jaunpur,Mugrabaadshahpur,Onion,Red,FAQ,2040,2240,2140,29-Jan-25
14691,Jaunpur,Mugrabaadshahpur,Onion,Red,FAQ,2385,2585,2485,04-Jan-25
14692,Hoshiarpur,Mukerian(Talwara),Onion,Onion,FAQ,2400,2800,2600,31-Jan-25
14693,Kozhikode(Calicut),Mukkom,Onion,Onion,FAQ,3000,3500,3200,20-Jan-25
14694,Kozhikode(Calicut),Mukkom,Onion,Onion,FAQ,4200,4400,4300,24-Jan-25
14695,Kozhikode(Calicut),Mukkom,Onion,Onion,FAQ,4400,4800,4600,27-Jan-25
14696,Muktsar,Muktsar,Onion,Other,FAQ,2000,3000,2500,31-Jan-25
14697,Muktsar,Muktsar,Onion,Other,FAQ,3000,3500,3200,03-Jan-25
14698,Sambhal,Muradabad,Onion,Red,FAQ,2240,2330,2280,16-Jan-25
14699,Madhepura,Murliganj,Onion,White,FAQ,2500,3500,2800,04-Jan-25
14700,Madhepura,Murliganj,Onion,White,FAQ,2500,3500,3000,03-Jan-25
14701,Hamirpur,Muskara,Onion,Red,FAQ,1900,2100,2000,31-Jan-25
14702,Hamirpur,Muskara,Onion,Red,FAQ,2350,2550,2450,02-Jan-25
14703,Thiruvarur,Muthupettai(Uzhavar Sandhai ),Onion,Bellary,Local,5000,5000,5000,10-Jan-25
14704,Thiruvarur,Muthupettai(Uzhavar Sandhai ),Onion,Bellary,Local,5000,5000,5000,16-Jan-25
14705,Thiruvarur,Muthupettai(Uzhavar Sandhai ),Onion,Bellary,Local,5000,5000,5000,22-Jan-25
14706,Thiruvarur,Muthupettai(Uzhavar Sandhai ),Onion,Bellary,Local,5000,5000,5000,27-Jan-25
14707,Muzaffarnagar,Muzzafarnagar,Onion,Red,FAQ,2400,2700,2500,07-Jan-25
14708,Nagercoil (Kannyiakumari),Myladi(Uzhavar Sandhai ),Onion,Bellary,Local,4500,5000,5000,19-Jan-25
14709,Nagercoil (Kannyiakumari),Myladi(Uzhavar Sandhai ),Onion,Bellary,Local,4500,5500,5500,17-Jan-25
14710,Mysore,Mysore (Bandipalya),Onion,Other,FAQ,2900,3500,3000,24-Jan-25
14711,Kheda,Nadiyad(Piplag),Onion,Onion,FAQ,1500,2500,2000,02-Jan-25
14712,Nagpur,Nagpur,Onion,White,FAQ,1600,2600,2350,18-Jan-25
14713,Nagpur,Nagpur,Onion,White,FAQ,1600,2600,2350,25-Jan-25
14714,Namakkal,Namakkal(Uzhavar Sandhai ),Onion,Bellary,Local,4000,4500,4500,25-Jan-25
14715,Nashik,Nampur,Onion,Red,FAQ,300,2400,1900,02-Jan-25
14716,Chengalpattu,Nanganallur(Uzhavar Sandhai ),Onion,Bellary,Local,3500,4500,4500,12-Jan-25
14717,Thiruvellore,Naravarikuppam(Uzhavar Sandhai ),Onion,Bellary,Local,4500,4500,4500,04-Jan-25
14718,Mahendragarh-Narnaul,Narnaul,Onion,Onion,FAQ,1400,2000,1600,30-Jan-25
14719,Mahendragarh-Narnaul,Narnaul,Onion,Other,FAQ,2000,2500,2200,02-Jan-25
14720,Rajgarh,Narsinghgarh,Onion,Onion,FAQ,830,2390,2390,04-Jan-25
14721,Rajgarh,Narsinghgarh,Onion,Onion,FAQ,1510,2390,2390,03-Jan-25
14722,Jammu,Narwal Jammu (F&V),Onion,Other,FAQ,2700,2900,2800,11-Jan-25
14723,Jammu,Narwal Jammu (F&V),Onion,Other,FAQ,2800,3000,2900,02-Jan-25
14724,Jind,Narwana,Onion,Other,FAQ,2000,2000,2000,25-Jan-25
14725,Jind,Narwana,Onion,Other,FAQ,2000,2500,2250,11-Jan-25
14726,Jind,Narwana,Onion,Other,FAQ,2000,2500,2250,30-Jan-25
14727,Jind,Narwana,Onion,Other,FAQ,2500,2500,2500,03-Jan-25
14728,Nashik,Nasik,Onion,Other,Local,1200,3000,2300,31-Jan-25
14729,Thirupathur,Natrampalli(Uzhavar Sandhai ),Onion,Bellary,Local,5000,6000,6000,18-Jan-25
14730,Maharajganj,Nautnava,Onion,Red,FAQ,2300,2500,2400,02-Jan-25
14731,Maharajganj,Nautnava,Onion,Red,FAQ,2300,2500,2400,17-Jan-25
14732,Maharajganj,Nautnava,Onion,Red,FAQ,2300,2500,2400,20-Jan-25
14733,Gonda,Nawabganj,Onion,Red,FAQ,2200,2300,2250,01-Jan-25
14734,Gonda,Nawabganj,Onion,Red,FAQ,2200,2300,2250,26-Jan-25
14735,Gonda,Nawabganj,Onion,Red,FAQ,2550,2650,2600,11-Jan-25
14736,Gonda,Nawabganj,Onion,Red,FAQ,2550,2650,2600,12-Jan-25
14737,Jhunjhunu,Nawalgarh,Onion,Red,FAQ,1400,1600,1500,24-Jan-25
14738,Thiruvarur,Needamangalam(Uzhavar Sandhai ),Onion,Bellary,Local,5600,5600,5600,10-Jan-25
14739,Kasargod,Neeleswaram,Onion,Big,FAQ,3600,4000,3800,14-Jan-25
14740,Kasargod,Neeleswaram,Onion,Big,FAQ,3800,4200,4000,03-Jan-25
14741,Kasargod,Neeleswaram,Onion,Big,FAQ,3800,4200,4000,06-Jan-25
14742,Kasargod,Neeleswaram,Onion,Big,FAQ,3800,4200,4000,20-Jan-25
14743,Faridabad,"New Grain Market , Faridabad",Onion,Onion,Non-FAQ,2000,2800,2400,23-Jan-25
14744,Panchkula,"New Grain Market , Panchkula",Onion,Other,FAQ,2500,3500,3000,31-Jan-25
14745,Ahmednagar,Newasa(Ghodegaon),Onion,Red,FAQ,1000,3000,2500,25-Jan-25
14746,Thirunelveli,NGO Colony(Uzhavar Sandhai ),Onion,Bellary,Local,3000,4000,4000,17-Jan-25
14747,Thirunelveli,NGO Colony(Uzhavar Sandhai ),Onion,Bellary,Local,3500,4600,4600,02-Jan-25
14748,Moga,Nihal Singh Wala,Onion,Other,FAQ,2500,3000,2800,17-Jan-25
14749,Moga,Nihal Singh Wala,Onion,Other,FAQ,3500,4200,3800,09-Jan-25
14750,Ghaziabad,Noida,Onion,Red,FAQ,2125,2225,2185,30-Jan-25
14751,Ghaziabad,Noida,Onion,Red,FAQ,2270,2370,2320,20-Jan-25
14752,Ghaziabad,Noida,Onion,Red,FAQ,2550,2670,2620,02-Jan-25
14753,Ernakulam,North Paravur,Onion,1st Sort,FAQ,7000,8000,7500,31-Jan-25
14754,Ernakulam,North Paravur,Onion,1st Sort,FAQ,8000,9000,8500,06-Jan-25
14755,Jalaun (Orai),Orai,Onion,Red,FAQ,1800,2250,2050,29-Jan-25
14756,Jalaun (Orai),Orai,Onion,Red,FAQ,1800,2350,2100,02-Jan-25
14757,Jalaun (Orai),Orai,Onion,Red,FAQ,1800,2400,2150,05-Jan-25
14758,Jalaun (Orai),Orai,Onion,Red,FAQ,1850,2500,2250,30-Jan-25
14759,Unokoti,Pabiacherra,Onion,Nasik,FAQ,3700,3900,3800,03-Jan-25
14760,Vadodara(Baroda),Padra,Onion,Other,FAQ,1500,3500,2500,08-Jan-25
14761,Kottayam,Pala,Onion,Big,FAQ,4600,5000,4800,09-Jan-25
14762,Kottayam,Pala,Onion,Big,FAQ,4600,5000,4800,30-Jan-25
14763,Kottayam,Pala,Onion,Onion,FAQ,8500,9000,8700,02-Jan-25
14764,Kottayam,Pala,Onion,Onion,FAQ,9800,10400,10000,11-Jan-25
14765,Dharmapuri,Palacode(Uzhavar Sandhai ),Onion,Bellary,Local,4500,5000,5000,19-Jan-25
14766,Coochbehar,Dinhata,Onion,Onion,FAQ,2800,3000,2900,24-Jan-25
14767,Coochbehar,Dinhata,Onion,Onion,FAQ,2800,3200,3000,27-Jan-25
14768,Mau(Maunathbhanjan),Doharighat,Onion,Red,FAQ,3600,3700,3655,07-Jan-25
14769,Mau(Maunathbhanjan),Doharighat,Onion,Red,Non-FAQ,2210,2310,2260,24-Jan-25
14770,Ludhiana,Doraha,Onion,Other,FAQ,2000,3000,2500,04-Jan-25
14771,Patiala,Dudhansadhan,Onion,Other,FAQ,2600,2800,2700,22-Jan-25
14772,Dungarpur,Dungarpur,Onion,1st Sort,FAQ,2075,2125,2100,07-Jan-25
14773,Paschim Bardhaman,Durgapur,Onion,Other,FAQ,2650,2900,2750,07-Jan-25
14774,Salem,Edapadi (Uzhavar Sandhai ),Onion,Bellary,Local,4000,5500,5500,13-Jan-25
14775,Salem,Edapadi (Uzhavar Sandhai ),Onion,Bellary,Local,4000,5500,5500,30-Jan-25
14776,Salem,Edapadi (Uzhavar Sandhai ),Onion,Bellary,Local,5000,5600,5600,21-Jan-25
14777,Salem,Elampillai(Uzhavar Sandhai ),Onion,Bellary,Local,4000,5500,5500,29-Jan-25
14778,Salem,Elampillai(Uzhavar Sandhai ),Onion,Bellary,Local,4000,6000,6000,06-Jan-25
14779,Salem,Elampillai(Uzhavar Sandhai ),Onion,Bellary,Local,4500,5000,5000,19-Jan-25
14780,Salem,Elampillai(Uzhavar Sandhai ),Onion,Bellary,Local,5000,6000,6000,05-Jan-25
14781,Salem,Elampillai(Uzhavar Sandhai ),Onion,Bellary,Local,5500,6000,6000,11-Jan-25
14782,Hyderabad,Erragadda(Rythu Bazar),Onion,1st Sort,FAQ,3000,3000,3000,23-Jan-25
14783,Hyderabad,Erragadda(Rythu Bazar),Onion,1st Sort,FAQ,3000,3000,3000,25-Jan-25
14784,Kottayam,Ettumanoor,Onion,Onion,FAQ,9400,9800,9600,28-Jan-25
14785,Ayodhya,Faizabad,Onion,Red,FAQ,2000,2160,2100,29-Jan-25
14786,Ayodhya,Faizabad,Onion,Red,FAQ,2350,2500,2460,03-Jan-25
14787,Alipurduar,Falakata,Onion,Other,FAQ,3000,3700,3500,11-Jan-25
14788,Faridabad,Faridabad,Onion,Other,FAQ,2000,3500,2750,11-Jan-25
14789,Faridkot,Faridkot,Onion,Onion,FAQ,2000,2500,2500,22-Jan-25
14790,Gurgaon,Farukh Nagar,Onion,Other,FAQ,1800,2800,1800,06-Jan-25
14791,Gurgaon,Farukh Nagar,Onion,Other,FAQ,2100,2400,2100,01-Feb-25
14792,Farukhabad,Farukhabad,Onion,Red,FAQ,1950,2200,2050,30-Jan-25
14793,Farukhabad,Farukhabad,Onion,Red,FAQ,2000,2200,2100,28-Jan-25
14794,Farukhabad,Farukhabad,Onion,Red,FAQ,2200,2400,2250,18-Jan-25
14795,Farukhabad,Farukhabad,Onion,Red,FAQ,2400,2600,2500,01-Jan-25
14796,Agra,Fatehabad,Onion,Red,FAQ,1500,1650,1550,25-Jan-25
14797,Fatehpur,Fatehpur,Onion,Red,FAQ,1900,2200,2080,11-Jan-25
14798,Fatehpur,Fatehpur,Onion,Red,FAQ,2000,2300,2180,06-Jan-25
14799,Agra,Fatehpur Sikri,Onion,Red,FAQ,2250,2400,2320,13-Jan-25
14800,Fazilka,Fazilka,Onion,Other,FAQ,2000,2500,2200,03-Jan-25
14801,Firozabad,Firozabad,Onion,Red,FAQ,2200,2400,2320,21-Jan-25
14802,Firozabad,Firozabad,Onion,Red,FAQ,2285,2460,2375,16-Jan-25
14803,Ferozpur,Firozepur City,Onion,Other,FAQ,3000,3300,3140,14-Jan-25
14804,Maharajganj,Gadaura,Onion,Red,FAQ,2300,2500,2400,16-Jan-25
14805,Maharajganj,Gadaura,Onion,Red,FAQ,2300,2500,2400,30-Jan-25
14806,Saharanpur,Gangoh,Onion,Red,FAQ,1500,1800,1700,10-Jan-25
14807,Saharanpur,Gangoh,Onion,Red,FAQ,2500,3000,2800,07-Jan-25
14808,Medinipur(W),Garbeta(Medinipur),Onion,Onion,FAQ,2400,2800,2600,25-Jan-25
14809,Medinipur(W),Garbeta(Medinipur),Onion,Onion,FAQ,2400,2800,2600,26-Jan-25
14810,Hoshiarpur,Garh Shankar,Onion,Other,FAQ,2100,2300,2200,16-Jan-25
14811,Hoshiarpur,Garh Shankar(Mahalpur),Onion,Onion,FAQ,2400,3200,2800,07-Jan-25
14812,Sagar,Garhakota,Onion,Onion,FAQ,1050,1100,1100,20-Jan-25
14813,Sagar,Garhakota,Onion,Onion,Non-FAQ,1050,1100,1100,22-Jan-25
14814,Hoshiarpur,GarhShankar (Kotfatuhi),Onion,Other,FAQ,2000,2500,2200,21-Jan-25
14815,Mandsaur,Garoth,Onion,Onion,FAQ,100,2200,1800,03-Jan-25
14816,Mandsaur,Garoth,Onion,Onion,FAQ,1110,2260,2010,02-Jan-25
14817,Nagpur,Nagpur,Onion,White,FAQ,1600,3000,2650,02-Jan-25
14818,Nagpur,Nagpur,Onion,White,FAQ,1600,3000,2650,07-Jan-25
14819,Bijnor,Najibabad,Onion,Red,FAQ,800,1200,1000,16-Jan-25
14820,Bijnor,Najibabad,Onion,Red,FAQ,800,1200,1000,27-Jan-25
14821,Namakkal,Namakkal(Uzhavar Sandhai ),Onion,Bellary,Local,4500,4700,4700,29-Jan-25
14822,Namakkal,Namakkal(Uzhavar Sandhai ),Onion,Bellary,Local,4500,5000,5000,07-Jan-25
14823,Nashik,Nampur,Onion,Red,FAQ,200,2075,1500,13-Jan-25
14824,Nashik,Nampur,Onion,Red,FAQ,200,2790,2400,01-Jan-25
14825,Nashik,Nampur,Onion,Red,FAQ,200,2805,2300,06-Jan-25
14826,Nashik,Nampur,Onion,Red,FAQ,300,2550,2000,07-Jan-25
14827,Nashik,Nandgaon,Onion,Red,FAQ,400,2290,1850,17-Jan-25
14828,Ambala,Naraingarh,Onion,Onion,FAQ,1800,2200,2000,23-Jan-25
14829,Ambala,Naraingarh,Onion,Onion,FAQ,1800,2500,2000,10-Jan-25
14830,Ambala,Naraingarh,Onion,Onion,FAQ,2000,2200,2050,24-Jan-25
14831,Ambala,Naraingarh,Onion,Onion,FAQ,2000,2200,2150,30-Jan-25
14832,Ambala,Naraingarh,Onion,Onion,FAQ,2000,2400,2225,31-Jan-25
14833,Mahendragarh-Narnaul,Narnaul,Onion,Other,FAQ,1500,2000,1800,07-Jan-25
14834,Mahendragarh-Narnaul,Narnaul,Onion,Other,FAQ,1500,2500,1600,19-Jan-25
14835,Rajgarh,Narsinghgarh,Onion,Onion,FAQ,350,1210,1160,20-Jan-25
14836,Rajgarh,Narsinghgarh,Onion,Onion,FAQ,780,1850,1850,13-Jan-25
14837,Rajgarh,Narsinghgarh,Onion,Onion,Non-FAQ,200,1780,1780,28-Jan-25
14838,Jind,Narwana,Onion,Other,FAQ,2500,2500,2500,07-Jan-25
14839,Jind,Narwana,Onion,Other,FAQ,2500,2500,2500,09-Jan-25
14840,Jind,Narwana,Onion,Other,FAQ,2500,2500,2500,16-Jan-25
14841,Thirupathur,Natrampalli(Uzhavar Sandhai ),Onion,Bellary,Local,4000,4000,4000,31-Jan-25
14842,Maharajganj,Nautnava,Onion,Red,FAQ,2300,2500,2400,23-Jan-25
14843,Gonda,Nawabganj,Onion,Red,FAQ,2150,2250,2200,01-Feb-25
14844,Gonda,Nawabganj,Onion,Red,FAQ,2450,2550,2500,06-Jan-25
14845,Nawanshahr,Nawan Shahar(Subzi Mandi),Onion,Other,FAQ,2400,2600,2500,29-Jan-25
14846,Nawanshahr,Nawan Shahar(Subzi Mandi),Onion,Other,FAQ,2500,2800,2700,13-Jan-25
14847,Thiruvarur,Needamangalam(Uzhavar Sandhai ),Onion,Bellary,Local,5600,5600,5600,09-Jan-25
14848,Thiruvarur,Needamangalam(Uzhavar Sandhai ),Onion,Bellary,Local,5800,5800,5800,16-Jan-25
14849,Thiruvarur,Needamangalam(Uzhavar Sandhai ),Onion,Bellary,Local,5800,5800,5800,27-Jan-25
14850,Thiruvarur,Needamangalam(Uzhavar Sandhai ),Onion,Bellary,Local,5800,5800,5800,28-Jan-25
14851,Kasargod,Neeleswaram,Onion,Big,FAQ,3800,4200,4000,08-Jan-25
14852,Kasargod,Neeleswaram,Onion,Big,FAQ,3800,4200,4000,12-Jan-25
14853,Kasargod,Neeleswaram,Onion,Big,FAQ,3800,4200,4000,13-Jan-25
14854,Kasargod,Neeleswaram,Onion,Big,FAQ,3800,4200,4000,26-Jan-25
14855,Neemuch,Neemuch,Onion,Onion,FAQ,100,1691,100,13-Jan-25
14856,Neemuch,Neemuch,Onion,Onion,FAQ,200,2211,900,09-Jan-25
14857,Neemuch,Neemuch,Onion,Onion,FAQ,250,1400,1000,30-Jan-25
14858,Neemuch,Neemuch,Onion,Onion,FAQ,1200,2265,1945,20-Jan-25
14859,Neemuch,Neemuch,Onion,Onion,FAQ,1780,1780,1780,06-Jan-25
14860,Neemuch,Neemuch,Onion,Red,Non-FAQ,200,750,750,27-Jan-25
14861,Faridabad,"New Grain Market , Faridabad",Onion,Onion,Non-FAQ,2000,2500,2250,22-Jan-25
14862,Panchkula,"New Grain Market , Panchkula",Onion,Other,FAQ,2500,3500,3000,12-Jan-25
14863,Panchkula,"New Grain Market , Panchkula",Onion,Other,Non-FAQ,2500,3500,3000,18-Jan-25
14864,Karnal,"New Grain Market(main), Karnal",Onion,Other,FAQ,1200,2200,1700,20-Jan-25
14865,Ahmednagar,Newasa(Ghodegaon),Onion,Red,FAQ,1000,3300,2800,06-Jan-25
14866,Thirunelveli,NGO Colony(Uzhavar Sandhai ),Onion,Bellary,Local,3000,4200,4200,29-Jan-25
14867,Thirunelveli,NGO Colony(Uzhavar Sandhai ),Onion,Bellary,Local,3000,4600,4600,21-Jan-25
14868,Faridabad,Ballabhgarh,Onion,Other,FAQ,1800,2000,1800,17-Jan-25
14869,Faridabad,Ballabhgarh,Onion,Other,FAQ,1800,2200,2000,11-Jan-25
14870,Balotra,Balotra,Onion,1st Sort,FAQ,2400,2500,2460,13-Jan-25
14871,Balrampur,Balrampur,Onion,Red,FAQ,2150,2360,2250,21-Jan-25
14872,Khurda,Balugaon,Onion,Other,FAQ,2400,2600,2500,06-Jan-25
14873,Khurda,Balugaon,Onion,Other,FAQ,2400,2600,2500,25-Jan-25
14874,Khurda,Balugaon,Onion,Other,FAQ,2600,3000,2800,24-Jan-25
14875,Banda,Banda,Onion,Red,FAQ,2000,2130,2050,28-Jan-25
14876,Banda,Banda,Onion,Red,FAQ,2220,2370,2300,10-Jan-25
14877,Bangalore,Bangalore,Onion,Onion,FAQ,2500,3200,2800,28-Jan-25
14878,Bankura,Bankura Sadar,Onion,Nasik,FAQ,2800,3100,3000,26-Jan-25
14879,Bankura,Bankura Sadar,Onion,Nasik,FAQ,2850,3200,3000,23-Jan-25
14880,Mohali,Banur,Onion,Other,FAQ,1420,3600,1420,01-Feb-25
14881,Kolkata,Bara Bazar (Posta Bazar),Onion,Nasik,FAQ,3000,3300,3200,08-Jan-25
14882,Kolkata,Bara Bazar (Posta Bazar),Onion,Nasik,FAQ,3500,3750,3650,06-Jan-25
14883,Baran,Baran,Onion,Other,FAQ,400,800,500,08-Jan-25
14884,Baran,Baran,Onion,Other,FAQ,500,1000,700,04-Jan-25
14885,Baran,Baran,Onion,Other,Non-FAQ,400,800,600,20-Jan-25
14886,Baran,Baran,Onion,Other,Non-FAQ,400,800,600,28-Jan-25
14887,Baran,Baran,Onion,Other,Non-FAQ,500,800,600,24-Jan-25
14888,North 24 Parganas,Barasat,Onion,Other,FAQ,2800,2800,2800,23-Jan-25
14889,Bareilly,Bareilly,Onion,Red,FAQ,2370,2425,2400,05-Jan-25
14890,Bargarh,Bargarh,Onion,Other,FAQ,2600,2800,2700,20-Jan-25
14891,Bargarh,Bargarh,Onion,Other,FAQ,3500,3700,3600,11-Jan-25
14892,Bargarh,Bargarh(Barapalli),Onion,Other,FAQ,3100,3300,3200,14-Jan-25
14893,Bargarh,Bargarh(Barapalli),Onion,Other,FAQ,3600,3800,3700,02-Jan-25
14894,Muktsar,Bariwala,Onion,Nasik,Non-FAQ,2000,2500,2500,31-Jan-25
14895,Sounth 24 Parganas,Baruipur(Canning),Onion,Other,FAQ,2800,3000,2900,20-Jan-25
14896,Sounth 24 Parganas,Baruipur(Canning),Onion,Other,FAQ,2900,3000,2950,05-Jan-25
14897,Sounth 24 Parganas,Baruipur(Canning),Onion,Other,FAQ,2900,3100,3000,31-Jan-25
14898,Sounth 24 Parganas,Baruipur(Canning),Onion,Other,FAQ,3200,3300,3250,11-Jan-25
14899,Basti,Basti,Onion,Red,FAQ,2150,2250,2200,29-Jan-25
14900,Gurdaspur,Batala,Onion,Other,FAQ,2800,3200,3000,21-Jan-25
14901,Bhatinda,Bathinda,Onion,Other,FAQ,2000,2500,2000,21-Jan-25
14902,Bhatinda,Bathinda,Onion,Other,FAQ,2000,2500,2000,24-Jan-25
14903,Bhatinda,Bathinda,Onion,Other,FAQ,2000,2500,2200,04-Jan-25
14904,Jammu,Batote,Onion,Other,FAQ,2600,3000,2800,31-Jan-25
14905,Jammu,Batote,Onion,Other,FAQ,3000,3200,3100,07-Jan-25
14906,Bharatpur,Bayana,Onion,Onion,FAQ,2000,2000,2000,15-Jan-25
14907,Bharatpur,Bayana,Onion,Onion,FAQ,2500,2500,2500,28-Jan-25
14908,Hassan,Belur,Onion,Bombay (U.P.),Ref grade-1,2500,2500,2500,30-Jan-25
14909,Nadia,Bethuadahari,Onion,Dry F.A.Q.,FAQ,2700,2850,2775,27-Jan-25
14910,Nadia,Bethuadahari,Onion,Dry F.A.Q.,FAQ,2700,3000,2800,20-Jan-25
14911,Nadia,Bethuadahari,Onion,Dry F.A.Q.,Non-FAQ,2500,2725,2600,01-Feb-25
14912,Hanumangarh,Bhadara,Onion,1st Sort,FAQ,2000,3000,2333,27-Jan-25
14913,Bhatinda,Bhagta Bhai Ka,Onion,Other,FAQ,2600,2600,2600,22-Jan-25
14914,Etawah,Bharthna,Onion,Red,FAQ,1950,2150,2050,17-Jan-25
14915,Etawah,Bharthna,Onion,Red,FAQ,2100,2300,2200,31-Jan-25
14916,Etawah,Bharthna,Onion,Red,FAQ,2150,2350,2250,25-Jan-25
14917,Etawah,Bharthna,Onion,Red,FAQ,2220,2420,2320,22-Jan-25
14918,Hamirpur,Bharuasumerpur,Onion,Red,FAQ,2100,2200,2150,29-Jan-25
14919,Hamirpur,Bharuasumerpur,Onion,Red,FAQ,2250,2325,2300,23-Jan-25
14920,Bharuch,Bharuch,Onion,Other,FAQ,1000,2000,1500,11-Jan-25
14921,Dharmapuri,Palacode(Uzhavar Sandhai ),Onion,Bellary,Local,4500,5000,5000,23-Jan-25
14922,Palakad,Palakkad,Onion,Big,FAQ,3300,4000,3700,15-Jan-25
14923,Palakad,Palakkad,Onion,Big,FAQ,3800,5000,4500,13-Jan-25
14924,Palakad,Palakkad,Onion,Big,FAQ,4200,5000,4700,08-Jan-25
14925,Kangra,Palampur,Onion,Other,FAQ,3000,3200,3100,31-Jan-25
14926,Kangra,Palampur,Onion,Other,FAQ,3200,3300,3250,16-Jan-25
14927,Kangra,Palampur,Onion,Other,FAQ,3200,3500,3400,27-Jan-25
14928,Madurai,Palanganatham(Uzhavar Sandhai ),Onion,Bellary,Local,4000,5000,5000,27-Jan-25
14929,Madurai,Palanganatham(Uzhavar Sandhai ),Onion,Bellary,Local,4500,5000,5000,29-Jan-25
14930,Madurai,Palanganatham(Uzhavar Sandhai ),Onion,Bellary,Local,4500,5200,5200,04-Jan-25
14931,Dindigul,Palani(Uzhavar Sandhai ),Onion,Bellary,Local,3000,4400,4400,17-Jan-25
14932,Dindigul,Palani(Uzhavar Sandhai ),Onion,Bellary,Local,3000,5400,5400,05-Jan-25
14933,Kozhikode(Calicut),Palayam,Onion,Other,FAQ,2900,3000,2900,01-Feb-25
14934,Kozhikode(Calicut),Palayam,Onion,Other,FAQ,3400,3500,3400,13-Jan-25
14935,Thirunelveli,Palayamkottai(Uzhavar Sandhai ),Onion,Bellary,Local,3500,4500,4500,01-Jan-25
14936,Bhavnagar,Palitana,Onion,Red,FAQ,1200,2255,1725,10-Jan-25
14937,Bhavnagar,Palitana,Onion,Red,FAQ,1250,2000,1625,21-Jan-25
14938,Bhavnagar,Palitana,Onion,Red,FAQ,1250,2200,1725,29-Jan-25
14939,Chengalpattu,Pallavaram(Uzhavar Sandhai ),Onion,Bellary,Local,3000,5000,5000,07-Jan-25
14940,Kottayam,Pampady,Onion,Big,FAQ,3800,4800,4000,08-Jan-25
14941,Kottayam,Pampady,Onion,Big,FAQ,4000,5000,4500,07-Jan-25
14942,Hooghly,Pandua,Onion,Nasik,FAQ,2600,2800,2700,27-Jan-25
14943,Hooghly,Pandua,Onion,Nasik,FAQ,2700,2900,2800,24-Jan-25
14944,Hooghly,Pandua,Onion,Nasik,FAQ,2800,3000,2900,22-Jan-25
14945,Panipat,Panipat,Onion,Other,FAQ,1000,1200,1100,10-Jan-25
14946,Panipat,Panipat,Onion,Other,FAQ,1000,1400,1200,21-Jan-25
14947,Panipat,Panipat,Onion,Other,FAQ,1000,2000,1500,19-Jan-25
14948,Panipat,Panipat,Onion,Other,FAQ,1300,1900,1600,16-Jan-25
14949,Panipat,Panipat,Onion,Other,FAQ,1500,2000,1750,06-Jan-25
14950,North Tripura,Panisagar,Onion,Nasik,FAQ,2000,2100,2050,13-Jan-25
14951,North Tripura,Panisagar,Onion,Nasik,FAQ,3400,3500,3450,01-Feb-25
14952,North Tripura,Panisagar,Onion,Nasik,FAQ,3500,3600,3550,18-Jan-25
14953,North Tripura,Panisagar,Onion,Nasik,FAQ,3500,3700,3600,04-Jan-25
14954,Cuddalore,Panruti(Uzhavar Sandhai ),Onion,Bellary,Local,3500,5000,5000,19-Jan-25
14955,Cuddalore,Panruti(Uzhavar Sandhai ),Onion,Bellary,Local,3500,5000,5000,26-Jan-25
14956,Thanjavur,Papanasam(Uzhavar Sandhai ),Onion,Bellary,Local,3600,4800,4800,12-Jan-25
14957,Thanjavur,Papanasam(Uzhavar Sandhai ),Onion,Bellary,Local,3600,4800,4800,23-Jan-25
14958,Thanjavur,Papanasam(Uzhavar Sandhai ),Onion,Bellary,Local,3600,4800,4800,30-Jan-25
14959,Ramanathapuram,Paramakudi(Uzhavar Sandhai ),Onion,Bellary,Local,4500,5000,5000,11-Jan-25
14960,Ramanathapuram,Paramakudi(Uzhavar Sandhai ),Onion,Bellary,Local,4500,5000,5000,12-Jan-25
14961,Ramanathapuram,Paramakudi(Uzhavar Sandhai ),Onion,Bellary,Local,4500,5000,5000,14-Jan-25
14962,Ramanathapuram,Paramakudi(Uzhavar Sandhai ),Onion,Bellary,Local,4500,5000,5000,30-Jan-25
14963,Namakkal,Paramathivelur(Uzhavar Sandhai ),Onion,Bellary,Local,4500,5000,5000,24-Jan-25
14964,Namakkal,Paramathivelur(Uzhavar Sandhai ),Onion,Bellary,Local,4500,5000,5000,31-Jan-25
14965,Malappuram,Parappanangadi,Onion,Small,FAQ,9800,9900,9900,21-Jan-25
14966,Ahmednagar,Parner,Onion,Red,FAQ,500,3500,2450,08-Jan-25
14967,Ahmednagar,Parner,Onion,Red,FAQ,500,3500,2500,01-Jan-25
14968,Maharajganj,Partaval,Onion,Red,FAQ,2140,2285,2215,03-Jan-25
14969,Maharajganj,Partaval,Onion,Red,FAQ,2165,2315,2240,04-Jan-25
14970,Maharajganj,Partaval,Onion,Red,FAQ,2165,2315,2240,20-Jan-25
14971,Ernakulam,North Paravur,Onion,1st Sort,FAQ,8800,10000,9500,16-Jan-25
14972,Ernakulam,North Paravur,Onion,1st Sort,FAQ,9200,11000,10000,13-Jan-25
14973,Mewat,Nuh,Onion,Other,Non-FAQ,1800,2000,2000,25-Jan-25
14974,Kancheepuram,Padappai(Uzhavar Sandhai ),Onion,Bellary,Local,3000,3500,3500,27-Jan-25
14975,Kancheepuram,Padappai(Uzhavar Sandhai ),Onion,Bellary,Local,4000,5000,5000,21-Jan-25
14976,Kancheepuram,Padappai(Uzhavar Sandhai ),Onion,Bellary,Local,4000,5000,5000,22-Jan-25
14977,Vadodara(Baroda),Padra,Onion,Other,FAQ,1500,2000,1750,29-Jan-25
14978,Vadodara(Baroda),Padra,Onion,Other,FAQ,2000,2600,2300,28-Jan-25
14979,Kottayam,Pala,Onion,Big,FAQ,4200,4800,4600,19-Jan-25
14980,Kottayam,Pala,Onion,Big,FAQ,4300,5000,4500,11-Jan-25
14981,Kottayam,Pala,Onion,Big,FAQ,4600,5000,4800,04-Jan-25
14982,Dharmapuri,Palacode(Uzhavar Sandhai ),Onion,Bellary,Local,4500,5000,5000,01-Feb-25
14983,Dharmapuri,Palacode(Uzhavar Sandhai ),Onion,Bellary,Local,4500,5000,5000,09-Jan-25
14984,Palakad,Palakkad,Onion,Big,FAQ,3200,4000,3700,01-Feb-25
14985,Madurai,Palanganatham(Uzhavar Sandhai ),Onion,Bellary,Local,4000,5000,5000,11-Jan-25
14986,Madurai,Palanganatham(Uzhavar Sandhai ),Onion,Bellary,Local,4000,5200,5200,20-Jan-25
14987,Dindigul,Palani(Uzhavar Sandhai ),Onion,Bellary,Local,3500,4500,4500,21-Jan-25
14988,Dindigul,Palani(Uzhavar Sandhai ),Onion,Bellary,Local,3500,5000,5000,26-Jan-25
14989,Kozhikode(Calicut),Palayam,Onion,Other,FAQ,3400,3500,3400,25-Jan-25
14990,Thirunelveli,Palayamkottai(Uzhavar Sandhai ),Onion,Bellary,Local,3000,3600,3600,14-Jan-25
14991,Lakhimpur,Paliakala,Onion,Red,FAQ,2800,2900,2850,07-Jan-25
14992,Bhavnagar,Palitana,Onion,Red,FAQ,1000,1750,1375,02-Jan-25
14993,Bhavnagar,Palitana,Onion,Red,FAQ,1150,1850,1500,13-Jan-25
14994,Bhavnagar,Palitana,Onion,Red,FAQ,1250,2200,1725,25-Jan-25
14995,Thirupur,Palladam(Uzhavar Sandhai ),Onion,Bellary,Local,3500,4000,4000,01-Jan-25
14996,Thirupur,Palladam(Uzhavar Sandhai ),Onion,Bellary,Local,3500,4000,4000,29-Jan-25
14997,Thirupur,Palladam(Uzhavar Sandhai ),Onion,Bellary,Local,3500,4000,4000,31-Jan-25
14998,Thirupur,Palladam(Uzhavar Sandhai ),Onion,Bellary,Local,4000,4500,4500,08-Jan-25
14999,Thirupur,Palladam(Uzhavar Sandhai ),Onion,Bellary,Local,4000,4500,4500,12-Jan-25
15000,Thirupur,Palladam(Uzhavar Sandhai ),Onion,Bellary,Local,4000,4500,4500,13-Jan-25
15001,Chengalpattu,Pallavaram(Uzhavar Sandhai ),Onion,Bellary,Local,3000,5000,5000,03-Jan-25
15002,Chengalpattu,Pallavaram(Uzhavar Sandhai ),Onion,Bellary,Local,3000,5000,5000,04-Jan-25
15003,Chengalpattu,Pallavaram(Uzhavar Sandhai ),Onion,Bellary,Local,3000,5000,5000,31-Jan-25
15004,Kottayam,Pampady,Onion,Big,FAQ,4000,5000,4500,25-Jan-25
15005,Balrampur,Panchpedwa,Onion,Red,FAQ,2000,2200,2100,27-Jan-25
15006,Hooghly,Pandua,Onion,Nasik,FAQ,2400,2600,2500,19-Jan-25
15007,Hooghly,Pandua,Onion,Nasik,FAQ,2600,2800,2700,15-Jan-25
15008,Hooghly,Pandua,Onion,Nasik,FAQ,3000,3200,3100,05-Jan-25
15009,Hooghly,Pandua,Onion,Nasik,FAQ,3000,3200,3100,08-Jan-25
15010,Hooghly,Pandua,Onion,Nasik,FAQ,3100,3300,3200,10-Jan-25
15011,Panipat,Panipat,Onion,Other,FAQ,1000,2000,1500,04-Jan-25
15012,Cuddalore,Panruti(Uzhavar Sandhai ),Onion,Bellary,Local,4000,5000,5000,15-Jan-25
15013,Sirmore,Paonta Sahib,Onion,Other,FAQ,2500,2700,2600,14-Jan-25
15014,Thanjavur,Papanasam(Uzhavar Sandhai ),Onion,Bellary,Local,3600,4800,4800,06-Jan-25
15015,Thanjavur,Papanasam(Uzhavar Sandhai ),Onion,Bellary,Local,3600,4800,4800,25-Jan-25
15016,Thanjavur,Papanasam(Uzhavar Sandhai ),Onion,Bellary,Local,3600,5000,5000,13-Jan-25
15017,Ramanathapuram,Paramakudi(Uzhavar Sandhai ),Onion,Bellary,Local,4500,5000,5000,31-Jan-25
15018,Ramanathapuram,Paramakudi(Uzhavar Sandhai ),Onion,Bellary,Local,5000,5500,5500,18-Jan-25
15019,Namakkal,Paramathivelur(Uzhavar Sandhai ),Onion,Bellary,Local,4400,5000,5000,18-Jan-25
15020,Thiruvannamalai,Tiruvannamalai(Uzhavar Sandhai ),Onion,Bellary,Local,4000,5000,5000,10-Jan-25
15021,Thiruvannamalai,Tiruvannamalai(Uzhavar Sandhai ),Onion,Bellary,Local,4500,5000,5000,27-Jan-25
15022,Thiruvarur,Tiruvarur(Uzhavar Sandhai ),Onion,Bellary,Local,4000,6000,6000,18-Jan-25
15023,Balrampur,Tulsipur,Onion,Red,FAQ,2420,2500,2450,06-Jan-25
15024,Firozabad,Tundla,Onion,Red,FAQ,2325,2375,2350,16-Jan-25
15025,Tuticorin,Tuticorin(Uzhavar Sandhai ),Onion,Bellary,Local,4500,5000,5000,01-Feb-25
15026,Tuticorin,Tuticorin(Uzhavar Sandhai ),Onion,Bellary,Local,4500,5000,5000,04-Jan-25
15027,Tuticorin,Tuticorin(Uzhavar Sandhai ),Onion,Bellary,Local,4500,5000,5000,09-Jan-25
15028,Udaipur,Udaipur (F&V),Onion,Other,FAQ,1000,2500,1750,01-Jan-25
15029,The Nilgiris,Udhagamandalam(Uzhavar Sandhai ),Onion,Bellary,Local,4200,4500,4500,31-Jan-25
15030,The Nilgiris,Udhagamandalam(Uzhavar Sandhai ),Onion,Bellary,Local,4500,4800,4800,28-Jan-25
15031,Udhampur,Udhampur,Onion,Other,FAQ,2800,3000,2900,02-Jan-25
15032,Coimbatore,Udumalpet,Onion,Bellary,Local,4200,4600,4600,12-Jan-25
15033,Udupi,Udupi,Onion,Onion,FAQ,2800,3000,2900,16-Jan-25
15034,Udupi,Udupi,Onion,Onion,FAQ,2800,3000,2900,21-Jan-25
15035,Badaun,Ujhani,Onion,Red,FAQ,2200,2250,2230,09-Jan-25
15036,Badaun,Ujhani,Onion,Red,FAQ,2200,2300,2250,08-Jan-25
15037,Badaun,Ujhani,Onion,Red,FAQ,2200,2300,2250,13-Jan-25
15038,Badaun,Ujhani,Onion,Red,FAQ,2200,2300,2250,14-Jan-25
15039,Hissar,Uklana,Onion,Onion,FAQ,2000,2000,2000,21-Jan-25
15040,Howrah,Uluberia,Onion,Other,FAQ,3000,3400,3200,29-Jan-25
15041,Howrah,Uluberia,Onion,Other,FAQ,3200,3600,3400,28-Jan-25
15042,Villupuram,Ulundurpettai,Onion,Bellary,Local,4000,5000,5000,02-Jan-25
15043,Villupuram,Ulundurpettai,Onion,Bellary,Local,4000,5000,5000,06-Jan-25
15044,Villupuram,Ulundurpettai,Onion,Bellary,Local,4000,5000,5000,17-Jan-25
15045,Villupuram,Ulundurpettai,Onion,Bellary,Local,4000,5000,5000,20-Jan-25
15046,Villupuram,Ulundurpettai,Onion,Bellary,Local,4000,5000,5000,26-Jan-25
15047,Nashik,Umrane,Onion,Red,Local,700,2551,1850,27-Jan-25
15048,Una,Una,Onion,Onion,FAQ,2500,3000,2750,23-Jan-25
15049,Una,Una,Onion,Onion,Non-FAQ,2600,3200,2900,31-Jan-25
15050,Unnao,Unnao,Onion,Red,FAQ,2050,2225,2150,29-Jan-25
15051,Unnao,Unnao,Onion,Red,FAQ,2275,2400,2350,16-Jan-25
15052,Unnao,Unnao,Onion,Red,FAQ,2375,2475,2425,13-Jan-25
15053,Unnao,Unnao,Onion,Red,FAQ,2375,2475,2425,15-Jan-25
15054,Madurai,Usilampatty,Onion,Bellary,Local,4500,5200,5200,22-Jan-25
15055,Kanpur,Uttaripura,Onion,Red,FAQ,2100,2300,2200,30-Jan-25
15056,Palakad,Vadakkenchery,Onion,Big,FAQ,4500,5000,4750,18-Jan-25
15057,Palakad,Vadakkenchery,Onion,Big,FAQ,4500,5000,4750,25-Jan-25
15058,Palakad,Vadakkenchery,Onion,Big,FAQ,5000,5500,5250,06-Jan-25
15059,Palakad,Vadakkenchery,Onion,Small,FAQ,8000,9000,8500,30-Jan-25
15060,Palakad,Vadakkenchery,Onion,Small,FAQ,10000,11000,10500,23-Jan-25
15061,Nagercoil (Kannyiakumari),Vadaseri,Onion,Bellary,Local,4800,5000,5000,26-Jan-25
15062,Coimbatore,Vadavalli(Uzhavar Sandhai ),Onion,Bellary,Local,3600,4200,4200,03-Jan-25
15063,Coimbatore,Vadavalli(Uzhavar Sandhai ),Onion,Bellary,Local,4200,4500,4500,24-Jan-25
15064,Vadodara(Baroda),Vadodara(Sayajipura),Onion,Other,FAQ,1200,2600,1900,16-Jan-25
15065,Vadodara(Baroda),Vadodara(Sayajipura),Onion,Other,FAQ,1300,3000,2200,07-Jan-25
15066,Chattrapati Sambhajinagar,Vaijpur,Onion,Red,FAQ,500,2500,1800,11-Jan-25
15067,Chattrapati Sambhajinagar,Vaijpur,Onion,Red,FAQ,500,2590,2000,22-Jan-25
15068,Chattrapati Sambhajinagar,Vaijpur,Onion,Red,FAQ,500,2800,2100,02-Jan-25
15069,Thiruvarur,Valangaiman,Onion,Bellary,Local,4000,4000,4000,01-Jan-25
15070,Namakkal,Paramathivelur(Uzhavar Sandhai ),Onion,Bellary,Local,5400,6000,6000,16-Jan-25
15071,Malappuram,Parappanangadi,Onion,Other,FAQ,3050,3150,3150,14-Jan-25
15072,Malappuram,Parappanangadi,Onion,Small,FAQ,6500,6600,6600,31-Jan-25
15073,Malappuram,Parappanangadi,Onion,Small,FAQ,7500,7600,7600,27-Jan-25
15074,Ahmednagar,Parner,Onion,Red,FAQ,500,3300,1900,24-Jan-25
15075,Maharajganj,Partaval,Onion,Red,FAQ,2270,2425,2350,10-Jan-25
15076,Thiruvellore,Paruthipattu(Uzhavar Sandhai ),Onion,Bellary,Local,5000,5000,5000,14-Jan-25
15077,Thiruvellore,Paruthipattu(Uzhavar Sandhai ),Onion,Bellary,Local,5000,5000,5000,15-Jan-25
15078,Thiruvellore,Paruthipattu(Uzhavar Sandhai ),Onion,Bellary,Local,5000,5000,5000,16-Jan-25
15079,Thiruvellore,Paruthipattu(Uzhavar Sandhai ),Onion,Bellary,Local,5000,5000,5000,22-Jan-25
15080,Thiruvellore,Paruthipattu(Uzhavar Sandhai ),Onion,Bellary,Local,5000,5000,5000,30-Jan-25
15081,Gurgaon,Pataudi,Onion,Other,FAQ,2000,2200,2100,12-Jan-25
15082,Gurgaon,Pataudi,Onion,Other,FAQ,2500,2700,2600,02-Jan-25
15083,Ahmednagar,Pathardi,Onion,Red,Local,500,3400,1900,26-Jan-25
15084,Palakad,Pattambi,Onion,Small,FAQ,8000,8500,8200,15-Jan-25
15085,Palakad,Pattambi,Onion,Small,FAQ,8000,8500,8200,18-Jan-25
15086,Palakad,Pattambi,Onion,Small,FAQ,8500,9000,8800,09-Jan-25
15087,Palakad,Pattambi,Onion,Small,FAQ,8500,9000,8800,11-Jan-25
15088,Tarntaran,Patti,Onion,Other,FAQ,2000,2500,2200,25-Jan-25
15089,Tarntaran,Patti,Onion,Other,FAQ,2500,3000,2800,03-Jan-25
15090,Tarntaran,Patti,Onion,Other,FAQ,2600,3000,2800,19-Jan-25
15091,Kurukshetra,Pehowa,Onion,Other,FAQ,3000,3000,3000,18-Jan-25
15092,Dharmapuri,Pennagaram(Uzhavar Sandhai ),Onion,Bellary,Local,4500,4800,4800,21-Jan-25
15093,Dharmapuri,Pennagaram(Uzhavar Sandhai ),Onion,Bellary,Local,5000,5000,5000,18-Jan-25
15094,Thiruvellore,Perambakkam(Uzhavar Sandhai ),Onion,Bellary,Local,4000,4000,4000,05-Jan-25
15095,Thiruvellore,Perambakkam(Uzhavar Sandhai ),Onion,Bellary,Local,4500,4500,4500,27-Jan-25
15096,Thiruvellore,Perambakkam(Uzhavar Sandhai ),Onion,Bellary,Local,4500,4500,4500,28-Jan-25
15097,Perambalur,Perambalur(Uzhavar Sandhai ),Onion,Bellary,Local,5000,5000,5000,12-Jan-25
15098,Kozhikode(Calicut),Perambra,Onion,Other,FAQ,3600,4000,3800,28-Jan-25
15099,Kozhikode(Calicut),Perambra,Onion,Other,FAQ,5000,6000,5500,11-Jan-25
15100,Malappuram,Perinthalmanna,Onion,Onion,FAQ,3000,4000,3600,17-Jan-25
15101,Theni,Periyakulam(Uzhavar Sandhai ),Onion,Bellary,Local,4000,4400,4400,31-Jan-25
15102,Theni,Periyakulam(Uzhavar Sandhai ),Onion,Bellary,Local,4000,4500,4500,02-Jan-25
15103,Ernakulam,Perumbavoor,Onion,Onion,FAQ,3000,4000,3500,31-Jan-25
15104,Ernakulam,Perumbavoor,Onion,Onion,Non-FAQ,3000,4000,3500,19-Jan-25
15105,Erode,Perundurai(Uzhavar Sandhai ),Onion,Bellary,Local,4000,4500,4500,22-Jan-25
15106,Erode,Perundurai(Uzhavar Sandhai ),Onion,Bellary,Local,4000,4500,4500,26-Jan-25
15107,kapurthala,Phagwara,Onion,Other,FAQ,2123,2462,2123,17-Jan-25
15108,kapurthala,Phagwara,Onion,Other,FAQ,2214,2961,2527,31-Jan-25
15109,kapurthala,Phagwara,Onion,Other,FAQ,2250,2616,2312,04-Jan-25
15110,kapurthala,Phagwara,Onion,Other,FAQ,2400,2832,2500,27-Jan-25
15111,Pillibhit,Pilibhit,Onion,Red,FAQ,2220,2300,2260,28-Jan-25
15112,Nashik,Pimpalgaon,Onion,Pole,FAQ,1151,3036,2400,04-Jan-25
15113,Nashik,Pimpalgaon Baswant(Saykheda),Onion,Red,Local,1000,2500,2075,28-Jan-25
15114,Hoshangabad,Pipariya(F&V),Onion,Onion,FAQ,1300,3200,2300,02-Jan-25
15115,Hoshangabad,Pipariya(F&V),Onion,Onion,FAQ,1400,2800,2100,26-Jan-25
15116,Hoshangabad,Pipariya(F&V),Onion,Onion,FAQ,1400,3000,2200,25-Jan-25
15117,Ernakulam,Piravam,Onion,Big,FAQ,3000,5000,4000,01-Feb-25
15118,Thiruvannamalai,Polur(Uzhavar Sandhai ),Onion,Bellary,Local,4000,4500,4500,21-Jan-25
15119,Kaushambi,Bharwari,Onion,Red,FAQ,1800,1970,1890,31-Jan-25
15120,Kaushambi,Bharwari,Onion,Red,FAQ,2000,2150,2085,01-Jan-25
15121,Kaushambi,Bharwari,Onion,Red,FAQ,2010,2180,2090,05-Jan-25
15122,Bhavnagar,Bhavnagar,Onion,Red,FAQ,750,2705,1730,03-Jan-25
15123,Bhavnagar,Bhavnagar,Onion,Red,FAQ,800,2385,1595,21-Jan-25
15124,Sangrur,Bhawanigarh,Onion,Other,FAQ,1000,2000,1500,25-Jan-25
15125,Sangrur,Bhawanigarh,Onion,Other,FAQ,1400,2200,1800,30-Jan-25
15126,Sangrur,Bhawanigarh,Onion,Other,FAQ,1500,1900,1700,17-Jan-25
15127,Bhilwara,Bhilwara,Onion,Other,FAQ,1500,2500,2000,01-Feb-25
15128,Shravasti,Bhinga,Onion,Red,FAQ,2100,2420,2275,22-Jan-25
15129,Shravasti,Bhinga,Onion,Red,FAQ,2380,2600,2470,06-Jan-25
15130,Bhatinda,Bhucho,Onion,Other,FAQ,1500,2000,1800,27-Jan-25
15131,Kachchh,Bhuj,Onion,Small,FAQ,1700,2500,2100,27-Jan-25
15132,Kachchh,Bhuj,Onion,Small,FAQ,1800,2700,2250,18-Jan-25
15133,Kachchh,Bhuj,Onion,Small,FAQ,2200,3000,2600,09-Jan-25
15134,Kullu,Bhuntar,Onion,Other,FAQ,2800,3000,2900,07-Jan-25
15135,Kullu,Bhuntar,Onion,Other,FAQ,3000,3200,3100,28-Jan-25
15136,Kullu,Bhuntar,Onion,Other,FAQ,3000,3500,3200,09-Jan-25
15137,Jalgaon,Bhusaval,Onion,Red,FAQ,1000,1800,1500,21-Jan-25
15138,Bijnor,Bijnaur,Onion,Red,FAQ,2150,2200,2180,23-Jan-25
15139,Bikaner,Bikaner (F&V),Onion,Other,FAQ,1400,1600,1500,21-Jan-25
15140,Bikaner,Bikaner (F&V),Onion,Other,FAQ,1700,1900,1800,11-Jan-25
15141,Bilaspur,Bilaspur,Onion,Local,Local,2200,2500,2400,08-Jan-25
15142,Bilaspur,Bilaspur,Onion,Local,Local,3000,3300,3100,17-Jan-25
15143,Bilaspur,Bilaspur,Onion,Other,FAQ,2500,2800,2600,31-Jan-25
15144,Jalandhar,Bilga,Onion,Other,FAQ,2800,3000,2900,07-Jan-25
15145,Navsari,Bilimora,Onion,Nasik,FAQ,1500,2800,2200,21-Jan-25
15146,Navsari,Bilimora,Onion,Nasik,FAQ,1500,2800,2200,24-Jan-25
15147,Navsari,Bilimora,Onion,Nasik,FAQ,2000,3250,2600,02-Jan-25
15148,Badaun,Bilsi,Onion,Red,FAQ,2200,2300,2250,11-Jan-25
15149,Fatehpur,Bindki,Onion,Red,FAQ,1700,2000,1800,20-Jan-25
15150,Fatehpur,Bindki,Onion,Red,FAQ,1800,1900,1850,28-Jan-25
15151,Birbhum,Birbhum,Onion,Other,FAQ,2500,2700,2600,04-Jan-25
15152,Birbhum,Birbhum,Onion,Other,FAQ,2500,2700,2600,06-Jan-25
15153,Bishnupur,Bishenpur,Onion,Onion,FAQ,4000,4500,4250,31-Jan-25
15154,Bishnupur,Bishenpur,Onion,Onion,FAQ,5500,6000,5750,08-Jan-25
15155,Bankura,Bishnupur(Bankura),Onion,Nasik,FAQ,2500,3500,3200,13-Jan-25
15156,Bankura,Bishnupur(Bankura),Onion,Nasik,FAQ,2500,3500,3300,08-Jan-25
15157,Sepahijala,Bishramganj,Onion,Nasik,FAQ,4300,4500,4400,15-Jan-25
15158,Sepahijala,Bishramganj,Onion,Nasik,FAQ,4300,4500,4400,25-Jan-25
15159,Theni,Bodinayakanur(Uzhavar Sandhai ),Onion,Bellary,Local,4200,4600,4600,22-Jan-25
15160,Theni,Bodinayakanur(Uzhavar Sandhai ),Onion,Bellary,Local,4200,4700,4700,03-Jan-25
15161,Theni,Bodinayakanur(Uzhavar Sandhai ),Onion,Bellary,Local,4200,4700,4700,04-Jan-25
15162,Theni,Bodinayakanur(Uzhavar Sandhai ),Onion,Bellary,Local,4400,4800,4800,24-Jan-25
15163,Birbhum,Bolpur,Onion,Onion,FAQ,2400,2600,2500,02-Jan-25
15164,Birbhum,Bolpur,Onion,Onion,FAQ,2600,2800,2700,31-Jan-25
15165,Sundergarh,Bonai,Onion,Other,FAQ,3000,3000,3000,15-Jan-25
15166,Boudh,Boudh,Onion,Other,FAQ,4000,6000,5000,01-Feb-25
15167,Hyderabad,Bowenpally,Onion,1st Sort,FAQ,800,2500,2000,13-Jan-25
15168,Hyderabad,Bowenpally,Onion,1st Sort,FAQ,1000,2500,2000,12-Jan-25
15169,Hyderabad,Bowenpally,Onion,1st Sort,FAQ,1000,3500,3000,09-Jan-25
15170,Ernakulam,Broadway market,Onion,1st Sort,FAQ,3200,4300,3400,11-Jan-25
15171,Mansa,Budalada,Onion,Other,FAQ,2200,2700,2400,28-Jan-25
15172,Thiruvellore,Paruthipattu(Uzhavar Sandhai ),Onion,Bellary,Local,4000,4000,4000,05-Jan-25
15173,Thiruvellore,Paruthipattu(Uzhavar Sandhai ),Onion,Bellary,Local,5000,5000,5000,20-Jan-25
15174,Gurgaon,Pataudi,Onion,Other,FAQ,2000,2200,2100,07-Jan-25
15175,Gurgaon,Pataudi,Onion,Other,FAQ,2000,2200,2100,18-Jan-25
15176,Pathankot,Pathankot,Onion,Onion,FAQ,2100,2300,2300,15-Jan-25
15177,Pathankot,Pathankot,Onion,Onion,FAQ,2700,2900,2900,02-Jan-25
15178,Ahmednagar,Pathardi,Onion,Red,Local,500,3300,2000,28-Jan-25
15179,Patiala,Patiala,Onion,Onion,FAQ,2000,3000,2500,11-Jan-25
15180,Patiala,Patiala,Onion,Onion,FAQ,2000,3000,2500,14-Jan-25
15181,Patiala,Patran,Onion,Other,FAQ,800,1600,1350,15-Jan-25
15182,Patiala,Patran,Onion,Other,FAQ,1200,2200,2030,02-Jan-25
15183,Patiala,Patran,Onion,Other,FAQ,1400,2300,2230,03-Jan-25
15184,Palakad,Pattambi,Onion,Small,FAQ,6500,7000,6800,29-Jan-25
15185,Palakad,Pattambi,Onion,Small,FAQ,8000,9000,8500,21-Jan-25
15186,Tarntaran,Patti,Onion,Other,FAQ,1800,2200,2000,16-Jan-25
15187,Tarntaran,Patti,Onion,Other,FAQ,2500,3000,2800,14-Jan-25
15188,Kurnool,Pattikonda,Onion,Local,FAQ,4000,4500,4200,15-Jan-25
15189,Kurnool,Pattikonda,Onion,Local,Non-FAQ,3500,4000,3800,26-Jan-25
15190,Thanjavur,Pattukottai(Uzhavar Sandhai ),Onion,Bellary,Local,4000,5000,5000,08-Jan-25
15191,Thanjavur,Pattukottai(Uzhavar Sandhai ),Onion,Bellary,Local,4000,5000,5000,13-Jan-25
15192,Thanjavur,Pattukottai(Uzhavar Sandhai ),Onion,Bellary,Local,4000,5000,5000,15-Jan-25
15193,Thanjavur,Pattukottai(Uzhavar Sandhai ),Onion,Bellary,Local,4000,5000,5000,22-Jan-25
15194,Shravasti,Payagpur,Onion,Red,FAQ,2200,2500,2300,28-Jan-25
15195,Kurukshetra,Pehowa,Onion,Other,FAQ,1600,1900,1800,30-Jan-25
15196,Dharmapuri,Pennagaram(Uzhavar Sandhai ),Onion,Bellary,Local,4500,5000,5000,13-Jan-25
15197,Dharmapuri,Pennagaram(Uzhavar Sandhai ),Onion,Bellary,Local,4500,5000,5000,14-Jan-25
15198,Dharmapuri,Pennagaram(Uzhavar Sandhai ),Onion,Bellary,Local,5000,5000,5000,16-Jan-25
15199,Perambalur,Perambalur(Uzhavar Sandhai ),Onion,Bellary,Local,4800,5000,5000,01-Jan-25
15200,Perambalur,Perambalur(Uzhavar Sandhai ),Onion,Bellary,Local,5000,5000,5000,03-Jan-25
15201,Perambalur,Perambalur(Uzhavar Sandhai ),Onion,Bellary,Local,5000,5800,5800,29-Jan-25
15202,Kozhikode(Calicut),Perambra,Onion,Other,FAQ,3800,4200,4000,10-Jan-25
15203,Theni,Periyakulam(Uzhavar Sandhai ),Onion,Bellary,Local,4000,4500,4500,01-Jan-25
15204,Theni,Periyakulam(Uzhavar Sandhai ),Onion,Bellary,Local,4200,4400,4400,20-Jan-25
15205,Ernakulam,Perumbavoor,Onion,Onion,FAQ,3000,4000,3500,13-Jan-25
15206,Ernakulam,Perumbavoor,Onion,Onion,FAQ,3000,4000,3500,14-Jan-25
15207,Ernakulam,Perumbavoor,Onion,Onion,FAQ,3000,4000,3500,30-Jan-25
15208,Erode,Perundurai(Uzhavar Sandhai ),Onion,Bellary,Local,4000,4500,4500,25-Jan-25
15209,Erode,Perundurai(Uzhavar Sandhai ),Onion,Bellary,Local,4000,4500,4500,31-Jan-25
15210,kapurthala,Phagwara,Onion,Other,FAQ,2325,2740,2350,28-Jan-25
15211,kapurthala,Phagwara,Onion,Other,FAQ,2336,3028,2417,09-Jan-25
15212,Pillibhit,Pilibhit,Onion,Red,FAQ,2180,2260,2220,14-Jan-25
15213,Pillibhit,Pilibhit,Onion,Red,FAQ,2210,2290,2250,08-Jan-25
15214,Pillibhit,Pilibhit,Onion,Red,FAQ,2215,2295,2255,09-Jan-25
15215,Pillibhit,Pilibhit,Onion,Red,FAQ,2320,2400,2360,04-Jan-25
15216,Nashik,Pimpalgaon,Onion,Pole,Local,800,2722,2251,28-Jan-25
15217,Nashik,Pimpalgaon Baswant(Saykheda),Onion,Red,FAQ,700,2430,2050,25-Jan-25
15218,Nashik,Pimpalgaon Baswant(Saykheda),Onion,Red,FAQ,700,2649,2275,04-Jan-25
15219,Coimbatore,Pollachi(Uzhavar Sandhai ),Onion,Bellary,Local,4000,5500,5500,02-Jan-25
15220,Coimbatore,Pollachi(Uzhavar Sandhai ),Onion,Bellary,Local,4000,5500,5500,04-Jan-25
15221,Coimbatore,Pollachi(Uzhavar Sandhai ),Onion,Bellary,Local,4000,5500,5500,05-Jan-25
15222,Thiruvannamalai,Polur(Uzhavar Sandhai ),Onion,Bellary,Local,4000,4500,4500,22-Jan-25
15223,Thiruvannamalai,Polur(Uzhavar Sandhai ),Onion,Bellary,Local,4200,5000,5000,02-Jan-25
15224,Porbandar,Porbandar,Onion,Other,FAQ,1500,2000,1750,23-Jan-25
15225,Thiruvananthapuram,Pothencode,Onion,Other,FAQ,52000,52080,52040,15-Jan-25
15226,Pratapgarh,Pratapgarh,Onion,Other,FAQ,661,2140,1400,04-Jan-25
15227,Pratapgarh,Pratapgarh,Onion,Other,FAQ,700,1991,1431,16-Jan-25
15228,Pratapgarh,Pratapgarh,Onion,Red,FAQ,1850,2050,1920,31-Jan-25
15229,Pratapgarh,Pratapgarh,Onion,Red,FAQ,2050,2250,2125,11-Jan-25
15230,Pudukkottai,Pudukottai(Uzhavar Sandhai ),Onion,Bellary,Local,4000,5000,5000,26-Jan-25
15231,Pudukkottai,Pudukottai(Uzhavar Sandhai ),Onion,Bellary,Local,5000,5500,5500,01-Jan-25
15232,Kanpur Dehat,Pukharayan,Onion,Red,FAQ,2320,2340,2330,23-Jan-25
15233,Kanpur Dehat,Pukharayan,Onion,Red,FAQ,2375,2425,2410,19-Jan-25
15234,Kanpur Dehat,Pukharayan,Onion,Red,FAQ,2380,2410,2400,16-Jan-25
15235,Pune,Pune,Onion,Local,FAQ,1400,2800,2100,09-Jan-25
15236,Pune,Pune,Onion,Local,FAQ,1400,3000,2200,08-Jan-25
15237,Pune,Pune,Onion,Local,FAQ,2000,3500,2750,01-Jan-25
15238,Pune,Pune,Onion,Local,Local,1500,2800,2150,28-Jan-25
15239,Pune,Pune(Khadiki),Onion,Local,FAQ,1200,2400,1800,18-Jan-25
15240,Pune,Pune(Khadiki),Onion,Local,FAQ,1400,2700,2050,11-Jan-25
15241,Pune,Pune(Khadiki),Onion,Local,Local,1400,2100,1850,27-Jan-25
15242,Pune,Pune(Manjri),Onion,Local,FAQ,2600,2800,2700,24-Jan-25
15243,Pune,Pune(Moshi),Onion,Local,FAQ,700,3000,1850,23-Jan-25
15244,Pune,Pune(Pimpri),Onion,Local,FAQ,1500,3000,2250,05-Jan-25
15245,Pune,Pune(Pimpri),Onion,Local,FAQ,2800,3200,3000,08-Jan-25
15246,Pillibhit,Puranpur,Onion,Red,FAQ,2200,2300,2250,09-Jan-25
15247,Puruliya,Purulia,Onion,Other,FAQ,2100,3000,2500,27-Jan-25
15248,Unnao,Purwa,Onion,Red,FAQ,2400,2525,2450,12-Jan-25
15249,Shahjahanpur,Puwaha,Onion,Red,FAQ,2150,2350,2250,26-Jan-25
15250,Yamuna Nagar,Radaur,Onion,Other,FAQ,1800,2300,2200,07-Jan-25
15251,Ahmednagar,Rahata,Onion,Other,FAQ,200,2400,1650,12-Jan-25
15252,Ahmednagar,Rahuri,Onion,Other,FAQ,100,2200,1150,12-Jan-25
15253,Raebarelli,Raibareilly,Onion,Red,FAQ,2200,2300,2260,27-Jan-25
15254,Raebarelli,Raibareilly,Onion,Red,FAQ,2260,2350,2300,21-Jan-25
15255,Raigarh,Raigarh,Onion,Local,Local,2000,2400,2200,12-Jan-25
15256,Panchkula,Raipur Rai,Onion,Other,FAQ,2500,2600,2500,13-Jan-25
15257,Virudhunagar,Rajapalayam(Uzhavar Sandhai ),Onion,Bellary,Local,4000,4500,4500,09-Jan-25
15258,Virudhunagar,Rajapalayam(Uzhavar Sandhai ),Onion,Bellary,Local,4000,5000,5000,14-Jan-25
15259,Virudhunagar,Rajapalayam(Uzhavar Sandhai ),Onion,Bellary,Local,4500,5000,5000,12-Jan-25
15260,Rajkot,Rajkot(Veg.Sub Yard),Onion,Onion,FAQ,600,2025,1400,30-Jan-25
15261,Rajnandgaon,Rajnandgaon,Onion,Onion,Local,2000,2500,2300,08-Jan-25
15262,Rajnandgaon,Rajnandgaon,Onion,Onion,Local,2000,2500,2300,11-Jan-25
15263,Rajnandgaon,Rajnandgaon,Onion,Onion,Local,2100,2500,2300,05-Jan-25
15264,Rajnandgaon,Rajnandgaon,Onion,Onion,Non-FAQ,1600,2000,1800,01-Feb-25
15265,Rajouri,Rajouri (F&V),Onion,Other,FAQ,3200,3400,3300,15-Jan-25
15266,Rajouri,Rajouri (F&V),Onion,Other,Non-FAQ,3000,3200,3100,20-Jan-25
15267,Rajsamand,Rajsamand,Onion,Onion,FAQ,1500,2000,1750,29-Jan-25
15268,Bhatinda,Raman,Onion,Other,FAQ,2710,2810,2750,03-Jan-25
15269,Howrah,Ramkrishanpur(Howrah),Onion,Other,FAQ,3000,3800,3400,01-Jan-25
15270,Howrah,Ramkrishanpur(Howrah),Onion,Other,FAQ,3200,3800,3500,20-Jan-25
15271,Rampur,Rampur,Onion,Red,FAQ,2230,2325,2270,09-Jan-25
15272,Birbhum,Rampurhat,Onion,Local,FAQ,2250,2350,2300,08-Jan-25
15273,Ghazipur,Gazipur,Onion,Red,FAQ,2260,2300,2280,20-Jan-25
15274,Kaithar,"Gerabari, Korha Block",Onion,Medium,FAQ,3800,4000,3900,04-Jan-25
15275,Kaithar,"Gerabari, Korha Block",Onion,Medium,FAQ,3800,4000,3900,09-Jan-25
15276,Medinipur(W),Ghatal,Onion,Onion,FAQ,2500,3000,2700,03-Jan-25
15277,Medinipur(W),Ghatal,Onion,Onion,FAQ,2600,3000,2700,08-Jan-25
15278,Medinipur(W),Ghatal,Onion,Onion,FAQ,2700,2900,2800,24-Jan-25
15279,Medinipur(W),Ghatal,Onion,Onion,FAQ,2800,3000,2900,22-Jan-25
15280,Mainpuri,Ghiraur,Onion,Red,FAQ,2000,2200,2100,31-Jan-25
15281,Muktsar,Giddarbaha,Onion,Onion,FAQ,2400,2600,2500,22-Jan-25
15282,Muktsar,Giddarbaha,Onion,Onion,FAQ,2400,2600,2500,25-Jan-25
15283,Villupuram,Gingee(Uzhavar Sandhai ),Onion,Bellary,Local,4000,5000,5000,12-Jan-25
15284,Erode,Gobichettipalayam(Uzhavar Sandhai ),Onion,Bellary,Local,4000,4800,4800,15-Jan-25
15285,Sonipat,Gohana,Onion,Other,FAQ,2000,2200,2100,01-Feb-25
15286,Lakhimpur,Golagokarnath,Onion,Red,FAQ,2100,2250,2190,27-Jan-25
15287,Lakhimpur,Golagokarnath,Onion,Red,FAQ,2600,2750,2680,14-Jan-25
15288,Lakhimpur,Golagokarnath,Onion,Red,Non-FAQ,1750,1860,1830,01-Feb-25
15289,Hanumangarh,Goluwala,Onion,1st Sort,FAQ,2200,2300,2300,16-Jan-25
15290,Gonda,Gonda,Onion,Red,FAQ,2200,2400,2250,26-Jan-25
15291,Gonda,Gonda,Onion,Red,FAQ,2400,2650,2500,03-Jan-25
15292,Gonda,Gonda,Onion,Red,FAQ,2500,2800,2700,10-Jan-25
15293,Rajkot,Gondal,Onion,Red,FAQ,655,2630,1705,02-Jan-25
15294,Rajkot,Gondal,Onion,Red,FAQ,705,2280,1805,18-Jan-25
15295,Rajkot,Gondal,Onion,White,FAQ,1355,1855,1505,23-Jan-25
15296,Bhadohi(Sant Ravi Nagar),Gopiganj,Onion,Red,FAQ,2090,2200,2150,30-Jan-25
15297,Bhadohi(Sant Ravi Nagar),Gopiganj,Onion,Red,FAQ,2500,2580,2540,07-Jan-25
15298,Gorakhpur,Gorakhpur,Onion,Red,FAQ,2150,2375,2250,01-Jan-25
15299,The Nilgiris,Gudalur(Uzhavar Sandhai ),Onion,Bellary,Local,4200,4400,4400,01-Jan-25
15300,The Nilgiris,Gudalur(Uzhavar Sandhai ),Onion,Bellary,Local,4500,5000,5000,05-Jan-25
15301,The Nilgiris,Gudalur(Uzhavar Sandhai ),Onion,Bellary,Local,4500,5000,5000,09-Jan-25
15302,The Nilgiris,Gudalur(Uzhavar Sandhai ),Onion,Bellary,Local,4500,5000,5000,24-Jan-25
15303,Hyderabad,Gudimalkapur,Onion,1st Sort,FAQ,1000,3500,2200,31-Jan-25
15304,Vellore,Gudiyatham(Uzhavar Sandhai ),Onion,Bellary,Local,4400,4400,4400,20-Jan-25
15305,Vellore,Gudiyatham(Uzhavar Sandhai ),Onion,Bellary,Local,4600,4600,4600,10-Jan-25
15306,Vellore,Gudiyatham(Uzhavar Sandhai ),Onion,Bellary,Local,5000,5000,5000,05-Jan-25
15307,Chengalpattu,Guduvancheri(Uzhavar Sandhai ),Onion,Bellary,Local,3000,3500,3500,27-Jan-25
15308,Chengalpattu,Guduvancheri(Uzhavar Sandhai ),Onion,Bellary,Local,3000,4000,4000,07-Jan-25
15309,Chengalpattu,Guduvancheri(Uzhavar Sandhai ),Onion,Bellary,Local,3500,4000,4000,24-Jan-25
15310,Bulandshahar,Gulavati,Onion,Red,FAQ,3000,3200,3100,13-Jan-25
15311,Bulandshahar,Gulavati,Onion,Red,FAQ,3000,3200,3100,15-Jan-25
15312,Bulandshahar,Gulavati,Onion,Red,FAQ,3000,3200,3100,17-Jan-25
15313,Chamrajnagar,Gundlupet,Onion,Local,FAQ,2800,3600,3600,29-Jan-25
15314,Gurdaspur,Gurdaspur,Onion,Other,FAQ,2200,2400,2300,07-Jan-25
15315,Gurgaon,Gurgaon,Onion,Other,FAQ,2000,2500,2250,19-Jan-25
15316,Gurgaon,Gurgaon,Onion,Other,FAQ,2000,3000,2500,07-Jan-25
15317,Gurgaon,Gurgaon,Onion,Other,FAQ,2000,3000,2500,10-Jan-25
15318,Jhansi,Gurusarai,Onion,Red,FAQ,2000,2085,2065,30-Jan-25
15319,Jhansi,Gurusarai,Onion,Red,FAQ,2075,2160,2100,03-Jan-25
15320,Jhansi,Gurusarai,Onion,Red,FAQ,2100,2185,2150,06-Jan-25
15321,Hathras,Haathras,Onion,Red,FAQ,2000,2250,2130,06-Jan-25
15322,Hathras,Haathras,Onion,Red,FAQ,2160,2360,2260,27-Jan-25
15323,Coimbatore,Pollachi(Uzhavar Sandhai ),Onion,Bellary,Local,4000,5500,5500,06-Jan-25
15324,Thiruvannamalai,Polur(Uzhavar Sandhai ),Onion,Bellary,Local,4200,5000,5000,29-Jan-25
15325,Porbandar,Porbandar,Onion,Other,FAQ,1250,1500,1375,15-Jan-25
15326,Porbandar,Porbandar,Onion,Other,FAQ,1500,2000,1750,03-Jan-25
15327,Porbandar,Porbandar,Onion,Other,FAQ,1500,2000,1750,17-Jan-25
15328,Porbandar,Porbandar,Onion,Other,FAQ,3000,4000,3500,04-Jan-25
15329,Morena,Porsa,Onion,Local,FAQ,600,600,600,10-Jan-25
15330,Morena,Porsa,Onion,Local,FAQ,1000,1000,1000,19-Jan-25
15331,Pratapgarh,Pratapgarh,Onion,Other,FAQ,600,2000,1300,03-Jan-25
15332,Pratapgarh,Pratapgarh,Onion,Red,Non-FAQ,2100,2300,2145,17-Jan-25
15333,Pudukkottai,Pudukottai(Uzhavar Sandhai ),Onion,Bellary,Local,4000,5000,5000,02-Jan-25
15334,Pudukkottai,Pudukottai(Uzhavar Sandhai ),Onion,Bellary,Local,5000,6500,6500,18-Jan-25
15335,Kanpur Dehat,Pukharayan,Onion,Red,FAQ,2460,2485,2475,10-Jan-25
15336,Kollam,Punalur,Onion,Onion,FAQ,4000,4500,4200,23-Jan-25
15337,Kaithal,Pundri,Onion,Other,FAQ,2000,2200,2100,08-Jan-25
15338,Pune,Pune,Onion,Local,FAQ,1500,2600,2050,14-Jan-25
15339,Pune,Pune(Manjri),Onion,Local,FAQ,2200,2800,2600,22-Jan-25
15340,Pune,Pune(Manjri),Onion,Local,FAQ,2800,3100,3000,08-Jan-25
15341,Pune,Pune(Manjri),Onion,Local,FAQ,2800,3100,3000,13-Jan-25
15342,Pune,Pune(Manjri),Onion,Local,Local,2600,3300,3100,29-Jan-25
15343,Pune,Pune(Moshi),Onion,Local,FAQ,1200,1800,1500,25-Jan-25
15344,Pune,Pune(Pimpri),Onion,Local,FAQ,2200,2400,2300,24-Jan-25
15345,Mewat,Punhana,Onion,Other,FAQ,2000,2000,2000,24-Jan-25
15346,Pillibhit,Puranpur,Onion,Red,FAQ,2260,2340,2300,19-Jan-25
15347,Pillibhit,Puranpur,Onion,Red,FAQ,2350,2435,2395,01-Jan-25
15348,Puruliya,Purulia,Onion,Other,FAQ,2100,3100,2500,22-Jan-25
15349,Puruliya,Purulia,Onion,Other,FAQ,2500,3400,2800,08-Jan-25
15350,Unnao,Purwa,Onion,Red,FAQ,2125,2250,2160,29-Jan-25
15351,Unnao,Purwa,Onion,Red,FAQ,2325,2425,2375,20-Jan-25
15352,Shahjahanpur,Puwaha,Onion,Red,FAQ,2150,2350,2250,04-Jan-25
15353,Shahjahanpur,Puwaha,Onion,Red,FAQ,2175,2375,2275,08-Jan-25
15354,Ahmednagar,Rahata,Onion,Red,FAQ,350,3500,2250,07-Jan-25
15355,Ahmednagar,Rahuri,Onion,Other,FAQ,200,3225,1700,21-Jan-25
15356,Raebarelli,Raibareilly,Onion,Red,FAQ,2500,2550,2525,07-Jan-25
15357,Panchkula,Raipur Rai,Onion,Other,FAQ,2400,2600,2400,30-Jan-25
15358,Panchkula,Raipur Rai,Onion,Other,FAQ,2800,3000,2800,09-Jan-25
15359,Panchkula,Raipur Rai,Onion,Other,Non-FAQ,2800,3000,2800,17-Jan-25
15360,Virudhunagar,Rajapalayam(Uzhavar Sandhai ),Onion,Bellary,Local,4500,5000,5000,28-Jan-25
15361,Rajnandgaon,Rajnandgaon,Onion,Onion,Local,2100,2500,2300,03-Jan-25
15362,Rajnandgaon,Rajnandgaon,Onion,Onion,Local,2200,2600,2400,04-Jan-25
15363,Rajouri,Rajouri (F&V),Onion,Other,Non-FAQ,3200,3400,3300,21-Jan-25
15364,Patiala,Rajpura,Onion,Local,FAQ,1800,2400,2000,26-Jan-25
15365,Patiala,Rajpura,Onion,Local,FAQ,2000,2550,2200,16-Jan-25
15366,Patiala,Rajpura,Onion,Local,FAQ,2000,2700,2300,14-Jan-25
15367,Patiala,Rajpura,Onion,Local,FAQ,2000,2800,2400,09-Jan-25
15368,Rajsamand,Rajsamand,Onion,Onion,Non-FAQ,2000,2500,2250,22-Jan-25
15369,Bhatinda,Raman,Onion,Other,FAQ,2310,2395,2345,31-Jan-25
15370,Ramanathapuram,Ramanathapuram(Uzhavar Sandhai ),Onion,Bellary,Local,4500,5000,5000,11-Jan-25
15371,Ramanathapuram,Ramanathapuram(Uzhavar Sandhai ),Onion,Bellary,Local,4500,5000,5000,12-Jan-25
15372,Ramanathapuram,Ramanathapuram(Uzhavar Sandhai ),Onion,Bellary,Local,4500,5000,5000,30-Jan-25
15373,Howrah,Ramkrishanpur(Howrah),Onion,Other,FAQ,3200,3800,3500,11-Jan-25
15374,Birbhum,Rampurhat,Onion,Local,FAQ,2400,2500,2450,06-Jan-25
15375,Birbhum,Rampurhat,Onion,Nasik,FAQ,2350,2450,2400,17-Jan-25
15376,Saharanpur,Rampurmaniharan,Onion,Red,FAQ,1700,1800,1750,15-Jan-25
15377,Saharanpur,Rampurmaniharan,Onion,Red,FAQ,1800,1900,1850,25-Jan-25
15378,Saharanpur,Rampurmaniharan,Onion,Red,Non-FAQ,1800,1900,1850,27-Jan-25
15379,Nagpur,Ramtek,Onion,Other,FAQ,2400,2800,2400,08-Jan-25
15380,Nagpur,Ramtek,Onion,Other,FAQ,2400,2800,2600,14-Jan-25
15381,Nagpur,Ramtek,Onion,Other,FAQ,2400,2800,2600,15-Jan-25
15382,Nagpur,Ramtek,Onion,Other,FAQ,2400,2800,2600,16-Jan-25
15383,Nagpur,Ramtek,Onion,Other,Local,2400,2800,2600,29-Jan-25
15384,Nadia,Ranaghat,Onion,Other,FAQ,3200,3400,3300,25-Jan-25
15385,Nadia,Ranaghat,Onion,Other,FAQ,3300,3450,3400,28-Jan-25
15386,Sirsa,Rania,Onion,Other,FAQ,1700,1900,1800,18-Jan-25
15387,Ranipet,Ranipettai(Uzhavar Sandhai ),Onion,Bellary,Local,4000,4800,4800,03-Jan-25
15388,Namakkal,Rasipuram(Uzhavar Sandhai ),Onion,Bellary,Local,4200,5000,5000,24-Jan-25
15389,Namakkal,Rasipuram(Uzhavar Sandhai ),Onion,Bellary,Local,5000,5500,5500,11-Jan-25
15390,Namakkal,Rasipuram(Uzhavar Sandhai ),Onion,Bellary,Local,5000,5500,5500,15-Jan-25
15391,Fatehabad,Ratia,Onion,Other,FAQ,1800,2000,1900,07-Jan-25
15392,Ratlam,Ratlam,Onion,Nasik,FAQ,261,2000,300,22-Jan-25
15393,Hanumangarh,Rawatsar,Onion,1st Sort,FAQ,2200,2200,2200,06-Jan-25
15394,Rayagada,Rayagada,Onion,Other,FAQ,3100,3200,3200,15-Jan-25
15395,Rayagada,Rayagada,Onion,Other,FAQ,3100,3200,3200,16-Jan-25
15396,Rayagada,Rayagada,Onion,Other,FAQ,3100,3200,3200,30-Jan-25
15397,Rayagada,Rayagada,Onion,Other,FAQ,3500,3600,3600,02-Jan-25
15398,Amritsar,Rayya,Onion,Red,FAQ,1800,1800,1800,17-Jan-25
15399,Amritsar,Rayya,Onion,Red,FAQ,1900,1900,1900,10-Jan-25
15400,Rewari,Rewari,Onion,Medium,FAQ,1000,2400,1700,01-Jan-25
15401,Rewari,Rewari,Onion,Medium,FAQ,1000,3000,2000,06-Jan-25
15402,Rewari,Rewari,Onion,Medium,FAQ,1000,3000,2000,11-Jan-25
15403,Rewari,Rewari,Onion,Medium,Non-FAQ,1000,3000,2000,28-Jan-25
15404,Dehradoon,Rishikesh,Onion,Other,FAQ,2600,3000,2800,10-Jan-25
15405,Sonbhadra,Robertsganj,Onion,Red,FAQ,2065,2210,2140,03-Jan-25
15406,Sonbhadra,Robertsganj,Onion,Red,Non-FAQ,2150,2360,2285,20-Jan-25
15407,Shimla,Rohroo,Onion,1st Sort,FAQ,3500,3800,3500,30-Jan-25
15408,Rohtak,Rohtak,Onion,Other,FAQ,1000,1500,1200,08-Jan-25
15409,Haridwar,Roorkee,Onion,Other,FAQ,2000,4000,3000,19-Jan-25
15410,Haridwar,Roorkee,Onion,Other,FAQ,2000,4000,3000,28-Jan-25
15411,Ropar (Rupnagar),Ropar,Onion,Other,FAQ,2200,2600,2400,22-Jan-25
15412,Coimbatore,RSPuram(Uzhavar Sandhai ),Onion,Bellary,Local,3800,4200,4200,10-Jan-25
15413,Ayodhya,Rudauli,Onion,Red,FAQ,2250,2350,2300,04-Jan-25
15414,Ayodhya,Rudauli,Onion,Red,FAQ,2400,2600,2500,01-Feb-25
15415,UdhamSinghNagar,Rudrapur,Onion,Other,FAQ,2000,2500,2200,03-Jan-25
15416,UdhamSinghNagar,Rudrapur,Onion,Other,FAQ,2000,2500,2200,04-Jan-25
15417,UdhamSinghNagar,Rudrapur,Onion,Other,FAQ,2000,2500,2200,24-Jan-25
15418,Yamuna Nagar,Sadhaura,Onion,Onion,FAQ,1500,2000,1800,04-Jan-25
15419,Yamuna Nagar,Sadhaura,Onion,Onion,FAQ,1500,2500,2000,14-Jan-25
15420,Yamuna Nagar,Sadhaura,Onion,Onion,FAQ,1500,2500,2000,16-Jan-25
15421,Yamuna Nagar,Sadhaura,Onion,Onion,FAQ,1500,2500,2000,22-Jan-25
15422,Barabanki,Safdarganj,Onion,Red,FAQ,2250,2350,2300,03-Jan-25
15423,Barabanki,Safdarganj,Onion,Red,FAQ,2300,2340,2320,23-Jan-25
15424,Barabanki,Safdarganj,Onion,Red,FAQ,2350,2450,2400,02-Jan-25
15425,Jind,Safidon,Onion,Other,FAQ,1200,1500,1500,01-Jan-25
15426,Jind,Safidon,Onion,Other,FAQ,1200,1500,1500,09-Jan-25
15427,Bulandshahar,Buland Shahr,Onion,Red,FAQ,2000,2250,2100,29-Jan-25
15428,Bulandshahar,Buland Shahr,Onion,Red,FAQ,2300,2480,2370,16-Jan-25
15429,Bulandshahar,Buland Shahr,Onion,Red,FAQ,2300,2550,2440,09-Jan-25
15430,Purba Bardhaman,Burdwan,Onion,Nasik,FAQ,2600,2800,2700,15-Jan-25
15431,Purba Bardhaman,Burdwan,Onion,Nasik,FAQ,3000,3300,3200,12-Jan-25
15432,Bijnor,Chaandpur,Onion,Red,FAQ,1400,1600,1500,21-Jan-25
15433,Nadia,Chakdah,Onion,Other,FAQ,3200,3350,3300,13-Jan-25
15434,Nadia,Chakdah,Onion,Other,FAQ,3200,3400,3300,27-Jan-25
15435,Thiruvananthapuram,Chala,Onion,Big,FAQ,3800,4200,3800,18-Jan-25
15436,Thiruvananthapuram,Chala,Onion,Big,FAQ,4600,4800,4600,06-Jan-25
15437,Thiruvananthapuram,Chala,Onion,Onion,FAQ,9200,9800,9200,13-Jan-25
15438,Hooghly,Champadanga,Onion,Nasik,FAQ,2700,2900,2700,15-Jan-25
15439,Hooghly,Champadanga,Onion,Nasik,FAQ,2900,3100,3000,07-Jan-25
15440,Sambhal,Chandausi,Onion,Red,FAQ,2300,2350,2310,11-Jan-25
15441,Sambhal,Chandausi,Onion,Red,FAQ,2300,2400,2350,02-Jan-25
15442,Chandigarh,Chandigarh(Grain/Fruit),Onion,Other,FAQ,1000,2500,2000,18-Jan-25
15443,Chandigarh,Chandigarh(Grain/Fruit),Onion,Other,FAQ,1000,3000,2500,02-Jan-25
15444,Chandauli,Chandoli,Onion,Red,FAQ,2275,2375,2325,06-Jan-25
15445,Chandauli,Chandoli,Onion,Red,FAQ,2500,2600,2550,09-Jan-25
15446,Chandrapur,Chandrapur(Ganjwad),Onion,Other,FAQ,2000,3000,2500,12-Jan-25
15447,Chandrapur,Chandrapur(Ganjwad),Onion,Other,FAQ,2000,3000,2500,16-Jan-25
15448,Nashik,Chandvad,Onion,Red,FAQ,800,2550,2180,22-Jan-25
15449,Nashik,Chandvad,Onion,Red,FAQ,1200,2659,2080,18-Jan-25
15450,Nashik,Chandvad,Onion,Red,FAQ,1200,2712,2200,01-Jan-25
15451,Chattrapati Sambhajinagar,Chattrapati Sambhajinagar,Onion,Other,FAQ,500,2900,1700,05-Jan-25
15452,Chattrapati Sambhajinagar,Chattrapati Sambhajinagar,Onion,Other,FAQ,700,2200,1450,18-Jan-25
15453,Chattrapati Sambhajinagar,Chattrapati Sambhajinagar,Onion,Other,FAQ,1200,3200,2200,20-Jan-25
15454,Thirssur,Chavakkad,Onion,Other,FAQ,3300,4400,4400,01-Feb-25
15455,Thirssur,Chavakkad,Onion,Other,FAQ,3400,4400,4400,14-Jan-25
15456,Thirssur,Chelakkara,Onion,Other,FAQ,4000,4500,4200,01-Feb-25
15457,Thirssur,Chelakkara,Onion,Other,FAQ,4500,5000,4800,29-Jan-25
15458,Thirssur,Chelakkara,Onion,Other,FAQ,5000,5500,5200,21-Jan-25
15459,Thiruvannamalai,Chengam(Uzhavar Sandhai ),Onion,Bellary,Local,4000,4800,4800,10-Jan-25
15460,Thiruvannamalai,Chengam(Uzhavar Sandhai ),Onion,Bellary,Local,4000,4800,4800,14-Jan-25
15461,Alappuzha,Chengannur,Onion,Onion,FAQ,3500,3800,3600,22-Jan-25
15462,Alappuzha,Chengannur,Onion,Onion,FAQ,3600,4000,3800,10-Jan-25
15463,Alappuzha,Chengannur,Onion,Onion,FAQ,3850,4100,4000,01-Jan-25
15464,Alappuzha,Chengannur,Onion,Onion,FAQ,3900,4200,4000,28-Jan-25
15465,Alappuzha,Chengannur,Onion,Onion,FAQ,4300,4600,4400,24-Jan-25
15466,Alappuzha,Chengannur,Onion,Small,FAQ,8700,9000,8800,24-Jan-25
15467,Alappuzha,Chengannur,Onion,Small,Non-FAQ,8900,9200,9000,17-Jan-25
15468,Alappuzha,Cherthala,Onion,Big,FAQ,4000,4500,4300,20-Jan-25
15469,Thiruvannamalai,Cheyyar(Uzhavar Sandhai ),Onion,Bellary,Local,3000,4000,4000,19-Jan-25
15470,Thiruvannamalai,Cheyyar(Uzhavar Sandhai ),Onion,Bellary,Local,3500,4200,4200,04-Jan-25
15471,Thiruvannamalai,Cheyyar(Uzhavar Sandhai ),Onion,Bellary,Local,4000,5000,5000,08-Jan-25
15472,Yamuna Nagar,Chhachrauli,Onion,Onion,FAQ,1800,2400,1800,12-Jan-25
15473,Yamuna Nagar,Chhachrauli,Onion,Onion,FAQ,2000,2700,2000,16-Jan-25
15474,Yamuna Nagar,Chhachrauli,Onion,Onion,FAQ,2600,2700,2600,01-Jan-25
15475,Kannuj,Chhibramau,Onion,Red,FAQ,2300,2400,2360,15-Jan-25
15476,Kolar,Chickkaballapura,Onion,Beelary-Red,FAQ,3000,3500,3200,21-Jan-25
15477,Saharanpur,Saharanpur,Onion,Red,FAQ,2200,2600,2400,19-Jan-25
15478,Siddharth Nagar,Sahiyapur,Onion,Red,FAQ,1250,1560,1300,16-Jan-25
15479,Siddharth Nagar,Sahiyapur,Onion,Red,FAQ,2200,2300,2250,01-Jan-25
15480,Ratlam,Sailana,Onion,Local,FAQ,1000,1000,1000,03-Jan-25
15481,Ratlam,Sailana,Onion,Medium,FAQ,1805,1805,1805,01-Feb-25
15482,Ratlam,Sailana(F&V),Onion,Local,FAQ,446,1800,1400,17-Jan-25
15483,Ratlam,Sailana(F&V),Onion,Local,FAQ,500,1783,1140,16-Jan-25
15484,Ratlam,Sailana(F&V),Onion,Local,FAQ,600,2329,1450,28-Jan-25
15485,Ratlam,Sailana(F&V),Onion,Local,FAQ,701,2450,1550,06-Jan-25
15486,Birbhum,Sainthia,Onion,Onion,FAQ,2500,2700,2600,19-Jan-25
15487,Raebarelli,Salon,Onion,1st Sort,Non-FAQ,2450,2460,2455,17-Jan-25
15488,Panipat,Samalkha,Onion,Local,FAQ,3000,3000,3000,03-Jan-25
15489,Sambhal,Sambhal,Onion,Red,FAQ,1200,1300,1250,27-Jan-25
15490,Sambhal,Sambhal,Onion,Red,FAQ,1200,1400,1250,22-Jan-25
15491,Sambhal,Sambhal,Onion,Red,FAQ,2000,2300,2250,12-Jan-25
15492,Ludhiana,Samrala,Onion,Other,FAQ,2000,2400,2200,08-Jan-25
15493,Malda,Samsi,Onion,Onion,FAQ,2000,2700,2400,20-Jan-25
15494,Khandwa,Sanawad(F&V),Onion,Onion,FAQ,1500,2000,1800,28-Jan-25
15495,Khandwa,Sanawad(F&V),Onion,Onion,FAQ,2500,3500,3000,06-Jan-25
15496,Hardoi,Sandi,Onion,Pusa-Red,FAQ,2200,2250,2220,30-Jan-25
15497,Hardoi,Sandila,Onion,Red,FAQ,2100,2200,2150,01-Feb-25
15498,Hardoi,Sandila,Onion,Red,FAQ,2140,2220,2180,31-Jan-25
15499,Hardoi,Sandila,Onion,Red,FAQ,2190,2280,2235,29-Jan-25
15500,Hardoi,Sandila,Onion,Red,FAQ,2360,2450,2410,11-Jan-25
15501,Ahmednagar,Sangamner,Onion,Red,FAQ,500,3000,1750,16-Jan-25
15502,Sangli,"Sangli(Phale, Bhajipura Market)",Onion,Local,FAQ,1000,3200,2100,15-Jan-25
15503,Hanumangarh,Sangriya,Onion,Onion,FAQ,2300,3500,2900,13-Jan-25
15504,Hanumangarh,Sangriya,Onion,Onion,FAQ,2300,3500,2900,21-Jan-25
15505,Sangrur,Sangrur,Onion,Onion,FAQ,2200,2800,2500,29-Jan-25
15506,Sangrur,Sangrur,Onion,Onion,FAQ,2200,2800,2500,30-Jan-25
15507,Sangrur,Sangrur,Onion,Onion,FAQ,2500,3000,2800,06-Jan-25
15508,Sangrur,Sangrur,Onion,Onion,FAQ,2500,3000,2800,15-Jan-25
15509,Tenkasi,Sankarankoil(Uzhavar Sandhai ),Onion,Bellary,Local,4000,5000,5000,03-Jan-25
15510,Tenkasi,Sankarankoil(Uzhavar Sandhai ),Onion,Bellary,Local,4500,5000,5000,30-Jan-25
15511,Tenkasi,Sankarankoil(Uzhavar Sandhai ),Onion,Bellary,Local,5000,5500,5500,28-Jan-25
15512,Kallakuruchi,Sankarapuram(Uzhavar Sandhai ),Onion,Bellary,Local,4000,5000,5000,01-Feb-25
15513,Una,Santoshgarh,Onion,Onion,FAQ,2200,2700,2450,30-Jan-25
15514,Sundergarh,Sargipali,Onion,Other,FAQ,1500,2000,1800,03-Jan-25
15515,Sundergarh,Sargipali,Onion,Other,Non-FAQ,2500,3000,2800,28-Jan-25
15516,Rohtas,Sasaram,Onion,Medium,FAQ,2200,2600,2400,12-Jan-25
15517,Satara,Satara,Onion,Other,FAQ,1000,2500,2250,11-Jan-25
15518,Erode,Sathiyamagalam(Uzhavar Sandhai ),Onion,Bellary,Local,4000,4500,4500,06-Jan-25
15519,Erode,Sathiyamagalam(Uzhavar Sandhai ),Onion,Bellary,Local,4400,4800,4800,16-Jan-25
15520,Virudhunagar,Sathur(Uzhavar Sandhai ),Onion,Bellary,Local,4000,4500,4500,04-Jan-25
15521,Virudhunagar,Sathur(Uzhavar Sandhai ),Onion,Bellary,Local,4000,5000,5000,14-Jan-25
15522,Gorakhpur,Sehjanwa,Onion,Red,FAQ,2290,2305,2300,02-Jan-25
15523,Gorakhpur,Sehjanwa,Onion,Red,FAQ,2290,2305,2300,20-Jan-25
15524,Gorakhpur,Sehjanwa,Onion,Red,FAQ,3190,3205,3200,04-Jan-25
15525,Sehore,Sehore,Onion,Onion,FAQ,1353,1353,1353,18-Jan-25
15526,Sehore,Sehore,Onion,Onion,FAQ,1715,1715,1715,16-Jan-25
15527,Badwani,Sendhwa(F&V),Onion,Red,FAQ,500,2000,1500,05-Jan-25
15528,Badwani,Sendhwa(F&V),Onion,Red,Non-FAQ,800,2000,1000,26-Jan-25
15529,Kurukshetra,Shahabad,Onion,Onion,FAQ,2000,3000,2500,04-Jan-25
15530,Hardoi,Shahabad(New Mandi),Onion,Red,FAQ,2650,2750,2700,03-Jan-25
15531,Delhi,Shahdara,Onion,Other,Non-FAQ,2100,2800,2400,28-Jan-25
15532,Jaunpur,Shahganj,Onion,Red,FAQ,2350,2450,2400,18-Jan-25
15533,Ambala,Shahzadpur,Onion,Local,FAQ,2000,2000,2000,03-Jan-25
15534,Ambala,Shahzadpur,Onion,Local,FAQ,2000,2000,2000,23-Jan-25
15535,Shajapur,Shajapur,Onion,Medium,FAQ,308,2691,1712,06-Jan-25
15536,Shajapur,Shajapur,Onion,Onion,FAQ,840,2055,2055,29-Jan-25
15537,Shajapur,Shajapur,Onion,Onion,FAQ,1200,1977,1977,21-Jan-25
15538,Shamli,Shamli,Onion,Red,FAQ,2200,2300,2250,29-Jan-25
15539,Shamli,Shamli,Onion,Red,FAQ,2350,2450,2400,19-Jan-25
15540,Shamli,Shamli,Onion,Red,FAQ,2380,2490,2435,18-Jan-25
15541,Hooghly,Sheoraphuly,Onion,Nasik,FAQ,3000,3200,3100,27-Jan-25
15542,Ahmednagar,Shevgaon,Onion,1st Sort,FAQ,2600,3500,2850,04-Jan-25
15543,Ahmednagar,Shevgaon,Onion,2nd Sort,FAQ,1000,1500,1300,11-Jan-25
15544,Ahmednagar,Shevgaon,Onion,2nd Sort,Local,1500,1900,1900,01-Feb-25
15545,Shimla,Shimla,Onion,1st Sort,FAQ,2600,3200,3000,17-Jan-25
15546,Shimla,Shimla,Onion,1st Sort,FAQ,2800,3500,3000,22-Jan-25
15547,Shimla,Shimla,Onion,1st Sort,FAQ,3000,3400,3000,24-Jan-25
15548,Shimla,Shimla,Onion,1st Sort,FAQ,3000,3500,3000,11-Jan-25
15549,Shimla,Shimla,Onion,1st Sort,FAQ,3400,4000,3500,04-Jan-25
15550,Shimla,Shimla,Onion,1st Sort,FAQ,3500,3700,3500,08-Jan-25
15551,Shimoga,Shimoga,Onion,Onion,FAQ,3300,4500,4000,22-Jan-25
15552,Shimoga,Shimoga,Onion,Onion,FAQ,3300,4500,4000,27-Jan-25
15553,Nashik,Shivsiddha Govind Producer Company Limited Sanchal,Onion,Red,FAQ,2000,2900,2500,08-Jan-25
15554,Nashik,Shivsiddha Govind Producer Company Limited Sanchal,Onion,Red,FAQ,2100,2800,2500,25-Jan-25
15555,Nashik,Shree Rameshwar Krushi Market ,Onion,Red,FAQ,400,3161,2031.29,03-Jan-25
15556,Ahmednagar,Shrigonda,Onion,Other,FAQ,500,2800,1900,24-Jan-25
15557,Ahmednagar,Shrigonda,Onion,Other,FAQ,600,3700,3200,05-Jan-25
15558,Shajapur,Shujalpur,Onion,Red,FAQ,401,2324,2324,08-Jan-25
15559,Shajapur,Shujalpur(F&V),Onion,Onion,FAQ,800,1607,1100,27-Jan-25
15560,Shajapur,Shujalpur(F&V),Onion,Onion,FAQ,800,2000,1300,09-Jan-25
15561,Bulandshahar,Sikanderabad,Onion,Medium,Non-FAQ,1500,2000,1800,25-Jan-25
15562,Bulandshahar,Sikanderabad,Onion,Medium,Non-FAQ,1800,2000,1900,24-Jan-25
15563,Sikar,Sikar,Onion,Onion,FAQ,1000,1700,1350,25-Jan-25
15564,Bulandshahar,Sikarpur,Onion,Red,FAQ,1200,1300,1250,31-Jan-25
15565,Bulandshahar,Sikarpur,Onion,Red,FAQ,1200,1400,1300,30-Jan-25
15566,Bulandshahar,Sikarpur,Onion,Red,FAQ,1300,1500,1400,18-Jan-25
15567,Gomati,Silachhari,Onion,Nasik,FAQ,3600,4000,3800,15-Jan-25
15568,Darjeeling,Siliguri,Onion,Other,FAQ,2800,3000,2900,06-Jan-25
15569,Darjeeling,Siliguri,Onion,Other,FAQ,3100,3300,3200,05-Jan-25
15570,Darjeeling,Siliguri,Onion,Other,FAQ,3100,3300,3200,07-Jan-25
15571,Sivaganga,Singampunari(Uzhavar Sandhai ),Onion,Bellary,Local,5000,5500,5500,17-Jan-25
15572,Sivaganga,Singampunari(Uzhavar Sandhai ),Onion,Bellary,Local,5000,5500,5500,24-Jan-25
15573,Sivaganga,Singampunari(Uzhavar Sandhai ),Onion,Bellary,Local,5000,5500,5500,25-Jan-25
15574,Coimbatore,Singanallur(Uzhavar Sandhai ),Onion,Bellary,Local,4000,4500,4500,10-Jan-25
15575,Fatehgarh,Sirhind,Onion,Other,FAQ,2000,3000,2500,07-Jan-25
15576,Fatehgarh,Sirhind,Onion,Other,FAQ,2200,2800,2500,23-Jan-25
15577,Fatehgarh,Sirhind,Onion,Other,FAQ,2300,2600,2500,30-Jan-25
15578,Nagapattinam,Sirkali(Uzhavar Sandhai ),Onion,Bellary,Local,4000,5000,5000,13-Jan-25
15579,Nagapattinam,Sirkali(Uzhavar Sandhai ),Onion,Bellary,Local,4500,5000,5000,18-Jan-25
15580,Bhatinda,Rampuraphul(Nabha Mandi),Onion,Other,Non-FAQ,2000,3000,2500,28-Jan-25
15581,Saharanpur,Rampurmaniharan,Onion,Red,Non-FAQ,2100,2300,2200,29-Jan-25
15582,Nagpur,Ramtek,Onion,Other,FAQ,2000,2400,2200,01-Jan-25
15583,Nadia,Ranaghat,Onion,Other,FAQ,2900,3050,3000,21-Jan-25
15584,Sirsa,Rania,Onion,Other,FAQ,1200,1400,1300,28-Jan-25
15585,Sirsa,Rania,Onion,Other,FAQ,1300,1500,1400,27-Jan-25
15586,Sirsa,Rania,Onion,Other,FAQ,1400,1600,1500,20-Jan-25
15587,Sirsa,Rania,Onion,Other,FAQ,1600,1800,1700,09-Jan-25
15588,Sirsa,Rania,Onion,Other,FAQ,1600,1890,1800,12-Jan-25
15589,Ballia,Rasda,Onion,Red,FAQ,2380,2515,2445,09-Jan-25
15590,Namakkal,Rasipuram(Uzhavar Sandhai ),Onion,Bellary,Local,4200,5000,5000,27-Jan-25
15591,Namakkal,Rasipuram(Uzhavar Sandhai ),Onion,Bellary,Local,4500,5000,5000,25-Jan-25
15592,Fatehabad,Ratia,Onion,Other,FAQ,1500,1800,1600,11-Jan-25
15593,Fatehabad,Ratia,Onion,Other,FAQ,1600,2200,2000,21-Jan-25
15594,Fatehabad,Ratia,Onion,Other,FAQ,1800,2000,1900,04-Jan-25
15595,Fatehabad,Ratia,Onion,Other,FAQ,1800,2200,2000,13-Jan-25
15596,Ratlam,Ratlam,Onion,Onion,FAQ,100,11800,500,13-Jan-25
15597,Ratlam,Ratlam,Onion,Onion,FAQ,801,2500,1700,24-Jan-25
15598,Hanumangarh,Rawatsar,Onion,1st Sort,FAQ,2100,2100,2100,07-Jan-25
15599,Rayagada,Rayagada,Onion,Other,FAQ,3100,3200,3200,01-Feb-25
15600,Rayagada,Rayagada,Onion,Other,FAQ,3500,3600,3600,06-Jan-25
15601,Rewari,Rewari,Onion,Medium,FAQ,1000,3000,2000,07-Jan-25
15602,Rewari,Rewari,Onion,Medium,Non-FAQ,1000,2400,1700,18-Jan-25
15603,Dehradoon,Rishikesh,Onion,Other,Non-FAQ,2200,2850,2600,17-Jan-25
15604,Sonbhadra,Robertsganj,Onion,Red,FAQ,2015,2210,2100,31-Jan-25
15605,Sonbhadra,Robertsganj,Onion,Red,FAQ,2050,2230,2160,02-Jan-25
15606,Sonbhadra,Robertsganj,Onion,Red,FAQ,2215,2430,2300,06-Jan-25
15607,Sonbhadra,Robertsganj,Onion,Red,FAQ,2360,2550,2435,11-Jan-25
15608,Shimla,Rohroo,Onion,1st Sort,FAQ,3500,3800,3500,28-Jan-25
15609,Rohtak,Rohtak,Onion,Other,FAQ,600,1000,800,16-Jan-25
15610,Rohtak,Rohtak,Onion,Other,FAQ,800,1500,1200,10-Jan-25
15611,Rohtak,Rohtak,Onion,Other,FAQ,1000,1500,1200,23-Jan-25
15612,Coimbatore,RSPuram(Uzhavar Sandhai ),Onion,Bellary,Local,3700,4000,4000,02-Jan-25
15613,Morena,Sabalgarh(F&V),Onion,Onion,FAQ,900,1000,950,01-Jan-25
15614,Morena,Sabalgarh(F&V),Onion,Onion,FAQ,900,1000,950,07-Jan-25
15615,Morena,Sabalgarh(F&V),Onion,Onion,FAQ,900,1000,950,09-Jan-25
15616,Yamuna Nagar,Sadhaura,Onion,Onion,FAQ,1500,2000,1800,07-Jan-25
15617,Yamuna Nagar,Sadhaura,Onion,Onion,FAQ,1800,2500,2000,10-Jan-25
15618,Yamuna Nagar,Sadhaura,Onion,Onion,FAQ,1800,2500,2200,20-Jan-25
15619,Barabanki,Safdarganj,Onion,Red,FAQ,2200,2300,2250,25-Jan-25
15620,Barabanki,Safdarganj,Onion,Red,FAQ,2300,2340,2320,13-Jan-25
15621,Barabanki,Safdarganj,Onion,Red,FAQ,2300,2380,2360,17-Jan-25
15622,Saharanpur,Saharanpur,Onion,Red,Non-FAQ,1000,2000,1500,29-Jan-25
15623,Siddharth Nagar,Sahiyapur,Onion,Red,FAQ,1500,1850,1510,09-Jan-25
15624,Siddharth Nagar,Sahiyapur,Onion,Red,FAQ,1900,1980,1910,29-Jan-25
15625,Siddharth Nagar,Sahiyapur,Onion,Red,FAQ,1900,2050,1980,25-Jan-25
15626,Siddharth Nagar,Sahiyapur,Onion,Red,FAQ,2010,2100,2010,04-Jan-25
15627,Ratlam,Sailana,Onion,Local,FAQ,847,847,847,23-Jan-25
15628,Ratlam,Sailana,Onion,Local,FAQ,1271,1271,1271,27-Jan-25
15629,Birbhum,Sainthia,Onion,Onion,FAQ,2500,2700,2600,16-Jan-25
15630,Birbhum,Sainthia,Onion,Onion,FAQ,2600,2800,2700,07-Jan-25
15631,Birbhum,Sainthia,Onion,Onion,FAQ,2600,2800,2700,09-Jan-25
15632,Raebarelli,Salon,Onion,1st Sort,Non-FAQ,2300,2325,2320,21-Jan-25
15633,Howrah,Ramkrishanpur(Howrah),Onion,Other,FAQ,3200,3800,3600,22-Jan-25
15634,Nanital,Ramnagar,Onion,Other,FAQ,1100,1300,1200,24-Jan-25
15635,Rampur,Rampur,Onion,Red,FAQ,2210,2310,2250,18-Jan-25
15636,Rampur,Rampur,Onion,Red,FAQ,2250,2340,2290,12-Jan-25
15637,Bhatinda,Rampuraphul(Nabha Mandi),Onion,Other,FAQ,3000,4000,3500,09-Jan-25
15638,Bhatinda,Rampuraphul(Nabha Mandi),Onion,Other,FAQ,3000,4000,3500,14-Jan-25
15639,Birbhum,Rampurhat,Onion,Nasik,FAQ,2400,2500,2450,19-Jan-25
15640,Nadia,Ranaghat,Onion,Other,FAQ,2800,3000,2900,20-Jan-25
15641,Nadia,Ranaghat,Onion,Other,FAQ,3200,3350,3300,13-Jan-25
15642,Nadia,Ranaghat,Onion,Other,FAQ,3400,3550,3500,07-Jan-25
15643,Sirsa,Rania,Onion,Other,FAQ,1500,1700,1600,21-Jan-25
15644,Sirsa,Rania,Onion,Other,FAQ,1800,2000,1900,16-Jan-25
15645,Ranipet,Ranipettai(Uzhavar Sandhai ),Onion,Bellary,Local,3500,4800,4800,15-Jan-25
15646,Ranipet,Ranipettai(Uzhavar Sandhai ),Onion,Bellary,Local,4000,4800,4800,13-Jan-25
15647,Ranipet,Ranipettai(Uzhavar Sandhai ),Onion,Bellary,Local,4500,4500,4500,29-Jan-25
15648,Ballia,Rasda,Onion,Red,FAQ,2165,2290,2210,27-Jan-25
15649,Namakkal,Rasipuram(Uzhavar Sandhai ),Onion,Bellary,Local,4400,5000,5000,30-Jan-25
15650,Fatehabad,Ratia,Onion,Other,FAQ,1800,1800,1800,24-Jan-25
15651,Fatehabad,Ratia,Onion,Other,FAQ,2300,2300,2300,14-Jan-25
15652,Ratlam,Ratlam,Onion,Nasik,FAQ,300,1662,1662,10-Jan-25
15653,Ratlam,Ratlam,Onion,Nasik,FAQ,1810,2190,2103,27-Jan-25
15654,Ratlam,Ratlam,Onion,Onion,FAQ,100,2192,1200,10-Jan-25
15655,Ratlam,Ratlam,Onion,Onion,Non-FAQ,582,2414,1700,24-Jan-25
15656,Hanumangarh,Rawatsar,Onion,1st Sort,FAQ,2000,2000,2000,04-Jan-25
15657,Hanumangarh,Rawatsar,Onion,1st Sort,FAQ,2200,2200,2200,22-Jan-25
15658,Rayagada,Rayagada,Onion,Other,FAQ,3100,3200,3200,20-Jan-25
15659,Amritsar,Rayya,Onion,Red,FAQ,1700,1700,1700,22-Jan-25
15660,Rewari,Rewari,Onion,Medium,Non-FAQ,1000,3000,2000,30-Jan-25
15661,Dehradoon,Rishikesh,Onion,Other,FAQ,2200,2800,2600,16-Jan-25
15662,Dehradoon,Rishikesh,Onion,Other,FAQ,2600,2850,2800,12-Jan-25
15663,Dehradoon,Rishikesh,Onion,Other,FAQ,2600,2850,2800,13-Jan-25
15664,Dehradoon,Rishikesh,Onion,Other,FAQ,2600,3000,2850,11-Jan-25
15665,Sonbhadra,Robertsganj,Onion,Red,FAQ,2365,2515,2440,14-Jan-25
15666,Sonbhadra,Robertsganj,Onion,Red,Non-FAQ,2070,2250,2160,25-Jan-25
15667,Haridwar,Roorkee,Onion,Other,FAQ,2000,4000,3000,11-Jan-25
15668,Haridwar,Roorkee,Onion,Other,FAQ,2000,4000,3000,13-Jan-25
15669,Haridwar,Roorkee,Onion,Other,FAQ,2000,4000,3000,15-Jan-25
15670,Haridwar,Roorkee,Onion,Other,FAQ,2000,4000,3000,22-Jan-25
15671,Haridwar,Roorkee,Onion,Other,FAQ,2000,4009,3000,04-Jan-25
15672,Haridwar,Roorkee,Onion,Other,FAQ,2500,3500,3000,16-Jan-25
15673,Ropar (Rupnagar),Ropar,Onion,Other,FAQ,2200,2600,2400,24-Jan-25
15674,Coimbatore,RSPuram(Uzhavar Sandhai ),Onion,Bellary,Local,3400,3800,3800,01-Feb-25
15675,Coimbatore,RSPuram(Uzhavar Sandhai ),Onion,Bellary,Local,3600,3900,3900,12-Jan-25
15676,Ayodhya,Rudauli,Onion,Onion,FAQ,2200,2400,2300,21-Jan-25
15677,Ayodhya,Rudauli,Onion,Red,FAQ,2200,2400,2300,12-Jan-25
15678,Ayodhya,Rudauli,Onion,Red,FAQ,2200,2400,2300,30-Jan-25
15679,UdhamSinghNagar,Rudrapur,Onion,Other,FAQ,2000,2500,2200,01-Jan-25
15680,UdhamSinghNagar,Rudrapur,Onion,Other,FAQ,2200,2800,2500,29-Jan-25
15681,Medak,Sadasivpet,Onion,1st Sort,FAQ,1369,2900,2019,08-Jan-25
15682,Medak,Sadasivpet,Onion,1st Sort,FAQ,1652,3260,3260,02-Jan-25
15683,Medak,Sadasivpet,Onion,1st Sort,Non-FAQ,909,2569,2269,21-Jan-25
15684,Yamuna Nagar,Sadhaura,Onion,Onion,FAQ,2000,2500,2200,09-Jan-25
15685,Thiruvarur,Valangaiman,Onion,Bellary,Local,4600,4600,4600,31-Jan-25
15686,Idukki,Vandiperiyar,Onion,Big,FAQ,4000,4200,4200,23-Jan-25
15687,Idukki,Vandiperiyar,Onion,Big,FAQ,4200,4400,4400,16-Jan-25
15688,Idukki,Vandiperiyar,Onion,Big,FAQ,4200,4400,4400,21-Jan-25
15689,Idukki,Vandiperiyar,Onion,Big,FAQ,4500,4600,4600,09-Jan-25
15690,Idukki,Vandiperiyar,Onion,Small,FAQ,6500,6800,6800,15-Jan-25
15691,Thirupathur,Vaniyampadi(Uzhavar Sandhai ),Onion,Bellary,Local,4000,4000,4000,26-Jan-25
15692,Thirupathur,Vaniyampadi(Uzhavar Sandhai ),Onion,Bellary,Local,5000,5000,5000,05-Jan-25
15693,Varanasi,Varanasi,Onion,Red,FAQ,2100,2235,2150,02-Jan-25
15694,Varanasi,Varanasi,Onion,Red,FAQ,2325,2475,2400,16-Jan-25
15695,Varanasi,Varanasi,Onion,Red,FAQ,2425,2550,2490,10-Jan-25
15696,Mumbai,Vashi New Mumbai,Onion,Other,FAQ,500,3200,1850,02-Jan-25
15697,Mumbai,Vashi New Mumbai,Onion,Other,FAQ,1000,3000,2000,24-Jan-25
15698,Dindigul,Vedasanthur(Uzhavar Sandhai ),Onion,Bellary,Local,4000,5000,5000,25-Jan-25
15699,Karur,Velayuthampalayam(Uzhavar Sandhai ),Onion,Bellary,Local,4000,5000,5000,01-Jan-25
15700,Karur,Velayuthampalayam(Uzhavar Sandhai ),Onion,Bellary,Local,4000,5000,5000,29-Jan-25
15701,Vellore,Vellore,Onion,Bellary,Local,3800,4000,4000,28-Jan-25
15702,Vellore,Vellore,Onion,Bellary,Local,4400,4400,4400,25-Jan-25
15703,Vellore,Vellore,Onion,Bellary,Local,4400,4500,4500,07-Jan-25
15704,Kozhikode(Calicut),Vengeri(Kozhikode),Onion,Onion,FAQ,3200,0,3500,10-Jan-25
15705,Kozhikode(Calicut),Vengeri(Kozhikode),Onion,Onion,FAQ,3400,3700,3700,25-Jan-25
15706,Dehradoon,Vikasnagar,Onion,Other,FAQ,1100,1100,1100,06-Jan-25
15707,Dehradoon,Vikasnagar,Onion,Other,Non-FAQ,900,1000,1000,26-Jan-25
15708,Dehradoon,Vikasnagar,Onion,Other,Non-FAQ,1100,1100,1100,27-Jan-25
15709,Pudukkottai,Viralimalai(Uzhavar Sandhai ),Onion,Bellary,Local,4200,5000,5000,01-Feb-25
15710,Pudukkottai,Viralimalai(Uzhavar Sandhai ),Onion,Bellary,Local,5000,6000,6000,10-Jan-25
15711,Pudukkottai,Viralimalai(Uzhavar Sandhai ),Onion,Bellary,Local,6000,6500,6500,22-Jan-25
15712,Virudhunagar,Virudhunagar(Uzhavar Sandhai ),Onion,Bellary,Local,4500,4600,4600,26-Jan-25
15713,Cuddalore,Viruthachalam(Uzhavar Sandhai ),Onion,Bellary,Local,4000,4000,4000,23-Jan-25
15714,Cuddalore,Viruthachalam(Uzhavar Sandhai ),Onion,Bellary,Local,4000,4000,4000,31-Jan-25
15715,Junagarh,Visavadar,Onion,Onion,FAQ,600,2030,1315,09-Jan-25
15716,Pillibhit,Vishalpur,Onion,Red,FAQ,2220,2280,2250,18-Jan-25
15717,Pillibhit,Vishalpur,Onion,Red,FAQ,2300,2350,2320,01-Feb-25
15718,Sitapur,Viswan,Onion,Red,FAQ,2220,2260,2240,29-Jan-25
15719,Sitapur,Viswan,Onion,Red,FAQ,2340,2380,2360,20-Jan-25
15720,Badaun,Wazirganj,Onion,Red,FAQ,2050,2125,2100,21-Jan-25
15721,Badaun,Wazirganj,Onion,Red,FAQ,2125,2250,2200,23-Jan-25
15722,Badaun,Wazirganj,Onion,Red,FAQ,2200,2250,2225,11-Jan-25
15723,Jalgaon,Yawal,Onion,Red,FAQ,1200,1600,1400,08-Jan-25
15724,Jalgaon,Yawal,Onion,Red,Local,1230,1600,1300,29-Jan-25
15725,Ferozpur,Zira,Onion,Local,FAQ,2000,3000,2500,02-Jan-25
15726,Ferozpur,Zira,Onion,Local,FAQ,2400,2800,2600,31-Jan-25
15727,Kolar,Chickkaballapura,Onion,Beelary-Red,FAQ,3000,3500,3300,18-Jan-25
15728,Kolar,Chickkaballapura,Onion,Beelary-Red,FAQ,3400,3600,3500,27-Jan-25
15729,Kolar,Chickkaballapura,Onion,Beelary-Red,Ref grade-1,3000,3200,3100,31-Jan-25
15730,Cuddalore,Chidambaram(Uzhavar Sandhai ),Onion,Bellary,Local,4000,4000,4000,20-Jan-25
15731,Chikmagalur,Chikkamagalore,Onion,Other,FAQ,3133,3333,3233,21-Jan-25
15732,Chikmagalur,Chikkamagalore,Onion,Other,FAQ,3689,4089,3889,08-Jan-25
15733,Dindigul,Chinnalapatti(Uzhavar Sandhai ),Onion,Bellary,Local,4000,4800,4800,19-Jan-25
15734,Dindigul,Chinnalapatti(Uzhavar Sandhai ),Onion,Bellary,Local,5000,5600,5600,09-Jan-25
15735,Dindigul,Chinnalapatti(Uzhavar Sandhai ),Onion,Bellary,Local,5000,5600,5600,11-Jan-25
15736,Madurai,Chokkikulam(Uzhavar Sandhai ),Onion,Bellary,Local,4500,5000,5000,29-Jan-25
15737,Jaipur Rural,Chomu (F&V),Onion,Other,FAQ,1600,2400,2000,09-Jan-25
15738,Jaipur Rural,Chomu (F&V),Onion,Other,Non-FAQ,1600,2200,1900,26-Jan-25
15739,Jaipur Rural,Chomu (F&V),Onion,Other,Non-FAQ,1600,2200,1900,29-Jan-25
15740,Jaipur Rural,Chomu (F&V),Onion,Other,Non-FAQ,1600,2200,1900,30-Jan-25
15741,Gorakhpur,Chorichora,Onion,Red,Non-FAQ,2500,2800,2600,20-Jan-25
15742,Kanpur,Choubepur,Onion,Red,FAQ,2050,2250,2150,30-Jan-25
15743,Kanpur,Choubepur,Onion,Red,FAQ,2300,2400,2350,11-Jan-25
15744,Kanpur,Choubepur,Onion,Red,FAQ,2600,2800,2700,04-Jan-25
15745,Mayurbhanja,Chuliaposi,Onion,1st Sort,FAQ,3400,3500,3500,30-Jan-25
15746,Mayurbhanja,Chuliaposi,Onion,1st Sort,FAQ,3600,3700,3600,08-Jan-25
15747,Mayurbhanja,Chuliaposi,Onion,1st Sort,FAQ,3600,3700,3700,05-Jan-25
15748,Coochbehar,Coochbehar,Onion,Other,FAQ,1900,2100,2000,21-Jan-25
15749,Coochbehar,Coochbehar,Onion,Other,FAQ,2200,2400,2300,16-Jan-25
15750,The Nilgiris,Coonoor(Uzhavar Sandhai ),Onion,Bellary,Local,4000,5000,5000,12-Jan-25
15751,The Nilgiris,Coonoor(Uzhavar Sandhai ),Onion,Bellary,Local,4000,5000,5000,30-Jan-25
15752,The Nilgiris,Coonoor(Uzhavar Sandhai ),Onion,Bellary,Local,4500,5000,5000,11-Jan-25
15753,The Nilgiris,Coonoor(Uzhavar Sandhai ),Onion,Bellary,Local,5000,5500,5500,07-Jan-25
15754,Cuddalore,Cuddalore(Uzhavar Sandhai ),Onion,Bellary,Local,4000,5000,5000,12-Jan-25
15755,Cuddalore,Cuddalore(Uzhavar Sandhai ),Onion,Bellary,Local,4000,5000,5000,17-Jan-25
15756,Cuddalore,Cuddalore(Uzhavar Sandhai ),Onion,Bellary,Local,4000,5000,5000,30-Jan-25
15757,Cuddalore,Cuddalore(Uzhavar Sandhai ),Onion,Bellary,Local,4000,5500,5500,16-Jan-25
15758,Sirsa,Dabwali,Onion,Other,FAQ,1500,2200,1800,23-Jan-25
15759,Gautam Budh Nagar,Dadri,Onion,Red,Non-FAQ,1800,1970,1890,31-Jan-25
15760,Dahod,Dahod(Veg. Market),Onion,Onion,FAQ,1200,2800,2000,09-Jan-25
15761,Dahod,Dahod(Veg. Market),Onion,Onion,FAQ,1200,3000,2500,10-Jan-25
15762,Dahod,Dahod(Veg. Market),Onion,Onion,FAQ,1500,2500,2000,13-Jan-25
15763,Patna,Danapur,Onion,Medium,FAQ,3400,3800,3600,12-Jan-25
15764,Gautam Budh Nagar,Dankaur,Onion,Red,FAQ,2310,2655,2455,07-Jan-25
15765,Hoshiarpur,Dasuya,Onion,Other,FAQ,2400,2800,2600,24-Jan-25
15766,Davangere,Davangere,Onion,Onion,FAQ,1000,3750,2200,28-Jan-25
15767,Davangere,Davangere,Onion,Onion,FAQ,1000,3800,2500,22-Jan-25
15768,Davangere,Davangere,Onion,Onion,FAQ,1000,4800,3000,15-Jan-25
15769,Davangere,Davangere,Onion,Onion,Ref grade-1,1000,3600,2300,01-Feb-25
15770,Dehradoon,Dehradoon,Onion,Nasik,FAQ,1400,1800,1500,14-Jan-25
15771,Dehradoon,Dehradoon,Onion,Nasik,FAQ,1600,2500,2200,15-Jan-25
15772,Dehradoon,Dehradoon,Onion,Nasik,FAQ,1800,2500,2200,01-Feb-25
15773,Krishnagiri,Denkanikottai(Uzhavar Sandhai ),Onion,Bellary,Local,4000,4500,4500,06-Jan-25
15774,Sagar,Deori,Onion,Onion,FAQ,950,1100,1100,30-Jan-25
15775,Sagar,Deori,Onion,Onion,FAQ,1000,1000,1000,08-Jan-25
15776,Yamuna Nagar,Sadhaura,Onion,Onion,FAQ,2000,2500,2200,11-Jan-25
15777,Yamuna Nagar,Sadhaura,Onion,Onion,FAQ,2000,2500,2200,12-Jan-25
15778,Saharanpur,Saharanpur,Onion,Red,FAQ,2000,2500,2250,29-Jan-25
15779,Saharanpur,Saharanpur,Onion,Red,FAQ,2100,2500,2300,25-Jan-25
15780,Siddharth Nagar,Sahiyapur,Onion,Red,FAQ,1400,1450,1410,11-Jan-25
15781,Ludhiana,Sahnewal,Onion,Onion,FAQ,2700,2700,2700,10-Jan-25
15782,Ratlam,Sailana,Onion,Medium,FAQ,446,1800,1400,17-Jan-25
15783,Ratlam,Sailana,Onion,Medium,FAQ,800,11401,1251,10-Jan-25
15784,Ratlam,Sailana,Onion,Onion,FAQ,1678,1678,1678,03-Jan-25
15785,Birbhum,Sainthia,Onion,Onion,FAQ,2400,2600,2500,03-Jan-25
15786,Birbhum,Sainthia,Onion,Onion,FAQ,2600,2800,2700,27-Jan-25
15787,Birbhum,Sainthia,Onion,Onion,FAQ,2600,2800,2700,31-Jan-25
15788,Panipat,Samalkha,Onion,Local,FAQ,2000,2000,2000,22-Jan-25
15789,Panipat,Samalkha,Onion,Local,FAQ,2000,3000,3000,07-Jan-25
15790,Sambhal,Sambhal,Onion,Red,FAQ,2000,2250,2050,13-Jan-25
15791,Sambhal,Sambhal,Onion,Red,FAQ,2000,2300,2250,17-Jan-25
15792,Erode,Sampath Nagar(Uzhavar Sandhai ),Onion,Bellary,Local,3800,4200,4200,17-Jan-25
15793,Erode,Sampath Nagar(Uzhavar Sandhai ),Onion,Bellary,Local,4200,4800,4800,22-Jan-25
15794,Malda,Samsi,Onion,Onion,FAQ,2000,2800,2500,30-Jan-25
15795,Khandwa,Sanawad(F&V),Onion,Onion,FAQ,1800,2500,2000,26-Jan-25
15796,Khandwa,Sanawad(F&V),Onion,Onion,FAQ,2000,3000,2500,08-Jan-25
15797,Khandwa,Sanawad(F&V),Onion,Onion,FAQ,2000,3000,2500,13-Jan-25
15798,Khandwa,Sanawad(F&V),Onion,Onion,FAQ,2500,3500,3000,09-Jan-25
15799,Hardoi,Sandi,Onion,Pusa-Red,FAQ,2280,2350,2320,23-Jan-25
15800,Hardoi,Sandi,Onion,Pusa-Red,FAQ,2300,2400,2360,17-Jan-25
15801,Hardoi,Sandila,Onion,Red,FAQ,2280,2360,2320,22-Jan-25
15802,Hardoi,Sandila,Onion,Red,FAQ,2380,2460,2420,14-Jan-25
15803,Hardoi,Sandila,Onion,Red,FAQ,2500,2600,2550,03-Jan-25
15804,Hanumangarh,Sangriya,Onion,Onion,FAQ,2100,2900,2600,02-Jan-25
15805,Hanumangarh,Sangriya,Onion,Onion,FAQ,2100,3200,2600,09-Jan-25
15806,Hanumangarh,Sangriya,Onion,Onion,FAQ,2300,2900,2700,04-Jan-25
15807,Tenkasi,Sankarankoil(Uzhavar Sandhai ),Onion,Bellary,Local,4500,5000,5000,02-Jan-25
15808,Tenkasi,Sankarankoil(Uzhavar Sandhai ),Onion,Bellary,Local,4500,5000,5000,20-Jan-25
15809,Kallakuruchi,Sankarapuram(Uzhavar Sandhai ),Onion,Bellary,Local,4000,5000,5000,19-Jan-25
15810,Kallakuruchi,Sankarapuram(Uzhavar Sandhai ),Onion,Bellary,Local,4000,5000,5000,22-Jan-25
15811,Una,Santoshgarh,Onion,Onion,FAQ,2400,2700,2550,27-Jan-25
15812,Una,Santoshgarh,Onion,Onion,FAQ,2500,2800,2650,31-Jan-25
15813,Sundergarh,Sargipali,Onion,Other,FAQ,3000,3500,3200,15-Jan-25
15814,Sundergarh,Sargipali,Onion,Other,Non-FAQ,2800,3200,3000,18-Jan-25
15815,Rohtas,Sasaram,Onion,Medium,FAQ,1800,2200,2000,28-Jan-25
15816,Rohtas,Sasaram,Onion,Medium,FAQ,2100,2500,2300,10-Jan-25
15817,Satara,Satara,Onion,Other,FAQ,1000,3000,2000,18-Jan-25
15818,Satara,Satara,Onion,Other,FAQ,1000,3200,2100,21-Jan-25
15819,Satara,Satara,Onion,Other,FAQ,1000,3200,2100,22-Jan-25
15820,Erode,Sathiyamagalam(Uzhavar Sandhai ),Onion,Bellary,Local,4000,4500,4500,19-Jan-25
15821,Erode,Sathiyamagalam(Uzhavar Sandhai ),Onion,Bellary,Local,4000,4500,4500,27-Jan-25
15822,Virudhunagar,Sathur(Uzhavar Sandhai ),Onion,Bellary,Local,4000,4500,4500,19-Jan-25
15823,Virudhunagar,Sathur(Uzhavar Sandhai ),Onion,Bellary,Local,4000,4500,4500,27-Jan-25
15824,Virudhunagar,Sathur(Uzhavar Sandhai ),Onion,Bellary,Local,4000,4500,4500,31-Jan-25
15825,Virudhunagar,Sathur(Uzhavar Sandhai ),Onion,Bellary,Local,4000,5000,5000,24-Jan-25
15826,Gorakhpur,Sehjanwa,Onion,Red,FAQ,3190,3205,3200,22-Jan-25
15827,Sitapur,Sitapur,Onion,Red,FAQ,1600,2250,2150,31-Jan-25
15828,Sitapur,Sitapur,Onion,Red,FAQ,1600,2400,2300,22-Jan-25
15829,Sitapur,Sitapur,Onion,Red,FAQ,1600,2400,2320,25-Jan-25
15830,UdhamSinghNagar,Sitarganj,Onion,Other,Non-FAQ,1500,2000,1800,18-Jan-25
15831,Mandsaur,Sitmau,Onion,Onion,FAQ,600,1640,1200,10-Jan-25
15832,Mandsaur,Sitmau,Onion,Onion,FAQ,600,1800,1400,21-Jan-25
15833,Sivaganga,Sivagangai (Uzhavar Sandhai ),Onion,Bellary,Local,5000,5200,5200,26-Jan-25
15834,Sivaganga,Sivagangai (Uzhavar Sandhai ),Onion,Bellary,Local,5000,5200,5200,27-Jan-25
15835,Sivaganga,Sivagangai (Uzhavar Sandhai ),Onion,Bellary,Local,5000,5600,5600,08-Jan-25
15836,Virudhunagar,Sivakasi(Uzhavar Sandhai ),Onion,Bellary,Local,3500,4000,4000,11-Jan-25
15837,Virudhunagar,Sivakasi(Uzhavar Sandhai ),Onion,Bellary,Local,3800,4000,4000,05-Jan-25
15838,Virudhunagar,Sivakasi(Uzhavar Sandhai ),Onion,Bellary,Local,4400,4500,4500,21-Jan-25
15839,Virudhunagar,Sivakasi(Uzhavar Sandhai ),Onion,Bellary,Local,4400,4500,4500,22-Jan-25
15840,Kaithal,Siwan,Onion,Other,FAQ,2600,2750,2700,30-Jan-25
15841,Bulandshahar,Siyana,Onion,Red,FAQ,2100,2230,2170,29-Jan-25
15842,Gurgaon,Sohna,Onion,Onion,FAQ,2000,2400,2400,24-Jan-25
15843,Solan,Solan,Onion,Other,FAQ,2500,3300,2600,03-Jan-25
15844,Solan,Solan,Onion,Other,FAQ,2700,3200,2900,04-Jan-25
15845,Solan,Solan(Nalagarh),Onion,Other,FAQ,2600,3000,2800,27-Jan-25
15846,Solan,Solan(Nalagarh),Onion,Other,FAQ,3000,3200,3100,01-Feb-25
15847,Sholapur,Solapur,Onion,Red,FAQ,200,4000,1900,06-Jan-25
15848,Sholapur,Solapur,Onion,Red,FAQ,300,3350,1500,15-Jan-25
15849,Sholapur,Solapur,Onion,Red,FAQ,300,3600,1700,08-Jan-25
15850,Sholapur,Solapur,Onion,Red,Local,300,3600,1900,28-Jan-25
15851,Sonipat,Sonepat,Onion,Other,FAQ,2500,2700,2500,28-Jan-25
15852,Sonipat,Sonepat(Kharkhoda),Onion,Other,FAQ,1800,2400,2000,31-Jan-25
15853,Sonipat,Sonepat(Kharkhoda),Onion,Other,FAQ,1800,2400,2200,24-Jan-25
15854,Salem,Sooramangalam(Uzhavar Sandhai ),Onion,Bellary,Local,4500,5000,5000,19-Jan-25
15855,Salem,Sooramangalam(Uzhavar Sandhai ),Onion,Bellary,Local,5000,5500,5500,16-Jan-25
15856,Salem,Sooramangalam(Uzhavar Sandhai ),Onion,Bellary,Local,5500,6000,6000,09-Jan-25
15857,Shajapur,Soyatkalan,Onion,Onion,FAQ,700,1680,1680,23-Jan-25
15858,Ganganagar,Sriganganagar (F&V),Onion,Other,FAQ,2400,2800,2600,15-Jan-25
15859,Ganganagar,Sriganganagar (F&V),Onion,Other,FAQ,2600,3000,2800,18-Jan-25
15860,Virudhunagar,Srivilliputhur(Uzhavar Sandhai ),Onion,Bellary,Local,4000,5000,5000,05-Jan-25
15861,Churu,Sujangarh,Onion,Other,FAQ,2000,2200,2100,16-Jan-25
15862,Churu,Sujangarh,Onion,Other,FAQ,2000,2200,2100,21-Jan-25
15863,Amethi,Sultanpur,Onion,Red,FAQ,2255,2350,2300,24-Jan-25
15864,Coimbatore,Sulur(Uzhavar Sandhai ),Onion,Bellary,Local,3500,4000,4000,02-Jan-25
15865,Coimbatore,Sulur(Uzhavar Sandhai ),Onion,Bellary,Local,4000,4200,4200,03-Jan-25
15866,Coimbatore,Sulur(Uzhavar Sandhai ),Onion,Bellary,Local,4000,4500,4500,08-Jan-25
15867,Coimbatore,Sulur(Uzhavar Sandhai ),Onion,Bellary,Local,4000,4500,4500,26-Jan-25
15868,Sangrur,Sunam,Onion,Nasik,FAQ,1800,2200,2000,06-Jan-25
15869,Sangrur,Sunam,Onion,Nasik,FAQ,2000,2500,2200,20-Jan-25
15870,Coimbatore,Sundarapuram(Uzhavar Sandhai ),Onion,Bellary,Local,3200,3600,3600,18-Jan-25
15871,Surat,Surat,Onion,Other,FAQ,1000,2700,1850,15-Jan-25
15872,Ganganagar,Suratgarh,Onion,1st Sort,FAQ,1500,1800,1600,09-Jan-25
15873,Ganganagar,Suratgarh,Onion,1st Sort,FAQ,1500,1800,1600,18-Jan-25
15874,Ganganagar,Suratgarh,Onion,1st Sort,Non-FAQ,1400,1600,1500,31-Jan-25
15875,Samastipur,Tajpur,Onion,Medium,FAQ,2400,2500,2500,30-Jan-25
15876,Bhavnagar,Taleja,Onion,Red,FAQ,850,2280,1565,13-Jan-25
15877,Hathras,Shadabad,Onion,Red,FAQ,3100,3200,3150,20-Jan-25
15878,Kurukshetra,Shahabad,Onion,Onion,FAQ,2000,3000,2200,07-Jan-25
15879,Badaun,Shahaswan,Onion,Red,Non-FAQ,1800,2100,2000,30-Jan-25
15880,Jaunpur,Shahganj,Onion,Red,FAQ,2220,2300,2250,25-Jan-25
15881,Shahjahanpur,Shahjahanpur,Onion,Red,FAQ,2140,2260,2200,01-Feb-25
15882,Muzaffarnagar,Shahpur,Onion,Red,FAQ,1550,1580,1565,26-Jan-25
15883,Ambala,Shahzadpur,Onion,Local,FAQ,2000,2000,2000,01-Feb-25
15884,Ambala,Shahzadpur,Onion,Local,FAQ,2000,3000,2000,09-Jan-25
15885,Shajapur,Shajapur,Onion,Medium,FAQ,101,2375,1475,08-Jan-25
15886,Shajapur,Shajapur,Onion,Medium,FAQ,400,8912,1961,25-Jan-25
15887,Shajapur,Shajapur,Onion,Medium,Non-FAQ,450,578,578,27-Jan-25
15888,Shajapur,Shajapur,Onion,Onion,FAQ,1436,1436,1436,18-Jan-25
15889,Mandsaur,Shamgarh,Onion,Onion,FAQ,417,2400,801,28-Jan-25
15890,Mandsaur,Shamgarh,Onion,Onion,Non-FAQ,954,1152,1152,23-Jan-25
15891,Mandsaur,Shamgarh,Onion,Onion-Organic,FAQ,1200,2108,2108,22-Jan-25
15892,Shamli,Shamli,Onion,Red,FAQ,2250,2350,2300,24-Jan-25
15893,Shamli,Shamli,Onion,Red,FAQ,2400,2500,2450,11-Jan-25
15894,Shamli,Shamli,Onion,Red,FAQ,2450,2550,2500,07-Jan-25
15895,Sheohar,Sheohar,Onion,Medium,FAQ,3000,3300,3200,01-Jan-25
15896,Sheohar,Sheohar,Onion,Medium,FAQ,3000,3300,3200,16-Jan-25
15897,Sheohar,Sheohar,Onion,Medium,FAQ,3200,3500,3400,20-Jan-25
15898,Hooghly,Sheoraphuly,Onion,Nasik,FAQ,3000,3400,3200,07-Jan-25
15899,Shimla,Shimla,Onion,1st Sort,FAQ,2500,3200,2800,31-Jan-25
15900,Shimla,Shimla,Onion,1st Sort,FAQ,3000,3200,3000,15-Jan-25
15901,Shimla,Shimla,Onion,1st Sort,FAQ,3500,3700,3500,06-Jan-25
15902,Dhule,Shirpur,Onion,Red,Local,500,2275,2050,01-Feb-25
15903,Nashik,Shivsiddha Govind Producer Company Limited Sanchal,Onion,Red,FAQ,2100,2700,2450,28-Jan-25
15904,Nashik,Shree Rameshwar Krushi Market ,Onion,Red,FAQ,251,2600,1723.7,10-Jan-25
15905,Nashik,Shree Rameshwar Krushi Market ,Onion,Red,FAQ,500,3051,1944.64,08-Jan-25
15906,Ahmednagar,Shree Sairaj Krushi Market,Onion,Local,FAQ,400,3000,1700,27-Jan-25
15907,Shajapur,Shujalpur,Onion,Red,FAQ,300,2201,1600,10-Jan-25
15908,Shajapur,Shujalpur,Onion,Red,FAQ,625,2171,1300,23-Jan-25
15909,Shajapur,Shujalpur(F&V),Onion,Onion,FAQ,800,2312,1200,02-Jan-25
15910,Bulandshahar,Sikanderabad,Onion,Medium,FAQ,1800,2000,1900,20-Jan-25
15911,Bulandshahar,Sikarpur,Onion,Red,FAQ,1200,1400,1300,20-Jan-25
15912,Bulandshahar,Sikarpur,Onion,Red,FAQ,1600,1750,1700,13-Jan-25
15913,Gomati,Silachhari,Onion,Nasik,FAQ,3700,4000,3900,09-Jan-25
15914,Darjeeling,Siliguri,Onion,Other,FAQ,2500,2700,2600,20-Jan-25
15915,Sivaganga,Singampunari(Uzhavar Sandhai ),Onion,Bellary,Local,5000,5500,5500,05-Jan-25
15916,Coimbatore,Singanallur(Uzhavar Sandhai ),Onion,Bellary,Local,3500,4000,4000,14-Jan-25
15917,Coimbatore,Singanallur(Uzhavar Sandhai ),Onion,Bellary,Local,4000,4600,4600,08-Jan-25
15918,Nashik,Sinner,Onion,Red,FAQ,500,2200,1700,10-Jan-25
15919,Nashik,Sinner,Onion,Red,FAQ,500,2300,1950,17-Jan-25
15920,Nashik,Sinner,Onion,Red,FAQ,500,2620,2250,23-Jan-25
15921,Fatehgarh,Sirhind,Onion,Other,FAQ,2200,2600,2400,20-Jan-25
15922,Nagapattinam,Sirkali(Uzhavar Sandhai ),Onion,Bellary,Local,4000,5000,5000,19-Jan-25
15923,Nagapattinam,Sirkali(Uzhavar Sandhai ),Onion,Bellary,Local,4500,5000,5000,01-Jan-25
15924,Nagapattinam,Sirkali(Uzhavar Sandhai ),Onion,Bellary,Local,4500,5000,5000,08-Jan-25
15925,Sirsa,Sirsa,Onion,Other,FAQ,1600,2700,2200,14-Jan-25
15926,Sirsa,Sirsa,Onion,Other,FAQ,2300,2400,2300,29-Jan-25
15927,Mandsaur,Sitmau,Onion,Onion,FAQ,150,1910,1360,20-Jan-25
15928,Panipat,Samalkha,Onion,Local,FAQ,2000,2500,2300,30-Jan-25
15929,Patiala,Samana,Onion,Other,FAQ,2000,2300,2100,13-Jan-25
15930,Sambhal,Sambhal,Onion,Red,FAQ,2000,2400,2250,08-Jan-25
15931,Erode,Sampath Nagar(Uzhavar Sandhai ),Onion,Bellary,Local,3800,4200,4200,13-Jan-25
15932,Erode,Sampath Nagar(Uzhavar Sandhai ),Onion,Bellary,Local,4200,4600,4600,31-Jan-25
15933,Erode,Sampath Nagar(Uzhavar Sandhai ),Onion,Bellary,Local,4500,4800,4800,11-Jan-25
15934,Ludhiana,Samrala,Onion,Other,FAQ,2000,2400,2200,09-Jan-25
15935,Malda,Samsi,Onion,Onion,FAQ,2000,2800,2500,31-Jan-25
15936,Malda,Samsi,Onion,Onion,FAQ,2400,3000,2500,03-Jan-25
15937,Khandwa,Sanawad(F&V),Onion,Onion,FAQ,1500,2000,1800,31-Jan-25
15938,Hardoi,Sandi,Onion,Pusa-Red,FAQ,2270,2350,2310,24-Jan-25
15939,Hardoi,Sandi,Onion,Pusa-Red,FAQ,2370,2460,2420,15-Jan-25
15940,Hardoi,Sandi,Onion,Pusa-Red,FAQ,2500,2600,2540,08-Jan-25
15941,Hardoi,Sandila,Onion,Red,FAQ,2290,2380,2335,20-Jan-25
15942,Hardoi,Sandila,Onion,Red,FAQ,2300,2400,2350,17-Jan-25
15943,Ahmednagar,Sangamner,Onion,Red,FAQ,500,3351,1925,21-Jan-25
15944,Sangli,"Sangli(Phale, Bhajipura Market)",Onion,Local,FAQ,1000,3000,2000,18-Jan-25
15945,Hanumangarh,Sangriya,Onion,Onion,FAQ,2100,3200,2800,16-Jan-25
15946,Hanumangarh,Sangriya,Onion,Onion,FAQ,2300,3000,2700,07-Jan-25
15947,Hanumangarh,Sangriya,Onion,Onion,FAQ,2400,3500,2900,29-Jan-25
15948,Hanumangarh,Sangriya,Onion,Onion,FAQ,2500,3500,2900,27-Jan-25
15949,Sangrur,Sangrur,Onion,Onion,FAQ,2500,3000,2800,07-Jan-25
15950,Tenkasi,Sankarankoil(Uzhavar Sandhai ),Onion,Bellary,Local,4500,5000,5000,19-Jan-25
15951,Kallakuruchi,Sankarapuram(Uzhavar Sandhai ),Onion,Bellary,Local,4000,5000,5000,15-Jan-25
15952,Una,Santoshgarh,Onion,Onion,FAQ,2400,3000,2700,06-Jan-25
15953,Una,Santoshgarh,Onion,Onion,FAQ,2500,3000,2750,24-Jan-25
15954,Una,Santoshgarh,Onion,Other,FAQ,2400,2700,2550,29-Jan-25
15955,Rajgarh,Sarangpur,Onion,Local,FAQ,535,1000,1000,30-Jan-25
15956,Rajgarh,Sarangpur,Onion,Local,FAQ,540,1100,1100,24-Jan-25
15957,Sundergarh,Sargipali,Onion,Other,FAQ,3000,3500,3200,04-Jan-25
15958,Sundergarh,Sargipali,Onion,Other,FAQ,3000,3500,3200,06-Jan-25
15959,Sundergarh,Sargipali,Onion,Other,Non-FAQ,1000,1500,1200,31-Jan-25
15960,Sundergarh,Sargipali,Onion,Other,Non-FAQ,2500,3000,2800,19-Jan-25
15961,Rohtas,Sasaram,Onion,Medium,FAQ,1900,2300,2100,24-Jan-25
15962,Rohtas,Sasaram,Onion,Medium,FAQ,2100,2500,2300,05-Jan-25
15963,Nashik,Satana,Onion,Red,FAQ,250,2235,1910,16-Jan-25
15964,Erode,Sathiyamagalam(Uzhavar Sandhai ),Onion,Bellary,Local,4000,4500,4500,07-Jan-25
15965,Erode,Sathiyamagalam(Uzhavar Sandhai ),Onion,Bellary,Local,4000,4500,4500,09-Jan-25
15966,Virudhunagar,Sathur(Uzhavar Sandhai ),Onion,Bellary,Local,4000,4500,4500,01-Feb-25
15967,Virudhunagar,Sathur(Uzhavar Sandhai ),Onion,Bellary,Local,4000,4500,4500,07-Jan-25
15968,Virudhunagar,Sathur(Uzhavar Sandhai ),Onion,Bellary,Local,4000,4500,4500,09-Jan-25
15969,Virudhunagar,Sathur(Uzhavar Sandhai ),Onion,Bellary,Local,4000,5000,5000,13-Jan-25
15970,Sehore,Sehore,Onion,Onion,FAQ,200,2177,2177,08-Jan-25
15971,Sehore,Sehore,Onion,Onion,FAQ,915,1818,1818,21-Jan-25
15972,Sehore,Sehore,Onion,Onion,Non-FAQ,620,1625,1625,28-Jan-25
15973,Sehore,Sehore,Onion,Onion,Non-FAQ,1410,2160,2160,30-Jan-25
15974,Hathras,Shadabad,Onion,Red,FAQ,2100,2200,2150,04-Jan-25
15975,Hathras,Shadabad,Onion,Red,FAQ,2100,2200,2150,06-Jan-25
15976,Hathras,Shadabad,Onion,Red,FAQ,3100,3200,3150,19-Jan-25
15977,Kurukshetra,Shahabad,Onion,Onion,FAQ,1600,2500,2200,29-Jan-25
15978,Hardoi,Shahabad(New Mandi),Onion,Red,FAQ,2150,2250,2200,01-Feb-25
15979,Hardoi,Shahabad(New Mandi),Onion,Red,FAQ,2400,2500,2450,09-Jan-25
15980,Bhavnagar,Taleja,Onion,Red,FAQ,900,2175,1540,15-Jan-25
15981,Bhavnagar,Taleja,Onion,Red,FAQ,900,2260,1580,09-Jan-25
15982,Bhavnagar,Taleja,Onion,Red,FAQ,1055,2405,1730,25-Jan-25
15983,Kannur,Taliparamba,Onion,Onion,FAQ,3700,3900,3800,18-Jan-25
15984,Kannur,Taliparamba,Onion,Onion,FAQ,3900,4100,4000,04-Jan-25
15985,Bhatinda,Talwandi Sabo,Onion,Other,FAQ,2000,2500,2200,18-Jan-25
15986,Thiruvannamalai,Tamarainagar(Uzhavar Sandhai ),Onion,Bellary,Local,4400,5000,5000,21-Jan-25
15987,Medinipur(E),Tamluk (Medinipur E),Onion,Onion,FAQ,2200,2600,2400,22-Jan-25
15988,Medinipur(E),Tamluk (Medinipur E),Onion,Onion,FAQ,2800,3200,3000,14-Jan-25
15989,Medinipur(E),Tamluk (Medinipur E),Onion,Onion,FAQ,2800,3200,3000,15-Jan-25
15990,Champawat,Tanakpur,Onion,Other,FAQ,1200,1400,1300,03-Jan-25
15991,Hoshiarpur,Tanda Urmur,Onion,Other,FAQ,2800,3500,3000,24-Jan-25
15992,Hoshiarpur,Tanda Urmur,Onion,Other,FAQ,3200,4000,3500,11-Jan-25
15993,Hoshiarpur,Tanda Urmur,Onion,Other,FAQ,3200,4000,3500,15-Jan-25
15994,Tarntaran,Tarantaran,Onion,Other,FAQ,2000,2400,2200,27-Jan-25
15995,Tarntaran,Tarantaran,Onion,Other,FAQ,2000,2500,2400,06-Jan-25
15996,Tarntaran,Tarantaran,Onion,Other,FAQ,2000,3000,2500,03-Jan-25
15997,Mewat,Tauru,Onion,Other,Non-FAQ,2000,2800,2500,20-Jan-25
15998,Khowai,Teliamura,Onion,Nasik,FAQ,3500,3650,3600,27-Jan-25
15999,Khowai,Teliamura,Onion,Nasik,FAQ,3700,3900,3800,13-Jan-25
16000,Tenkasi,Tenkasi(Uzhavar Sandhai ),Onion,Bellary,Local,4000,4000,4000,17-Jan-25
16001,Tenkasi,Tenkasi(Uzhavar Sandhai ),Onion,Bellary,Local,4000,4500,4500,13-Jan-25
16002,Erode,Thalavadi(Uzhavar Sandhai ),Onion,Bellary,Local,4000,4500,4500,19-Jan-25
16003,Erode,Thalavadi(Uzhavar Sandhai ),Onion,Bellary,Local,4000,4500,4500,21-Jan-25
16004,Erode,Thalavadi(Uzhavar Sandhai ),Onion,Bellary,Local,4000,4500,4500,26-Jan-25
16005,Kottayam,Thalayolaparambu,Onion,Big,FAQ,3300,3600,3400,17-Jan-25
16006,Kottayam,Thalayolaparambu,Onion,Onion,FAQ,8000,8400,8200,07-Jan-25
16007,Kottayam,Thalayolaparambu,Onion,Onion,FAQ,8000,8400,8200,15-Jan-25
16008,Kozhikode(Calicut),Thamarassery,Onion,Other,FAQ,2800,3300,3100,15-Jan-25
16009,Salem,Thammampatti (Uzhavar Sandhai ),Onion,Bellary,Local,4500,5000,5000,20-Jan-25
16010,Salem,Thammampatti (Uzhavar Sandhai ),Onion,Bellary,Local,5000,6000,6000,07-Jan-25
16011,Salem,Thammampatti (Uzhavar Sandhai ),Onion,Bellary,Local,5000,6000,6000,09-Jan-25
16012,Salem,Thammampatti (Uzhavar Sandhai ),Onion,Bellary,Local,5500,6000,6000,27-Jan-25
16013,Shamli,Thanabhavan,Onion,Red,FAQ,2200,2500,2300,23-Jan-25
16014,Shamli,Thanabhavan,Onion,Red,FAQ,2400,2800,2600,01-Jan-25
16015,Kurukshetra,Thanesar,Onion,Onion,FAQ,1000,3000,2000,11-Jan-25
16016,Kurukshetra,Thanesar,Onion,Onion,FAQ,1500,2800,2100,23-Jan-25
16017,Kurukshetra,Thanesar,Onion,Onion,FAQ,1500,3000,2200,03-Jan-25
16018,Kurukshetra,Thanesar,Onion,Onion,FAQ,1500,3000,2200,28-Jan-25
16019,Thanjavur,Thanjavur(Uzhavar Sandhai ),Onion,Bellary,Local,4600,4600,4600,29-Jan-25
16020,Thanjavur,Thanjavur(Uzhavar Sandhai ),Onion,Bellary,Local,5000,5000,5000,14-Jan-25
16021,Salem,Thathakapatti(Uzhavar Sandhai ),Onion,Bellary,Local,5000,5400,5400,01-Feb-25
16022,Salem,Thathakapatti(Uzhavar Sandhai ),Onion,Bellary,Local,5000,6000,6000,10-Jan-25
16023,Theni,Theni(Uzhavar Sandhai ),Onion,Bellary,Local,4000,4500,4500,04-Jan-25
16024,Chengalpattu,Thirukalukundram(Uzhavar Sandhai ),Onion,Bellary,Local,3500,4000,4000,19-Jan-25
16025,Chengalpattu,Thirukalukundram(Uzhavar Sandhai ),Onion,Bellary,Local,4000,5000,5000,23-Jan-25
16026,Madurai,Thirumangalam(Uzhavar Sandhai ),Onion,Bellary,Local,4500,5000,5000,28-Jan-25
16027,Madurai,Thirumangalam(Uzhavar Sandhai ),Onion,Bellary,Local,4800,5200,5200,07-Jan-25
16028,Malappuram,Thirurrangadi,Onion,Other,FAQ,3700,3700,3700,10-Jan-25
16029,Idukki,Thodupuzha,Onion,Big,FAQ,3800,4000,4000,12-Jan-25
16030,Hardoi,Shahabad(New Mandi),Onion,Red,FAQ,2400,2500,2450,14-Jan-25
16031,Hardoi,Shahabad(New Mandi),Onion,Red,FAQ,2400,2500,2450,16-Jan-25
16032,Badaun,Shahaswan,Onion,Red,FAQ,2200,2600,2500,10-Jan-25
16033,Jaunpur,Shahganj,Onion,Red,FAQ,2500,2650,2550,11-Jan-25
16034,Shahjahanpur,Shahjahanpur,Onion,Red,FAQ,2200,2320,2260,29-Jan-25
16035,Shahjahanpur,Shahjahanpur,Onion,Red,FAQ,2215,2340,2280,27-Jan-25
16036,Shahjahanpur,Shahjahanpur,Onion,Red,FAQ,2230,2340,2280,22-Jan-25
16037,Shahjahanpur,Shahjahanpur,Onion,Red,FAQ,2250,2360,2300,25-Jan-25
16038,Ambala,Shahzadpur,Onion,Local,FAQ,2000,2000,2000,29-Jan-25
16039,Ambala,Shahzadpur,Onion,Local,FAQ,2000,2000,2000,31-Jan-25
16040,Shajapur,Shajapur,Onion,Medium,FAQ,300,5143,1957,03-Jan-25
16041,Shajapur,Shajapur,Onion,Medium,FAQ,390,1647,1414,13-Jan-25
16042,Shajapur,Shajapur,Onion,Medium,FAQ,420,12700,511,15-Jan-25
16043,Mandsaur,Shamgarh,Onion,Onion,FAQ,118,2470,2200,07-Jan-25
16044,Mandsaur,Shamgarh,Onion,Onion,FAQ,300,2371,1851,08-Jan-25
16045,Shamli,Shamli,Onion,Red,FAQ,2700,2800,2750,01-Jan-25
16046,Sheohar,Sheohar,Onion,Medium,FAQ,3000,3300,3200,04-Jan-25
16047,Hooghly,Sheoraphuly,Onion,Nasik,FAQ,2600,3000,2800,13-Jan-25
16048,Hooghly,Sheoraphuly,Onion,Nasik,FAQ,2800,3000,2900,26-Jan-25
16049,Hooghly,Sheoraphuly,Onion,Nasik,FAQ,3000,3200,3100,28-Jan-25
16050,Ahmednagar,Shevgaon,Onion,1st Sort,FAQ,2500,3000,2600,09-Jan-25
16051,Ahmednagar,Shevgaon,Onion,1st Sort,Local,2000,2600,2000,30-Jan-25
16052,Shimoga,Shimoga,Onion,Onion,FAQ,3300,4500,4000,28-Jan-25
16053,Ahmednagar,Shrigonda,Onion,Other,FAQ,700,3200,2900,07-Jan-25
16054,Shajapur,Shujalpur(F&V),Onion,Onion,FAQ,800,2282,1200,21-Jan-25
16055,Bulandshahar,Sikanderabad,Onion,Medium,FAQ,1800,2000,1900,15-Jan-25
16056,Bulandshahar,Sikarpur,Onion,Red,FAQ,1400,1600,1500,16-Jan-25
16057,Darjeeling,Siliguri,Onion,Other,FAQ,2500,2700,2600,01-Feb-25
16058,Darjeeling,Siliguri,Onion,Other,FAQ,2500,2700,2600,09-Jan-25
16059,Darjeeling,Siliguri,Onion,Other,FAQ,2500,2700,2600,29-Jan-25
16060,Sivaganga,Singampunari(Uzhavar Sandhai ),Onion,Bellary,Local,4000,5000,5000,20-Jan-25
16061,Sivaganga,Singampunari(Uzhavar Sandhai ),Onion,Bellary,Local,5000,5500,5500,02-Jan-25
16062,Coimbatore,Singanallur(Uzhavar Sandhai ),Onion,Bellary,Local,3500,4000,4000,02-Jan-25
16063,Coimbatore,Singanallur(Uzhavar Sandhai ),Onion,Bellary,Local,4000,4500,4500,19-Jan-25
16064,Nashik,Sinner,Onion,Red,FAQ,500,2191,1600,13-Jan-25
16065,Nashik,Sinner,Onion,Red,FAQ,500,2830,2400,03-Jan-25
16066,Fatehgarh,Sirhind,Onion,Other,FAQ,2000,2600,2400,01-Feb-25
16067,Fatehgarh,Sirhind,Onion,Other,FAQ,2000,2600,2500,14-Jan-25
16068,Fatehgarh,Sirhind,Onion,Other,FAQ,2000,2700,2500,13-Jan-25
16069,Fatehgarh,Sirhind,Onion,Other,FAQ,2200,3000,2600,11-Jan-25
16070,Nagapattinam,Sirkali(Uzhavar Sandhai ),Onion,Bellary,Local,4000,5000,5000,15-Jan-25
16071,Nagapattinam,Sirkali(Uzhavar Sandhai ),Onion,Bellary,Local,4500,5000,5000,04-Jan-25
16072,Nagapattinam,Sirkali(Uzhavar Sandhai ),Onion,Bellary,Local,4500,5000,5000,06-Jan-25
16073,Sirsa,Sirsa,Onion,Other,FAQ,1800,2400,2200,16-Jan-25
16074,Sitapur,Sitapur,Onion,Red,FAQ,1600,2450,2350,16-Jan-25
16075,Sitapur,Sitapur,Onion,Red,FAQ,1700,2610,2590,08-Jan-25
16076,UdhamSinghNagar,Sitarganj,Onion,Other,FAQ,1900,2300,2000,14-Jan-25
16077,Mandsaur,Sitmau,Onion,Onion,FAQ,390,1890,1450,28-Jan-25
16078,Mandsaur,Sitmau,Onion,Onion,FAQ,600,1680,1200,13-Jan-25
16079,Sivaganga,Sivagangai (Uzhavar Sandhai ),Onion,Bellary,Local,5000,5400,5400,04-Jan-25
16080,Sivaganga,Sivagangai (Uzhavar Sandhai ),Onion,Bellary,Local,5000,5400,5400,06-Jan-25
16081,Virudhunagar,Sivakasi(Uzhavar Sandhai ),Onion,Bellary,Local,3500,4000,4000,12-Jan-25
16082,Virudhunagar,Sivakasi(Uzhavar Sandhai ),Onion,Bellary,Local,3500,4000,4000,19-Jan-25
16083,Virudhunagar,Sivakasi(Uzhavar Sandhai ),Onion,Bellary,Local,3800,4000,4000,24-Jan-25
16084,Kaithal,Siwan,Onion,Other,FAQ,2500,2600,2600,15-Jan-25
16085,Kaithal,Siwan,Onion,Other,FAQ,2500,2800,2700,14-Jan-25
16086,Kaithal,Siwan,Onion,Other,Non-FAQ,2500,2600,2600,17-Jan-25
16087,Bulandshahar,Siyana,Onion,Red,FAQ,2100,2230,2170,25-Jan-25
16088,Bulandshahar,Siyana,Onion,Red,FAQ,2300,2420,2370,19-Jan-25
16089,Gurgaon,Sohna,Onion,Onion,FAQ,2000,2500,2500,03-Jan-25
16090,Solan,Solan,Onion,Other,FAQ,2000,3200,2700,10-Jan-25
16091,Solan,Solan,Onion,Other,FAQ,2400,3200,3000,07-Jan-25
16092,Solan,Solan(Nalagarh),Onion,Other,FAQ,2200,2500,2500,02-Jan-25
16093,Sholapur,Solapur,Onion,Red,FAQ,300,3500,1800,17-Jan-25
16094,Sholapur,Solapur,Onion,Red,Local,300,3500,2100,27-Jan-25
16095,Sonipat,Sonepat,Onion,Other,FAQ,1900,2300,1900,16-Jan-25
16096,Sonipat,Sonepat,Onion,Other,FAQ,2300,2500,2300,29-Jan-25
16097,Sonipat,Sonepat,Onion,Other,FAQ,2500,3000,2500,03-Jan-25
16098,Sonipat,Sonepat,Onion,Other,Non-FAQ,2700,2800,2700,21-Jan-25
16099,Sonipat,Sonepat(Kharkhoda),Onion,Other,FAQ,2000,2800,2400,09-Jan-25
16100,Salem,Sooramangalam(Uzhavar Sandhai ),Onion,Bellary,Local,4800,5600,5600,15-Jan-25
16101,Salem,Sooramangalam(Uzhavar Sandhai ),Onion,Bellary,Local,5000,5600,5600,01-Feb-25
16102,Salem,Sooramangalam(Uzhavar Sandhai ),Onion,Bellary,Local,5000,5600,5600,14-Jan-25
16103,Salem,Sooramangalam(Uzhavar Sandhai ),Onion,Bellary,Local,5500,6000,6000,03-Jan-25
16104,Shajapur,Soyatkalan,Onion,Onion,Non-FAQ,1720,1800,1800,28-Jan-25
16105,Ganganagar,Sriganganagar (F&V),Onion,Other,FAQ,2100,2500,2300,24-Jan-25
16106,Ganganagar,Sriganganagar (F&V),Onion,Other,FAQ,2400,2800,2600,03-Jan-25
16107,Virudhunagar,Srivilliputhur(Uzhavar Sandhai ),Onion,Bellary,Local,4500,5000,5000,12-Jan-25
16108,Churu,Sujangarh,Onion,Other,FAQ,2100,2300,2200,02-Jan-25
16109,Amethi,Sultanpur,Onion,Red,FAQ,2250,2425,2300,23-Jan-25
16110,Amethi,Sultanpur,Onion,Red,FAQ,2250,2450,2335,14-Jan-25
16111,Amethi,Sultanpur,Onion,Red,FAQ,2250,2450,2350,09-Jan-25
16112,Amethi,Sultanpur,Onion,Red,FAQ,2350,2550,2400,02-Jan-25
16113,Coimbatore,Sulur(Uzhavar Sandhai ),Onion,Bellary,Local,3500,4000,4000,30-Jan-25
16114,Coimbatore,Sulur(Uzhavar Sandhai ),Onion,Bellary,Local,4000,4600,4600,05-Jan-25
16115,Sangrur,Sunam,Onion,Nasik,FAQ,1700,2300,2000,07-Jan-25
16116,Sangrur,Sunam,Onion,Nasik,FAQ,2000,2500,2200,22-Jan-25
16117,Sangrur,Sunam,Onion,Nasik,FAQ,2000,2800,2500,09-Jan-25
16118,Sangrur,Sunam,Onion,Nasik,FAQ,2000,2800,2500,15-Jan-25
16119,Coimbatore,Sundarapuram(Uzhavar Sandhai ),Onion,Bellary,Local,3800,4200,4200,07-Jan-25
16120,Coimbatore,Sundarapuram(Uzhavar Sandhai ),Onion,Bellary,Local,4000,4400,4400,23-Jan-25
16121,Surat,Surat,Onion,Other,FAQ,1200,3000,2100,20-Jan-25
16122,Ganganagar,Suratgarh,Onion,1st Sort,FAQ,1400,1600,1500,28-Jan-25
16123,Ganganagar,Suratgarh,Onion,1st Sort,FAQ,1400,1600,1500,29-Jan-25
16124,Ganganagar,Suratgarh,Onion,1st Sort,FAQ,1500,1800,1600,06-Jan-25
16125,Ganganagar,Suratgarh,Onion,1st Sort,FAQ,1500,1800,1600,20-Jan-25
16126,Samastipur,Tajpur,Onion,Medium,FAQ,2500,2700,2700,18-Jan-25
16127,Bhavnagar,Taleja,Onion,Red,FAQ,900,2280,1590,17-Jan-25
16128,Bhavnagar,Taleja,Onion,Red,FAQ,950,2310,1630,29-Jan-25
16129,Bhavnagar,Taleja,Onion,Red,FAQ,1250,2410,1830,22-Jan-25
16130,Bhavnagar,Taleja,Onion,White,FAQ,1310,1365,1340,10-Jan-25
16131,Kannur,Taliparamba,Onion,Onion,FAQ,3700,3900,3800,19-Jan-25
16132,Kannur,Taliparamba,Onion,Onion,FAQ,3700,3900,3800,22-Jan-25
16133,Ernakulam,Kothamangalam,Onion,Big,FAQ,3000,4000,3500,21-Jan-25
16134,Ernakulam,Kothamangalam,Onion,Big,FAQ,3500,4500,4000,14-Jan-25
16135,Kotputli- Behror,Kotputli,Onion,Onion,FAQ,2200,2400,2300,22-Jan-25
16136,Kotputli- Behror,Kotputli,Onion,Onion,Non-FAQ,2300,2500,2400,18-Jan-25
16137,Malappuram,Kottakkal,Onion,Other,FAQ,3000,3200,3100,18-Jan-25
16138,Malappuram,Kottakkal,Onion,Other,FAQ,4100,4300,4200,02-Jan-25
16139,Kottayam,Kottayam,Onion,Big,FAQ,4200,4600,4400,23-Jan-25
16140,Kottayam,Kottayam,Onion,Onion,FAQ,8600,9000,8800,16-Jan-25
16141,Tuticorin,Kovilpatti(Uzhavar Sandhai ),Onion,Bellary,Local,4000,4600,4600,27-Jan-25
16142,Tuticorin,Kovilpatti(Uzhavar Sandhai ),Onion,Bellary,Local,4400,4800,4800,29-Jan-25
16143,Tuticorin,Kovilpatti(Uzhavar Sandhai ),Onion,Bellary,Local,4500,5000,5000,01-Feb-25
16144,Sambalpur,Kuchinda,Onion,Other,FAQ,3000,4000,3500,08-Jan-25
16145,Ranga Reddy,Kukatpally(Rythu Bazar),Onion,1st Sort,FAQ,2900,2900,2900,17-Jan-25
16146,Karur,Kulithalai(Uzhavar Sandhai ),Onion,Bellary,Local,4000,5000,5000,03-Jan-25
16147,Namakkal,Kumarapalayam(Uzhavar Sandhai ),Onion,Bellary,Local,4000,4800,4800,30-Jan-25
16148,Namakkal,Kumarapalayam(Uzhavar Sandhai ),Onion,Bellary,Local,4800,5500,5500,10-Jan-25
16149,Namakkal,Kumarapalayam(Uzhavar Sandhai ),Onion,Bellary,Local,5000,6000,6000,02-Jan-25
16150,Thanjavur,Kumbakonam (Uzhavar Sandhai ),Onion,Bellary,Local,3600,4800,4800,03-Jan-25
16151,Thanjavur,Kumbakonam (Uzhavar Sandhai ),Onion,Bellary,Local,3600,5000,5000,13-Jan-25
16152,Kancheepuram,Kundrathur(Uzhavar Sandhai ),Onion,Bellary,Local,3000,4000,4000,02-Jan-25
16153,Mohali,Kurali,Onion,Other,FAQ,2350,2520,2400,23-Jan-25
16154,Coimbatore,Kurichi(Uzhavar Sandhai ),Onion,Bellary,Local,3400,3700,3700,02-Jan-25
16155,Coimbatore,Kurichi(Uzhavar Sandhai ),Onion,Bellary,Local,3400,3800,3800,01-Feb-25
16156,Coimbatore,Kurichi(Uzhavar Sandhai ),Onion,Bellary,Local,3800,4200,4200,04-Jan-25
16157,Kurnool,Kurnool,Onion,Local,FAQ,1037,2509,2315,24-Jan-25
16158,Kottayam,Kuruppanthura,Onion,Big,FAQ,4000,5000,4600,06-Jan-25
16159,Kottayam,Kuruppanthura,Onion,Big,Non-FAQ,4000,5000,4600,31-Jan-25
16160,Hyderabad,L B Nagar,Onion,1st Sort,FAQ,2000,3000,2500,14-Jan-25
16161,Kurukshetra,Ladwa,Onion,Onion,FAQ,2000,2000,2000,10-Jan-25
16162,Kurukshetra,Ladwa,Onion,Onion,FAQ,2000,2300,2200,24-Jan-25
16163,Kurukshetra,Ladwa,Onion,Onion,FAQ,2000,2500,2300,20-Jan-25
16164,Kurukshetra,Ladwa,Onion,Onion,FAQ,2500,2800,2700,18-Jan-25
16165,Lakhimpur,Lakhimpur,Onion,Red,FAQ,2710,2820,2790,04-Jan-25
16166,Raebarelli,Lalganj,Onion,Red,FAQ,2250,2350,2300,20-Jan-25
16167,Raebarelli,Lalganj,Onion,Red,FAQ,2350,2450,2400,07-Jan-25
16168,Raebarelli,Lalganj,Onion,Red,FAQ,2450,2550,2500,05-Jan-25
16169,Thiruchirappalli,Lalgudi(Uzhavar Sandhai ),Onion,Bellary,Local,4000,5600,5600,11-Jan-25
16170,Thiruchirappalli,Lalgudi(Uzhavar Sandhai ),Onion,Bellary,Local,4000,5600,5600,13-Jan-25
16171,Thiruchirappalli,Lalgudi(Uzhavar Sandhai ),Onion,Bellary,Local,4600,5600,5600,20-Jan-25
16172,Mohali,Lalru,Onion,Other,FAQ,3000,3000,3000,07-Jan-25
16173,Nashik,Lasalgaon,Onion,Red,FAQ,1000,2631,2251,18-Jan-25
16174,Nashik,Lasalgaon(Niphad),Onion,Red,FAQ,1000,2620,2350,02-Jan-25
16175,Nashik,Lasalgaon(Vinchur),Onion,Red,FAQ,1000,3011,2400,07-Jan-25
16176,Bhiwani,Loharu,Onion,Other,FAQ,2500,2500,2500,10-Jan-25
16177,Satara,Lonand,Onion,Other,FAQ,1000,3070,2000,20-Jan-25
16178,Lucknow,Lucknow,Onion,Red,FAQ,2350,2450,2400,15-Jan-25
16179,Lucknow,Lucknow,Onion,Red,FAQ,2400,2550,2480,06-Jan-25
16180,Lucknow,Lucknow,Onion,Red,FAQ,2430,2530,2480,13-Jan-25
16181,Lucknow,Lucknow,Onion,Red,FAQ,2500,2600,2550,08-Jan-25
16182,Ludhiana,Ludhiana,Onion,Other,FAQ,650,2500,1800,18-Jan-25
16183,Idukki,Thodupuzha,Onion,Big,FAQ,3800,4000,4000,13-Jan-25
16184,Idukki,Thodupuzha,Onion,Small,FAQ,8300,8500,8500,17-Jan-25
16185,Thoubal,Thoubal,Onion,Other,FAQ,4500,5000,4750,15-Jan-25
16186,Ernakulam,Thrippunithura,Onion,Big,FAQ,4100,4800,4100,06-Jan-25
16187,Thirssur,Thrissur,Onion,Onion,FAQ,5700,5700,5700,03-Jan-25
16188,Thirssur,Thrissur,Onion,Onion,FAQ,6000,6000,6000,11-Jan-25
16189,Thirssur,Thrissur,Onion,Onion,FAQ,6000,6200,6100,28-Jan-25
16190,Thiruchirappalli,Thuraiyur,Onion,Bellary,Local,4000,5000,5000,15-Jan-25
16191,Thiruchirappalli,Thuraiyur,Onion,Bellary,Local,4500,5000,5000,17-Jan-25
16192,Thiruchirappalli,Thuraiyur,Onion,Bellary,Local,4500,5000,5000,18-Jan-25
16193,Khiri (Lakhimpur),Tikonia,Onion,Red,FAQ,2340,2450,2390,16-Jan-25
16194,Shahjahanpur,Tilhar,Onion,Red,FAQ,2200,2300,2250,29-Jan-25
16195,Harda,Timarni(F&V),Onion,Local,FAQ,2000,2000,2000,18-Jan-25
16196,Namakkal,Tiruchengode,Onion,Bellary,Local,5000,6000,6000,02-Jan-25
16197,Sivaganga,Tirupatthur(Uzhavar Sandhai ),Onion,Bellary,Local,5000,5500,5500,07-Jan-25
16198,Thirupur,Tiruppur (North) (Uzhavar Sandhai ),Onion,Bellary,Local,3600,4000,4000,04-Jan-25
16199,Thirupur,Tiruppur (South) (Uzhavar Sandhai ),Onion,Bellary,Local,3500,4000,4000,20-Jan-25
16200,Thiruvannamalai,Tiruvannamalai(Uzhavar Sandhai ),Onion,Bellary,Local,4000,5000,5000,21-Jan-25
16201,Thiruvarur,Tiruvarur(Uzhavar Sandhai ),Onion,Bellary,Local,4000,5000,5000,08-Jan-25
16202,Thiruvarur,Tiruvarur(Uzhavar Sandhai ),Onion,Bellary,Local,4000,5000,5000,30-Jan-25
16203,Fatehabad,Tohana(New Veg Market),Onion,Onion,FAQ,1800,2000,2000,02-Jan-25
16204,Fatehabad,Tohana(New Veg Market),Onion,Onion,FAQ,2600,2750,2600,23-Jan-25
16205,Balrampur,Tulsipur,Onion,Red,FAQ,2200,2250,2230,25-Jan-25
16206,Balrampur,Tulsipur,Onion,Red,FAQ,2200,2250,2230,31-Jan-25
16207,Balrampur,Tulsipur,Onion,Red,FAQ,2220,2270,2250,26-Jan-25
16208,Firozabad,Tundla,Onion,Red,FAQ,2100,2145,2120,27-Jan-25
16209,Firozabad,Tundla,Onion,Red,FAQ,2185,2230,2215,23-Jan-25
16210,Firozabad,Tundla,Onion,Red,FAQ,2825,2875,2850,03-Jan-25
16211,Tuticorin,Tuticorin(Uzhavar Sandhai ),Onion,Bellary,Local,4500,5000,5000,10-Jan-25
16212,Tuticorin,Tuticorin(Uzhavar Sandhai ),Onion,Bellary,Local,4500,5000,5000,16-Jan-25
16213,Tuticorin,Tuticorin(Uzhavar Sandhai ),Onion,Bellary,Local,4500,5000,5000,31-Jan-25
16214,Mayurbhanja,Udala,Onion,Onion,FAQ,3500,3600,3500,18-Jan-25
16215,Mayurbhanja,Udala,Onion,Onion,FAQ,3500,3700,3600,15-Jan-25
16216,The Nilgiris,Udhagamandalam(Uzhavar Sandhai ),Onion,Bellary,Local,4500,4800,4800,12-Jan-25
16217,Udhampur,Udhampur,Onion,Other,FAQ,2400,2800,2600,16-Jan-25
16218,Udhampur,Udhampur,Onion,Other,FAQ,3000,3200,3100,22-Jan-25
16219,Coimbatore,Udumalpet,Onion,Bellary,Local,4400,4800,4800,19-Jan-25
16220,Coimbatore,Udumalpet,Onion,Bellary,Local,4400,4800,4800,21-Jan-25
16221,Badaun,Ujhani,Onion,Red,FAQ,2250,2350,2300,17-Jan-25
16222,Ujjain,Ujjain,Onion,Onion,FAQ,571,1856,1100,11-Jan-25
16223,Hissar,Uklana,Onion,Onion,FAQ,1800,2000,2000,01-Feb-25
16224,Hissar,Uklana,Onion,Onion,FAQ,2000,2200,2200,12-Jan-25
16225,Villupuram,Ulundurpettai,Onion,Bellary,Local,4000,5000,5000,11-Jan-25
16226,Villupuram,Ulundurpettai,Onion,Bellary,Local,4000,5000,5000,18-Jan-25
16227,Nashik,Umrane,Onion,Red,FAQ,700,2316,1600,16-Jan-25
16228,Nashik,Umrane,Onion,Red,FAQ,700,2473,1800,17-Jan-25
16229,Nashik,Umrane,Onion,Red,FAQ,700,2712,1950,22-Jan-25
16230,Unnao,Unnao,Onion,Red,FAQ,2400,2550,2450,09-Jan-25
16231,Madurai,Usilampatty,Onion,Bellary,Local,4500,5200,5200,06-Jan-25
16232,Kanpur,Uttaripura,Onion,Red,FAQ,2140,2340,2240,28-Jan-25
16233,Hathras,Haathras,Onion,Red,FAQ,2250,2450,2350,24-Jan-25
16234,Hathras,Haathras,Onion,Red,FAQ,2310,2510,2410,15-Jan-25
16235,North 24 Parganas,Habra,Onion,Other,FAQ,2600,3000,3000,20-Jan-25
16236,North 24 Parganas,Habra,Onion,Other,FAQ,3000,3200,3200,27-Jan-25
16237,North 24 Parganas,Habra,Onion,Other,FAQ,3000,3400,3400,13-Jan-25
16238,Nanital,Haldwani,Onion,Other,FAQ,1800,2200,2000,28-Jan-25
16239,Nanital,Haldwani,Onion,Other,FAQ,2000,2600,2400,09-Jan-25
16240,Hamirpur,Hamirpur,Onion,Other,FAQ,2800,3200,3000,28-Jan-25
16241,Hamirpur,Hamirpur(Nadaun),Onion,Other,FAQ,3000,3200,3100,04-Jan-25
16242,Hamirpur,Hamirpur(Nadaun),Onion,Other,FAQ,3200,3400,3300,09-Jan-25
16243,Hissar,Hansi,Onion,Other,FAQ,1500,2500,2000,09-Jan-25
16244,Hissar,Hansi,Onion,Other,FAQ,1500,2500,2000,10-Jan-25
16245,Ghaziabad,Hapur,Onion,Red,FAQ,2200,2300,2240,23-Jan-25
16246,Hardoi,Hardoi,Onion,Pusa-Red,FAQ,2305,2410,2350,18-Jan-25
16247,Hardoi,Hardoi,Onion,Pusa-Red,FAQ,2340,2485,2420,11-Jan-25
16248,Hardoi,Hardoi,Onion,Pusa-Red,FAQ,2500,2550,2535,02-Jan-25
16249,Sitapur,Hargaon (Laharpur),Onion,1st Sort,FAQ,3100,3300,3200,14-Jan-25
16250,Sitapur,Hargaon (Laharpur),Onion,Nasik,FAQ,2500,2700,2600,01-Jan-25
16251,Sitapur,Hargaon (Laharpur),Onion,Nasik,FAQ,2600,2800,2700,26-Jan-25
16252,Sitapur,Hargaon (Laharpur),Onion,Nasik,FAQ,3100,3300,3200,10-Jan-25
16253,Haridwar,Haridwar Union,Onion,Onion,FAQ,1800,2500,2000,01-Jan-25
16254,Haridwar,Haridwar Union,Onion,Onion,FAQ,2000,2800,2500,29-Jan-25
16255,Dharmapuri,Harur(Uzhavar Sandhai ),Onion,Bellary,Local,4300,4500,4500,26-Jan-25
16256,Amroha,Hasanpur,Onion,Nasik,FAQ,1410,1500,1450,04-Jan-25
16257,Amroha,Hasanpur,Onion,Nasik,FAQ,1420,1500,1450,02-Jan-25
16258,Salem,Hasthampatti(Uzhavar Sandhai ),Onion,Bellary,Local,5000,5500,5500,11-Jan-25
16259,Salem,Hasthampatti(Uzhavar Sandhai ),Onion,Bellary,Local,5000,6000,6000,05-Jan-25
16260,Salem,Hasthampatti(Uzhavar Sandhai ),Onion,Bellary,Local,5000,6000,6000,09-Jan-25
16261,Salem,Hasthampatti(Uzhavar Sandhai ),Onion,Bellary,Local,5000,6000,6000,24-Jan-25
16262,Salem,Hasthampatti(Uzhavar Sandhai ),Onion,Bellary,Local,5500,6000,6000,07-Jan-25
16263,Salem,Hasthampatti(Uzhavar Sandhai ),Onion,Bellary,Local,5500,6000,6000,27-Jan-25
16264,Ganjam,Hinjilicut,Onion,Other,FAQ,2700,4000,3500,05-Jan-25
16265,Krishnagiri,Hosur(Uzhavar Sandhai ),Onion,Bellary,Local,3500,4000,4000,13-Jan-25
16266,Krishnagiri,Hosur(Uzhavar Sandhai ),Onion,Bellary,Local,3500,4000,4000,14-Jan-25
16267,Krishnagiri,Hosur(Uzhavar Sandhai ),Onion,Bellary,Local,4000,4500,4500,21-Jan-25
16268,Dharwad,Hubli (Amaragol),Onion,Puna,FAQ,500,4000,2200,03-Jan-25
16269,Imphal West,Imphal,Onion,Other,FAQ,4200,5000,4600,13-Jan-25
16270,Imphal West,Imphal,Onion,Other,FAQ,4200,5000,4600,14-Jan-25
16271,Imphal West,Imphal,Onion,Other,FAQ,4200,5000,4600,15-Jan-25
16272,Imphal West,Imphal,Onion,Other,FAQ,4200,5000,4600,22-Jan-25
16273,Indore,Indore,Onion,Onion,FAQ,433,2486,2034,18-Jan-25
16274,Indore,Indore,Onion,Other,FAQ,837,2047,2047,13-Jan-25
16275,Indore,Indore,Onion,Other,FAQ,1346,2824,2824,02-Jan-25
16276,Indore,Indore,Onion,Other,FAQ,1376,2456,2456,24-Jan-25
16277,Indore,Indore,Onion,Other,FAQ,1429,2333,2333,03-Jan-25
16278,Karnal,Indri,Onion,Other,FAQ,2000,2500,2000,01-Feb-25
16279,Karnal,Indri,Onion,Other,FAQ,2000,2500,2200,29-Jan-25
16280,Karnal,Indri,Onion,Other,FAQ,2000,2500,2500,30-Jan-25
16281,Karnal,Indri,Onion,Other,Non-FAQ,2000,2500,2500,21-Jan-25
16282,Thirssur,Irinjalakkuda,Onion,Other,FAQ,4000,4000,4000,27-Jan-25
16283,Thirssur,Irinjalakkuda,Onion,Other,FAQ,4500,4500,4500,05-Jan-25
16284,Kannur,Taliparamba,Onion,Onion,FAQ,3700,3900,3800,23-Jan-25
16285,Kannur,Taliparamba,Onion,Onion,FAQ,3900,4100,4000,27-Jan-25
16286,Kannur,Taliparamba,Onion,Onion,FAQ,3900,4100,4000,29-Jan-25
16287,Bhatinda,Talwandi Sabo,Onion,Other,FAQ,2000,2500,2200,21-Jan-25
16288,Bhatinda,Talwandi Sabo,Onion,Other,FAQ,2000,2500,2200,23-Jan-25
16289,Bhatinda,Talwandi Sabo,Onion,Other,FAQ,2500,3000,2800,07-Jan-25
16290,Thiruvannamalai,Tamarainagar(Uzhavar Sandhai ),Onion,Bellary,Local,4000,4500,4500,11-Jan-25
16291,Thiruvannamalai,Tamarainagar(Uzhavar Sandhai ),Onion,Bellary,Local,4000,4500,4500,12-Jan-25
16292,Hoshiarpur,Tanda Urmur,Onion,Other,FAQ,2800,3200,3000,27-Jan-25
16293,Hoshiarpur,Tanda Urmur,Onion,Other,FAQ,2800,3500,3000,30-Jan-25
16294,Tarntaran,Tarantaran,Onion,Other,FAQ,2000,2200,2100,01-Feb-25
16295,Tarntaran,Tarantaran,Onion,Other,FAQ,2000,2400,2200,13-Jan-25
16296,Tarntaran,Tarantaran,Onion,Other,FAQ,2000,2400,2200,14-Jan-25
16297,Tarntaran,Tarantaran,Onion,Other,FAQ,2100,2400,2200,23-Jan-25
16298,Tarntaran,Tarantaran,Onion,Other,FAQ,2200,2400,2300,30-Jan-25
16299,Khowai,Teliamura,Onion,Nasik,FAQ,3700,3850,3800,06-Jan-25
16300,Tenkasi,Tenkasi(Uzhavar Sandhai ),Onion,Bellary,Local,4000,4000,4000,14-Jan-25
16301,Kannur,Thalasserry,Onion,1st Sort,FAQ,2800,3100,3000,13-Jan-25
16302,Kannur,Thalasserry,Onion,1st Sort,FAQ,3000,3300,3100,29-Jan-25
16303,Kannur,Thalasserry,Onion,1st Sort,FAQ,3400,3600,3500,28-Jan-25
16304,Erode,Thalavadi(Uzhavar Sandhai ),Onion,Bellary,Local,3500,4000,4000,12-Jan-25
16305,Erode,Thalavadi(Uzhavar Sandhai ),Onion,Bellary,Local,4000,4500,4500,15-Jan-25
16306,Erode,Thalavadi(Uzhavar Sandhai ),Onion,Bellary,Local,4000,4600,4600,16-Jan-25
16307,Virudhunagar,Thalavaipuram(Uzhavar Sandhai ),Onion,Bellary,Local,3500,4000,4000,03-Jan-25
16308,Virudhunagar,Thalavaipuram(Uzhavar Sandhai ),Onion,Bellary,Local,4000,5000,5000,21-Jan-25
16309,Virudhunagar,Thalavaipuram(Uzhavar Sandhai ),Onion,Bellary,Local,4200,5500,5500,13-Jan-25
16310,Virudhunagar,Thalavaipuram(Uzhavar Sandhai ),Onion,Bellary,Local,4500,5000,5000,12-Jan-25
16311,Virudhunagar,Thalavaipuram(Uzhavar Sandhai ),Onion,Bellary,Local,4500,5000,5000,30-Jan-25
16312,Kottayam,Thalayolaparambu,Onion,Onion,FAQ,9200,9600,9400,08-Jan-25
16313,Salem,Thammampatti (Uzhavar Sandhai ),Onion,Bellary,Local,5000,5500,5500,22-Jan-25
16314,Kurukshetra,Thanesar,Onion,Onion,FAQ,1800,2800,2300,30-Jan-25
16315,Salem,Thathakapatti(Uzhavar Sandhai ),Onion,Bellary,Local,4500,5000,5000,20-Jan-25
16316,Salem,Thathakapatti(Uzhavar Sandhai ),Onion,Bellary,Local,5000,5600,5600,13-Jan-25
16317,Salem,Thathakapatti(Uzhavar Sandhai ),Onion,Bellary,Local,5000,5600,5600,15-Jan-25
16318,Salem,Thathakapatti(Uzhavar Sandhai ),Onion,Bellary,Local,5000,5800,5800,27-Jan-25
16319,Theni,Theni(Uzhavar Sandhai ),Onion,Bellary,Local,0,4000,4000,18-Jan-25
16320,Theni,Theni(Uzhavar Sandhai ),Onion,Bellary,Local,4000,4500,4500,21-Jan-25
16321,Chengalpattu,Thirukalukundram(Uzhavar Sandhai ),Onion,Bellary,Local,4000,4500,4500,02-Jan-25
16322,Chengalpattu,Thirukalukundram(Uzhavar Sandhai ),Onion,Bellary,Local,4000,4500,4500,17-Jan-25
16323,Madurai,Thirumangalam(Uzhavar Sandhai ),Onion,Bellary,Local,4500,5200,5200,20-Jan-25
16324,Vellore,Thirupathur,Onion,Bellary,Local,4500,4500,4500,19-Jan-25
16325,Vellore,Thirupathur,Onion,Bellary,Local,4500,4500,4500,22-Jan-25
16326,Vellore,Thirupathur,Onion,Bellary,Local,4500,4500,4500,26-Jan-25
16327,Malappuram,Thirurrangadi,Onion,Other,Non-FAQ,3900,3900,3900,26-Jan-25
16328,Malappuram,Thirurrangadi,Onion,Other,Non-FAQ,3900,3900,3900,27-Jan-25
16329,Malappuram,Thirurrangadi,Onion,Other,Non-FAQ,4400,4400,4400,22-Jan-25
16330,Idukki,Thodupuzha,Onion,Big,FAQ,3800,4000,4000,02-Jan-25
16331,Idukki,Thodupuzha,Onion,Big,FAQ,3800,4000,4000,06-Jan-25
16332,Idukki,Thodupuzha,Onion,Big,FAQ,3800,4000,4000,20-Jan-25
16333,Ludhiana,Ludhiana,Onion,Other,FAQ,800,3100,2000,06-Jan-25
16334,Ajmer,Madanganj Kishangarh,Onion,1st Sort,FAQ,2500,3000,2800,01-Feb-25
16335,Alappuzha,Madhavapuram,Onion,Other,FAQ,7000,8200,7500,13-Jan-25
16336,Chengalpattu,Madhuranthagam(Uzhavar Sandhai ),Onion,Bellary,Local,4000,5000,5000,03-Jan-25
16337,Hyderabad,Mahboob Manison,Onion,1st Sort,FAQ,2300,3000,2500,30-Jan-25
16338,Hyderabad,Mahboob Manison,Onion,1st Sort,FAQ,2500,3400,2700,24-Jan-25
16339,Hyderabad,Mahboob Manison,Onion,1st Sort,FAQ,2800,3800,3200,10-Jan-25
16340,Mahoba,Mahoba,Onion,Red,FAQ,2300,2400,2380,09-Jan-25
16341,Mahoba,Mahoba,Onion,Red,FAQ,2300,2420,2350,12-Jan-25
16342,Mahoba,Mahoba,Onion,Red,FAQ,2300,2420,2350,16-Jan-25
16343,Bhavnagar,Mahuva(Station Road),Onion,Red,FAQ,750,2360,1555,15-Jan-25
16344,Bhavnagar,Mahuva(Station Road),Onion,Red,FAQ,790,2640,1715,04-Jan-25
16345,Bhavnagar,Mahuva(Station Road),Onion,White,FAQ,1310,2305,1810,21-Jan-25
16346,Khiri (Lakhimpur),Maigalganj,Onion,Red,FAQ,2800,2850,2825,24-Jan-25
16347,Khiri (Lakhimpur),Maigalganj,Onion,Red,FAQ,2800,2860,2830,28-Jan-25
16348,Mainpuri,Mainpuri,Onion,Red,FAQ,2100,2300,2200,03-Jan-25
16349,Mainpuri,Mainpuri,Onion,Red,FAQ,2100,2300,2200,10-Jan-25
16350,Mainpuri,Mainpuri,Onion,Red,FAQ,2260,2450,2375,14-Jan-25
16351,Sangrur,Malerkotla,Onion,Other,FAQ,1500,2000,1800,31-Jan-25
16352,Buldhana,Malkapur,Onion,Local,FAQ,1000,2300,1500,02-Jan-25
16353,Buldhana,Malkapur,Onion,Local,FAQ,1100,2205,1600,16-Jan-25
16354,Muktsar,Malout,Onion,Onion,FAQ,1000,1600,1400,30-Jan-25
16355,Ferozpur,Mamdot,Onion,Other,FAQ,2600,2700,2650,29-Jan-25
16356,Thiruchirappalli,Manachanallur(Uzhavar Sandhai ),Onion,Bellary,Local,4000,5000,5000,18-Jan-25
16357,Thiruchirappalli,Manachanallur(Uzhavar Sandhai ),Onion,Bellary,Local,4600,5600,5600,27-Jan-25
16358,Thiruchirappalli,Manapparai(Uzhavar Sandhai ),Onion,Bellary,Local,4000,5000,5000,29-Jan-25
16359,Thiruchirappalli,Manapparai(Uzhavar Sandhai ),Onion,Bellary,Local,4000,5600,5600,24-Jan-25
16360,Neemuch,Manasa,Onion,Medium,FAQ,100,1640,1640,18-Jan-25
16361,Neemuch,Manasa,Onion,Onion,FAQ,400,1990,800,10-Jan-25
16362,Neemuch,Manasa,Onion,Onion,Non-FAQ,200,1760,300,01-Feb-25
16363,Neemuch,Manasa,Onion,Onion,Non-FAQ,200,2100,1000,27-Jan-25
16364,Dhar,Manawar(F&V),Onion,Onion,FAQ,1800,2000,1900,13-Jan-25
16365,Pune,Manchar,Onion,Other,FAQ,2400,3600,3000,02-Jan-25
16366,Mandi,Mandi(Mandi),Onion,Onion,FAQ,2200,3000,2500,13-Jan-25
16367,Mandi,Mandi(Mandi),Onion,Onion,FAQ,2400,3000,2500,15-Jan-25
16368,Mandi,Mandi(Mandi),Onion,Onion,FAQ,2400,3200,2800,09-Jan-25
16369,Mandi,Mandi(Mandi),Onion,Onion,FAQ,2600,3000,2700,01-Feb-25
16370,Mandsaur,Mandsaur,Onion,Local,FAQ,1820,1820,1820,27-Jan-25
16371,Mandsaur,Mandsaur,Onion,Medium,FAQ,1680,2181,2151,10-Jan-25
16372,Mandsaur,Mandsaur,Onion,Onion,FAQ,100,2454,1300,03-Jan-25
16373,Sholapur,Mangal Wedha,Onion,Local,FAQ,900,3800,2810,22-Jan-25
16374,Haridwar,Manglaur,Onion,Other,FAQ,1500,1650,1600,16-Jan-25
16375,Malappuram,Manjeri,Onion,Other,FAQ,3900,4000,3950,03-Jan-25
16376,Kaushambi,Manjhanpur,Onion,Red,FAQ,1800,1950,1860,29-Jan-25
16377,Kaushambi,Manjhanpur,Onion,Red,FAQ,1980,2150,2060,01-Jan-25
16378,Nashik,Manmad,Onion,White,FAQ,600,2300,2151,01-Jan-25
16379,Nashik,Manmad,Onion,White,Local,512,1550,1311,01-Feb-25
16380,Nashik,Manmad,Onion,White,Local,980,1400,1260,30-Jan-25
16381,Nashik,Manmad,Onion,White,Local,1100,1561,1300,25-Jan-25
16382,Thiruvarur,Mannargudi I(Uzhavar Sandhai ),Onion,Bellary,Local,4400,5600,5600,08-Jan-25
16383,Thiruvarur,Mannargudi I(Uzhavar Sandhai ),Onion,Bellary,Local,4400,6000,6000,22-Jan-25
16384,Kanpur,Uttaripura,Onion,Red,FAQ,2215,2415,2315,09-Jan-25
16385,Kanpur,Uttaripura,Onion,Red,FAQ,2260,2460,2360,17-Jan-25
16386,Kanpur,Uttaripura,Onion,Red,FAQ,2680,2880,2780,02-Jan-25
16387,Palakad,Vadakkenchery,Onion,Big,FAQ,4000,4500,4250,03-Jan-25
16388,Palakad,Vadakkenchery,Onion,Big,FAQ,4500,5000,4750,31-Jan-25
16389,Nagercoil (Kannyiakumari),Vadaseri,Onion,Bellary,Local,4800,5000,5000,25-Jan-25
16390,Nagercoil (Kannyiakumari),Vadaseri,Onion,Bellary,Local,5000,5500,5500,09-Jan-25
16391,Coimbatore,Vadavalli(Uzhavar Sandhai ),Onion,Bellary,Local,3800,4300,4300,26-Jan-25
16392,Kolhapur,Vadgaonpeth,Onion,Local,FAQ,3000,4000,3600,08-Jan-25
16393,Surendranagar,Vadhvan,Onion,Onion,FAQ,1000,1500,1250,06-Jan-25
16394,Vadodara(Baroda),Vadodara(Sayajipura),Onion,Other,FAQ,1000,2800,1950,01-Feb-25
16395,Chattrapati Sambhajinagar,Vaijpur,Onion,Red,FAQ,500,2855,2200,25-Jan-25
16396,Chattrapati Sambhajinagar,Vaijpur,Onion,Red,FAQ,500,3000,2200,23-Jan-25
16397,Thiruvarur,Valangaiman,Onion,Bellary,Local,4600,4600,4600,05-Jan-25
16398,Thiruvarur,Valangaiman,Onion,Bellary,Local,4600,4600,4600,08-Jan-25
16399,Thiruvarur,Valangaiman,Onion,Bellary,Local,5000,5000,5000,10-Jan-25
16400,Thiruvarur,Valangaiman,Onion,Bellary,Local,5400,5400,5400,11-Jan-25
16401,Thiruvananthapuram,Vamanapuram,Onion,Other,FAQ,3500,4000,4000,11-Jan-25
16402,Varanasi,Varanasi,Onion,Red,FAQ,2140,2265,2175,23-Jan-25
16403,Kanpur,Varipaal,Onion,Red,Non-FAQ,1800,1800,1800,18-Jan-25
16404,Dindigul,Vedasanthur(Uzhavar Sandhai ),Onion,Bellary,Local,3600,5000,5000,26-Jan-25
16405,Dindigul,Vedasanthur(Uzhavar Sandhai ),Onion,Bellary,Local,5000,5600,5600,10-Jan-25
16406,Vellore,Vellore,Onion,Bellary,Local,4000,4400,4400,23-Jan-25
16407,Vellore,Vellore,Onion,Bellary,Local,4000,4500,4500,02-Jan-25
16408,Kozhikode(Calicut),Vengeri(Kozhikode),Onion,Onion,FAQ,3400,3700,3700,23-Jan-25
16409,Dehradoon,Vikasnagar,Onion,Other,FAQ,1500,1600,1600,23-Jan-25
16410,Ballia,Vilthararoad,Onion,Other,FAQ,2500,2600,2550,15-Jan-25
16411,Ballia,Vilthararoad,Onion,Other,FAQ,2500,2600,2550,16-Jan-25
16412,Pudukkottai,Viralimalai(Uzhavar Sandhai ),Onion,Bellary,Local,4500,5000,5000,03-Jan-25
16413,Virudhunagar,Virudhunagar(Uzhavar Sandhai ),Onion,Bellary,Local,3700,4500,4500,17-Jan-25
16414,Virudhunagar,Virudhunagar(Uzhavar Sandhai ),Onion,Bellary,Local,4500,4600,4600,20-Jan-25
16415,Virudhunagar,Virudhunagar(Uzhavar Sandhai ),Onion,Bellary,Local,4500,4600,4600,25-Jan-25
16416,Cuddalore,Viruthachalam(Uzhavar Sandhai ),Onion,Bellary,Local,4000,4000,4000,25-Jan-25
16417,Cuddalore,Viruthachalam(Uzhavar Sandhai ),Onion,Bellary,Local,5000,5500,5500,03-Jan-25
16418,Junagarh,Visavadar,Onion,Onion,FAQ,630,1750,1190,07-Jan-25
16419,Junagarh,Visavadar,Onion,Onion,FAQ,710,1430,1070,23-Jan-25
16420,Pillibhit,Vishalpur,Onion,Red,FAQ,2215,2280,2250,09-Jan-25
16421,Pillibhit,Vishalpur,Onion,Red,FAQ,2220,2260,2245,30-Jan-25
16422,Pillibhit,Vishalpur,Onion,Red,FAQ,2220,2265,2240,22-Jan-25
16423,Sitapur,Viswan,Onion,Red,FAQ,2550,2590,2570,06-Jan-25
16424,Sitapur,Viswan,Onion,Red,FAQ,2580,2620,2600,08-Jan-25
16425,Thirssur,Wadakkanchery,Onion,Onion,FAQ,3800,4200,4200,01-Feb-25
16426,Thirssur,Wadakkanchery,Onion,Onion,FAQ,4500,4800,4800,07-Jan-25
16427,Thirssur,Wadakkanchery,Onion,Onion,FAQ,4600,4800,4800,24-Jan-25
16428,Badaun,Wazirganj,Onion,Red,Non-FAQ,2200,2300,2250,20-Jan-25
16429,Yamuna Nagar,Yamuna Nagar,Onion,Other,FAQ,600,2400,1700,27-Jan-25
16430,Jalgaon,Yawal,Onion,Red,FAQ,1200,1630,1400,11-Jan-25
16431,Jalgaon,Yawal,Onion,Red,FAQ,1220,1650,1400,12-Jan-25
16432,Nashik,Yeola,Onion,Red,FAQ,400,2501,2100,23-Jan-25
16433,Nashik,Yeola,Onion,Red,FAQ,625,2726,2000,03-Jan-25
16434,Idukki,Thodupuzha,Onion,Small,Non-FAQ,9300,9500,9500,18-Jan-25
16435,Thoubal,Thoubal,Onion,Other,FAQ,4000,4500,4250,28-Jan-25
16436,Thoubal,Thoubal,Onion,Other,FAQ,4500,5000,4750,16-Jan-25
16437,Ernakulam,Thrippunithura,Onion,Big,FAQ,4000,4200,4000,16-Jan-25
16438,Ernakulam,Thrippunithura,Onion,Big,FAQ,4200,4800,4200,28-Jan-25
16439,Thiruchirappalli,Thuraiyur,Onion,Bellary,Local,4500,5000,5000,16-Jan-25
16440,Thiruchirappalli,Thuraiyur,Onion,Bellary,Local,4500,5500,5500,26-Jan-25
16441,Shahjahanpur,Tilhar,Onion,Red,FAQ,2090,2190,2140,11-Jan-25
16442,Shahjahanpur,Tilhar,Onion,Red,FAQ,2190,2290,2240,21-Jan-25
16443,Villupuram,Tindivanam,Onion,Bellary,Local,4000,4800,4800,28-Jan-25
16444,Bilaspur,Tiphra,Onion,Local,Non-FAQ,2000,2200,2100,29-Jan-25
16445,Namakkal,Tiruchengode,Onion,Bellary,Local,4000,5000,5000,01-Feb-25
16446,Namakkal,Tiruchengode,Onion,Bellary,Local,4000,5000,5000,30-Jan-25
16447,Namakkal,Tiruchengode,Onion,Bellary,Local,4500,5000,5000,04-Jan-25
16448,Namakkal,Tiruchengode,Onion,Bellary,Local,5000,5500,5500,08-Jan-25
16449,Sivaganga,Tirupatthur(Uzhavar Sandhai ),Onion,Bellary,Local,5200,5500,5500,09-Jan-25
16450,Sivaganga,Tirupatthur(Uzhavar Sandhai ),Onion,Bellary,Local,5200,5500,5500,19-Jan-25
16451,Sivaganga,Tirupatthur(Uzhavar Sandhai ),Onion,Bellary,Local,5200,5500,5500,22-Jan-25
16452,Sivaganga,Tirupatthur(Uzhavar Sandhai ),Onion,Bellary,Local,5200,5500,5500,23-Jan-25
16453,Sivaganga,Tirupatthur(Uzhavar Sandhai ),Onion,Bellary,Local,5200,5500,5500,29-Jan-25
16454,Thirupur,Tiruppur (North) (Uzhavar Sandhai ),Onion,Bellary,Local,3600,4000,4000,01-Jan-25
16455,Thirupur,Tiruppur (South) (Uzhavar Sandhai ),Onion,Bellary,Local,3000,3500,3500,07-Jan-25
16456,Thiruvellore,Tiruvallur(Uzhavar Sandhai ),Onion,Bellary,Local,4500,4500,4500,01-Jan-25
16457,Thiruvellore,Tiruvallur(Uzhavar Sandhai ),Onion,Bellary,Local,4600,4600,4600,23-Jan-25
16458,Thiruvannamalai,Tiruvannamalai(Uzhavar Sandhai ),Onion,Bellary,Local,4000,5000,5000,03-Jan-25
16459,Thiruvannamalai,Tiruvannamalai(Uzhavar Sandhai ),Onion,Bellary,Local,4000,5000,5000,17-Jan-25
16460,Thiruvannamalai,Tiruvannamalai(Uzhavar Sandhai ),Onion,Bellary,Local,4500,5000,5000,01-Jan-25
16461,Thiruvarur,Tiruvarur(Uzhavar Sandhai ),Onion,Bellary,Local,4000,5000,5000,31-Jan-25
16462,Thiruvarur,Tiruvarur(Uzhavar Sandhai ),Onion,Bellary,Local,4000,5600,5600,04-Jan-25
16463,Thiruvarur,Tiruvarur(Uzhavar Sandhai ),Onion,Bellary,Local,4000,5600,5600,12-Jan-25
16464,Balrampur,Tulsipur,Onion,Red,FAQ,2400,2450,2430,09-Jan-25
16465,Balrampur,Tulsipur,Onion,Red,FAQ,2500,2550,2530,22-Jan-25
16466,Firozabad,Tundla,Onion,Red,FAQ,2225,2275,2250,22-Jan-25
16467,Firozabad,Tundla,Onion,Red,FAQ,2280,2325,2300,21-Jan-25
16468,Tuticorin,Tuticorin(Uzhavar Sandhai ),Onion,Bellary,Local,4500,5000,5000,07-Jan-25
16469,Tuticorin,Tuticorin(Uzhavar Sandhai ),Onion,Bellary,Local,4500,5000,5000,18-Jan-25
16470,Mayurbhanja,Udala,Onion,Onion,FAQ,3300,3400,3300,24-Jan-25
16471,Mayurbhanja,Udala,Onion,Onion,FAQ,3400,3700,3500,19-Jan-25
16472,The Nilgiris,Udhagamandalam(Uzhavar Sandhai ),Onion,Bellary,Local,4000,4500,4500,01-Feb-25
16473,The Nilgiris,Udhagamandalam(Uzhavar Sandhai ),Onion,Bellary,Local,4500,4800,4800,23-Jan-25
16474,Udhampur,Udhampur,Onion,Other,FAQ,3000,3500,3250,10-Jan-25
16475,Coimbatore,Udumalpet,Onion,Bellary,Local,4000,4400,4400,13-Jan-25
16476,Coimbatore,Udumalpet,Onion,Bellary,Local,4000,4400,4400,14-Jan-25
16477,Coimbatore,Udumalpet,Onion,Bellary,Local,4200,4800,4800,28-Jan-25
16478,Coimbatore,Udumalpet,Onion,Bellary,Local,4500,5000,5000,01-Jan-25
16479,Coimbatore,Udumalpet,Onion,Bellary,Local,4500,5000,5000,07-Jan-25
16480,Udupi,Udupi,Onion,Onion,FAQ,3000,3600,3400,27-Jan-25
16481,Badaun,Ujhani,Onion,Red,FAQ,2200,2300,2250,10-Jan-25
16482,Ferozpur,Zira,Onion,Local,FAQ,2000,2500,2300,01-Feb-25
16483,Ferozpur,Zira,Onion,Local,FAQ,2600,2800,2700,22-Jan-25
16484,Badaun,Ujhani,Onion,Red,FAQ,2200,2300,2250,21-Jan-25
16485,Badaun,Ujhani,Onion,Red,FAQ,2250,2350,2300,15-Jan-25
16486,Ujjain,Ujjain,Onion,Onion,FAQ,855,1969,1969,29-Jan-25
16487,Hissar,Uklana,Onion,Onion,FAQ,1800,1800,1800,03-Jan-25
16488,Hissar,Uklana,Onion,Onion,FAQ,1800,2000,2000,27-Jan-25
16489,Hissar,Uklana,Onion,Onion,FAQ,2000,2000,2000,22-Jan-25
16490,Howrah,Uluberia,Onion,Other,FAQ,3000,3400,3200,30-Jan-25
16491,Unnao,Unnao,Onion,Red,FAQ,2050,2225,2150,30-Jan-25
16492,Unnao,Unnao,Onion,Red,FAQ,2250,2350,2300,24-Jan-25
16493,Madurai,Usilampatty,Onion,Bellary,Local,4500,5000,5000,28-Jan-25
16494,Kanpur,Uttaripura,Onion,Red,FAQ,2220,2420,2320,11-Jan-25
16495,Kolhapur,Vadgaonpeth,Onion,Local,FAQ,2500,3500,3000,18-Jan-25
16496,Chattrapati Sambhajinagar,Vaijpur,Onion,Red,FAQ,500,2800,2200,04-Jan-25
16497,Thiruvananthapuram,Vamanapuram,Onion,Other,FAQ,4000,4500,4000,17-Jan-25
16498,Thirupathur,Vaniyampadi(Uzhavar Sandhai ),Onion,Bellary,Local,4000,4000,4000,19-Jan-25
16499,Thirupathur,Vaniyampadi(Uzhavar Sandhai ),Onion,Bellary,Local,4500,5000,5000,07-Jan-25
16500,Thirupathur,Vaniyampadi(Uzhavar Sandhai ),Onion,Bellary,Local,5000,5000,5000,09-Jan-25
16501,Thirupathur,Vaniyampadi(Uzhavar Sandhai ),Onion,Bellary,Local,5000,5000,5000,14-Jan-25
16502,Varanasi,Varanasi,Onion,Red,FAQ,2325,2450,2380,17-Jan-25
16503,Mumbai,Vashi New Mumbai,Onion,Other,FAQ,1000,2900,1950,20-Jan-25
16504,Mumbai,Vashi New Mumbai,Onion,Other,FAQ,1000,3100,2050,09-Jan-25
16505,Dindigul,Vedasanthur(Uzhavar Sandhai ),Onion,Bellary,Local,4000,4400,4400,29-Jan-25
16506,Karur,Velayuthampalayam(Uzhavar Sandhai ),Onion,Bellary,Local,4000,5000,5000,10-Jan-25
16507,Karur,Velayuthampalayam(Uzhavar Sandhai ),Onion,Bellary,Local,4000,5000,5000,16-Jan-25
16508,Karur,Velayuthampalayam(Uzhavar Sandhai ),Onion,Bellary,Local,4000,5000,5000,21-Jan-25
16509,Vellore,Vellore,Onion,Bellary,Local,4200,4500,4500,03-Jan-25
16510,Dehradoon,Vikasnagar,Onion,Other,FAQ,1000,2000,2000,15-Jan-25
16511,Virudhunagar,Virudhunagar(Uzhavar Sandhai ),Onion,Bellary,Local,4500,4600,4600,22-Jan-25
16512,Virudhunagar,Virudhunagar(Uzhavar Sandhai ),Onion,Bellary,Local,4600,4700,4700,01-Jan-25
16513,Virudhunagar,Virudhunagar(Uzhavar Sandhai ),Onion,Bellary,Local,5000,5200,5200,06-Jan-25
16514,Virudhunagar,Virudhunagar(Uzhavar Sandhai ),Onion,Bellary,Local,5500,5600,5600,04-Jan-25
16515,Cuddalore,Viruthachalam(Uzhavar Sandhai ),Onion,Bellary,Local,4000,4000,4000,26-Jan-25
16516,Cuddalore,Viruthachalam(Uzhavar Sandhai ),Onion,Bellary,Local,4000,4000,4000,29-Jan-25
16517,Cuddalore,Viruthachalam(Uzhavar Sandhai ),Onion,Bellary,Local,4000,5000,5000,05-Jan-25
16518,Pillibhit,Vishalpur,Onion,Red,FAQ,2200,2250,2220,16-Jan-25
16519,Sitapur,Viswan,Onion,Red,FAQ,2500,2540,2520,02-Jan-25
16520,Badaun,Wazirganj,Onion,Red,FAQ,2150,2250,2200,25-Jan-25
16521,Yamuna Nagar,Yamuna Nagar,Onion,Other,FAQ,700,2800,2000,02-Jan-25
16522,Jalgaon,Yawal,Onion,Red,FAQ,1260,1610,1330,23-Jan-25
16523,Nashik,Yeola,Onion,Red,Local,281,2495,1800,29-Jan-25
16524,Ferozpur,Zira,Onion,Local,FAQ,2300,2500,2400,17-Jan-25
16525,Ferozpur,Zira,Onion,Local,FAQ,2500,2900,2700,09-Jan-25
16526,Mohali,Dera Bassi,Onion,Other,FAQ,2200,2300,2300,25-Jan-25
16527,Mohali,Dera Bassi,Onion,Other,FAQ,2200,2400,2200,30-Jan-25
16528,Mohali,Dera Bassi,Onion,Other,FAQ,2400,2500,2500,04-Jan-25
16529,Sivaganga,Devakottai (Uzhavar Sandhai ),Onion,Bellary,Local,4800,5400,5400,31-Jan-25
16530,Sivaganga,Devakottai (Uzhavar Sandhai ),Onion,Bellary,Local,5400,5800,5800,02-Jan-25
16531,Nashik,Devala,Onion,Red,FAQ,900,2905,2500,06-Jan-25
16532,Theni,Devaram(Uzhavar Sandhai ),Onion,Bellary,Local,4400,4400,4400,21-Jan-25
16533,Deoria,Devariya,Onion,Red,FAQ,2220,2250,2240,11-Jan-25
16534,Dhar,Dhamnod(F&V),Onion,Onion,FAQ,1200,2000,1500,27-Jan-25
16535,Dhar,Dhamnod(F&V),Onion,Onion,FAQ,1800,3000,2000,05-Jan-25
16536,Amroha,Dhanaura,Onion,Medium,Non-FAQ,1200,1600,1400,20-Jan-25
16537,Kaithal,Dhand,Onion,Other,FAQ,2000,2200,2180,17-Jan-25
16538,Kaithal,Dhand,Onion,Other,FAQ,3000,3300,3200,23-Jan-25
16539,Mandi,Dhanotu (Mandi),Onion,Other,FAQ,2000,2800,2400,13-Jan-25
16540,Kangra,Dharamshala,Onion,Other,FAQ,3000,3400,3200,18-Jan-25
16541,Kangra,Dharamshala,Onion,Other,FAQ,3000,3500,3250,20-Jan-25
16542,Kangra,Dharamshala,Onion,Other,FAQ,3200,3400,3300,23-Jan-25
16543,Kangra,Dharamshala,Onion,Other,FAQ,3200,3800,3550,04-Jan-25
16544,Kangra,Dharamshala,Onion,Other,FAQ,3400,3800,3600,08-Jan-25
16545,Thirupur,Dharapuram(Uzhavar Sandhai ),Onion,Bellary,Local,4000,4500,4500,21-Jan-25
16546,Thirupur,Dharapuram(Uzhavar Sandhai ),Onion,Bellary,Local,4000,4600,4600,03-Jan-25
16547,Thirupur,Dharapuram(Uzhavar Sandhai ),Onion,Bellary,Local,4500,5000,5000,04-Jan-25
16548,Dharmapuri,Dharmapuri(Uzhavar Sandhai ),Onion,Bellary,Local,4100,4400,4400,18-Jan-25
16549,Jalpaiguri,Dhupguri,Onion,Nasik,FAQ,2900,3100,3000,11-Jan-25
16550,Sangrur,Dhuri,Onion,Other,FAQ,2100,2500,2300,02-Jan-25
16551,Gurdaspur,Dinanagar,Onion,Other,FAQ,2500,3000,2500,14-Jan-25
16552,Dindigul,Dindigul(Uzhavar Sandhai ),Onion,Bellary,Local,4000,5000,5000,01-Jan-25
16553,Dindigul,Dindigul(Uzhavar Sandhai ),Onion,Bellary,Local,5000,5600,5600,04-Jan-25
16554,Nashik,Dindori(Vani),Onion,Red,FAQ,1901,3043,2451,06-Jan-25
16555,Bangalore,Doddaballa Pur,Onion,Onion,Ref grade-1,3000,4000,3500,31-Jan-25
16556,Mau(Maunathbhanjan),Doharighat,Onion,Red,FAQ,3400,3500,3450,09-Jan-25
16557,Mau(Maunathbhanjan),Doharighat,Onion,Red,FAQ,3400,3500,3455,01-Jan-25
16558,Patiala,Dudhansadhan,Onion,Other,FAQ,2800,3000,2900,12-Jan-25
16559,Patiala,Dudhansadhan,Onion,Other,FAQ,3300,3500,3400,02-Jan-25
16560,Durg,Durg,Onion,Onion,Local,2000,2200,2200,16-Jan-25
16561,Durg,Durg,Onion,Onion,Local,2700,2800,2800,11-Jan-25
16562,Durg,Durg,Onion,Onion,Local,3000,3200,3000,01-Jan-25
16563,Salem,Edapadi (Uzhavar Sandhai ),Onion,Bellary,Local,5000,5600,5600,14-Jan-25
16564,Salem,Edapadi (Uzhavar Sandhai ),Onion,Bellary,Local,5000,6000,6000,08-Jan-25
16565,Salem,Edapadi (Uzhavar Sandhai ),Onion,Bellary,Local,5500,6000,6000,03-Jan-25
16566,Salem,Elampillai(Uzhavar Sandhai ),Onion,Bellary,Local,5000,5500,5500,30-Jan-25
16567,Salem,Elampillai(Uzhavar Sandhai ),Onion,Bellary,Local,5000,5600,5600,14-Jan-25
16568,Malda,English Bazar,Onion,Other,FAQ,2000,2800,2500,16-Jan-25
16569,Malda,English Bazar,Onion,Other,FAQ,2000,2800,2500,17-Jan-25
16570,Malda,English Bazar,Onion,Other,FAQ,2300,3000,2500,09-Jan-25
16571,Etah,Etah,Onion,Red,FAQ,2000,2500,2175,12-Jan-25
16572,Etawah,Etawah,Onion,Red,FAQ,2100,2400,2300,08-Jan-25
16573,Kottayam,Ettumanoor,Onion,Big,FAQ,4000,4400,4200,03-Jan-25
16574,Kottayam,Ettumanoor,Onion,Big,FAQ,4600,5000,4800,26-Jan-25
16575,Kottayam,Ettumanoor,Onion,Onion,FAQ,9400,9800,9600,27-Jan-25
16576,Kottayam,Ettumanoor,Onion,Onion,FAQ,9500,9800,9600,20-Jan-25
16577,Thirssur,Irinjalakkuda,Onion,Other,FAQ,5000,5000,5000,20-Jan-25
16578,Amethi,Jafarganj,Onion,Red,FAQ,2300,2380,2340,23-Jan-25
16579,Amethi,Jafarganj,Onion,Red,FAQ,2340,2720,2380,09-Jan-25
16580,Amethi,Jafarganj,Onion,Red,FAQ,2420,2500,2460,04-Jan-25
16581,Yamuna Nagar,Jagadhri,Onion,Other,FAQ,2400,2600,2500,01-Jan-25
16582,Yamuna Nagar,Jagadhri,Onion,Other,FAQ,2400,2600,2550,11-Jan-25
16583,Agra,Jagnair,Onion,Red,FAQ,1500,1600,1550,16-Jan-25
16584,Agra,Jagnair,Onion,Red,FAQ,1600,1700,1650,04-Jan-25
16585,Ludhiana,Jagraon,Onion,Other,FAQ,1800,2500,2300,17-Jan-25
16586,Bulandshahar,Jahangirabad,Onion,Red,FAQ,2255,2445,2350,16-Jan-25
16587,Bulandshahar,Jahangirabad,Onion,Red,FAQ,2347,2555,2450,04-Jan-25
16588,Madhubani,Jainagar,Onion,Medium,FAQ,3800,4000,3900,11-Jan-25
16589,Jaipur,Jaipur (F&V),Onion,Other,FAQ,1500,2600,2050,15-Jan-25
16590,Fatehabad,Jakhal,Onion,Other,FAQ,2500,2500,2500,13-Jan-25
16591,Salem,Jalagandapuram(Uzhavar Sandhai ),Onion,Bellary,Local,5000,5400,5400,13-Jan-25
16592,Salem,Jalagandapuram(Uzhavar Sandhai ),Onion,Bellary,Local,5000,5500,5500,10-Jan-25
16593,Jalana,Jalana,Onion,Local,FAQ,600,3000,2000,23-Jan-25
16594,Jalana,Jalana,Onion,Other,FAQ,250,1600,800,15-Jan-25
16595,Jalana,Jalana,Onion,Other,FAQ,900,6500,2100,01-Jan-25
16596,Jalandhar,Jalandhar City(Jalandhar),Onion,Other,FAQ,500,1500,1000,29-Jan-25
16597,Jalaun (Orai),Jalaun,Onion,Red,FAQ,1600,2000,1800,23-Jan-25
16598,Balasore,Jaleswar,Onion,Other,FAQ,2300,2700,2500,05-Jan-25
16599,Jalpaiguri,Jalpaiguri Sadar,Onion,Nasik,FAQ,2800,3000,2900,29-Jan-25
16600,Jalpaiguri,Jalpaiguri Sadar,Onion,Nasik,FAQ,2900,3100,3000,13-Jan-25
16601,Jalpaiguri,Jalpaiguri Sadar,Onion,Nasik,FAQ,2900,3100,3000,17-Jan-25
16602,Chengalpattu,Jameenrayapettai(Uzhavar Sandhai ),Onion,Bellary,Local,3000,5000,5000,02-Jan-25
16603,Chengalpattu,Jameenrayapettai(Uzhavar Sandhai ),Onion,Bellary,Local,3000,5000,5000,14-Jan-25
16604,Chengalpattu,Jameenrayapettai(Uzhavar Sandhai ),Onion,Bellary,Local,3500,5000,5000,29-Jan-25
16605,Murshidabad,Jangipur,Onion,Red,FAQ,2735,2790,2765,25-Jan-25
16606,Murshidabad,Jangipur,Onion,Red,FAQ,2735,2790,2765,26-Jan-25
16607,Murshidabad,Jangipur,Onion,Red,FAQ,2745,2800,2775,18-Jan-25
16608,Murshidabad,Jangipur,Onion,Red,FAQ,2745,2800,2780,22-Jan-25
16609,Murshidabad,Jangipur,Onion,Red,FAQ,2945,3000,2975,08-Jan-25
16610,Ratlam,Jaora,Onion,Onion,FAQ,600,2273,1500,09-Jan-25
16611,Prayagraj,Jasra,Onion,Red,FAQ,1935,2080,2000,21-Jan-25
16612,Etawah,Jasvantnagar,Onion,Red,FAQ,2570,2670,2620,02-Jan-25
16613,Jaunpur,Jaunpur,Onion,Red,FAQ,2500,2600,2550,06-Jan-25
16614,Jaunpur,Jaunpur,Onion,Red,FAQ,2525,2625,2575,08-Jan-25
16615,Raebarelli,Jayas,Onion,Red,FAQ,2200,2300,2250,29-Jan-25
16616,Raebarelli,Jayas,Onion,Red,FAQ,2400,2550,2460,05-Jan-25
16617,Rajkot,Jetpur(Dist.Rajkot),Onion,Onion,FAQ,505,1900,1505,08-Jan-25
16618,Rajkot,Jetpur(Dist.Rajkot),Onion,Onion,FAQ,605,2305,1780,24-Jan-25
16619,Ariyalur,Jeyankondam (Uzhavar Sandhai ),Onion,Bellary,Local,4000,4600,4600,05-Jan-25
16620,Jhansi,Jhansi,Onion,Red,FAQ,1900,2065,2000,08-Jan-25
16621,Jharsuguda,Jharsuguda,Onion,Other,Non-FAQ,3000,4000,3500,24-Jan-25
16622,Jind,Jind,Onion,Other,FAQ,1500,2500,2100,16-Jan-25
16623,Jodhpur,Jodhpur (F&V),Onion,Other,FAQ,1000,2000,1500,02-Jan-25
16624,Jodhpur,Jodhpur (F&V),Onion,Other,FAQ,1000,2000,1500,16-Jan-25
16625,Jodhpur,Jodhpur (F&V),Onion,Other,FAQ,1000,2000,1500,17-Jan-25
16626,Jodhpur,Jodhpur (F&V),Onion,Other,FAQ,1000,2200,1600,03-Jan-25
16627,Jodhpur,Jodhpur (F&V),Onion,Other,FAQ,1000,2200,1600,29-Jan-25
16628,Sivaganga,Sivagangai (Uzhavar Sandhai ),Onion,Bellary,Local,5000,5400,5400,20-Jan-25
16629,Virudhunagar,Sivakasi(Uzhavar Sandhai ),Onion,Bellary,Local,4400,4500,4500,23-Jan-25
16630,Kaithal,Siwan,Onion,Other,FAQ,2400,2500,2500,02-Jan-25
16631,Kaithal,Siwan,Onion,Other,FAQ,2400,2500,2500,20-Jan-25
16632,Kaithal,Siwan,Onion,Other,FAQ,2500,2650,2600,24-Jan-25
16633,Kaithal,Siwan,Onion,Other,FAQ,2600,2700,2700,31-Jan-25
16634,Kaithal,Siwan,Onion,Other,FAQ,2700,2800,2800,10-Jan-25
16635,Gurgaon,Sohna,Onion,Onion,FAQ,2000,2500,2500,09-Jan-25
16636,Solan,Solan,Onion,Other,FAQ,2200,2800,2700,17-Jan-25
16637,Solan,Solan,Onion,Other,FAQ,2500,3000,2800,23-Jan-25
16638,Solan,Solan,Onion,Other,FAQ,2600,2700,2700,20-Jan-25
16639,Solan,Solan,Onion,Other,FAQ,2600,3000,2800,22-Jan-25
16640,Solan,Solan(Nalagarh),Onion,Other,FAQ,2600,3000,2800,24-Jan-25
16641,Sholapur,Solapur,Onion,Red,FAQ,200,3500,1400,10-Jan-25
16642,Sholapur,Solapur,Onion,Red,FAQ,300,4100,1900,04-Jan-25
16643,Sholapur,Solapur,Onion,Red,Local,200,3500,1600,01-Feb-25
16644,Sonipat,Sonepat(Kharkhoda),Onion,Other,FAQ,2500,3200,2800,04-Jan-25
16645,Shajapur,Soyatkalan,Onion,Onion,FAQ,720,720,720,30-Jan-25
16646,Ganganagar,Sriganganagar (F&V),Onion,Other,FAQ,2100,2500,2300,21-Jan-25
16647,Ganganagar,Sriganganagar (F&V),Onion,Other,FAQ,2200,2600,2400,22-Jan-25
16648,Virudhunagar,Srivilliputhur(Uzhavar Sandhai ),Onion,Bellary,Local,5500,6000,6000,03-Jan-25
16649,Virudhunagar,Srivilliputhur(Uzhavar Sandhai ),Onion,Bellary,Local,5500,6000,6000,10-Jan-25
16650,Churu,Sujangarh,Onion,Other,FAQ,2000,2200,2100,29-Jan-25
16651,Amethi,Sultanpur,Onion,Red,FAQ,2000,2160,2080,31-Jan-25
16652,Amethi,Sultanpur,Onion,Red,FAQ,2100,2255,2150,28-Jan-25
16653,Amethi,Sultanpur,Onion,Red,FAQ,2255,2360,2300,15-Jan-25
16654,Coimbatore,Sulur(Uzhavar Sandhai ),Onion,Bellary,Local,3500,4000,4000,17-Jan-25
16655,Coimbatore,Sulur(Uzhavar Sandhai ),Onion,Bellary,Local,3600,4000,4000,18-Jan-25
16656,Coimbatore,Sulur(Uzhavar Sandhai ),Onion,Bellary,Local,3800,4200,4200,01-Feb-25
16657,Coimbatore,Sulur(Uzhavar Sandhai ),Onion,Bellary,Local,4000,4500,4500,23-Jan-25
16658,Coimbatore,Sundarapuram(Uzhavar Sandhai ),Onion,Bellary,Local,3500,3700,3700,13-Jan-25
16659,Coimbatore,Sundarapuram(Uzhavar Sandhai ),Onion,Bellary,Local,3800,4200,4200,03-Jan-25
16660,Ganganagar,Suratgarh,Onion,1st Sort,FAQ,1500,1800,1600,15-Jan-25
16661,Samastipur,Tajpur,Onion,Medium,FAQ,2500,2700,2700,24-Jan-25
16662,Kannur,Taliparamba,Onion,Onion,FAQ,3700,3900,3800,20-Jan-25
16663,Kannur,Taliparamba,Onion,Onion,FAQ,3900,4100,4000,01-Feb-25
16664,Bhatinda,Talwandi Sabo,Onion,Other,FAQ,2600,2800,2700,27-Jan-25
16665,Bhatinda,Talwandi Sabo,Onion,Other,FAQ,2600,2800,2700,31-Jan-25
16666,Thiruvannamalai,Tamarainagar(Uzhavar Sandhai ),Onion,Bellary,Local,4000,4500,4500,10-Jan-25
16667,Medinipur(E),Tamluk (Medinipur E),Onion,Onion,FAQ,2200,2600,2400,21-Jan-25
16668,Medinipur(E),Tamluk (Medinipur E),Onion,Onion,FAQ,2600,3000,2800,18-Jan-25
16669,Hoshiarpur,Tanda Urmur,Onion,Other,FAQ,2700,3500,3000,01-Feb-25
16670,Hoshiarpur,Tanda Urmur,Onion,Other,FAQ,3500,4000,3800,04-Jan-25
16671,Tarntaran,Tarantaran,Onion,Other,FAQ,2000,2200,2100,31-Jan-25
16672,Tarntaran,Tarantaran,Onion,Other,FAQ,2000,2400,2200,24-Jan-25
16673,Khowai,Teliamura,Onion,Nasik,FAQ,3500,3650,3600,24-Jan-25
16674,Tenkasi,Tenkasi(Uzhavar Sandhai ),Onion,Bellary,Local,4000,4500,4500,16-Jan-25
16675,Kannur,Thalasserry,Onion,1st Sort,FAQ,4300,4600,4500,03-Jan-25
16676,Virudhunagar,Thalavaipuram(Uzhavar Sandhai ),Onion,Bellary,Local,4000,5000,5000,01-Feb-25
16677,Virudhunagar,Thalavaipuram(Uzhavar Sandhai ),Onion,Bellary,Local,4200,4500,4500,01-Jan-25
16678,Virudhunagar,Thalavaipuram(Uzhavar Sandhai ),Onion,Bellary,Local,4500,5000,5000,24-Jan-25
16679,Kottayam,Ettumanoor,Onion,Onion,FAQ,9800,10200,10000,13-Jan-25
16680,Gurdaspur,F.G.Churian,Onion,Onion,FAQ,2300,2500,2400,21-Jan-25
16681,Alipurduar,Falakata,Onion,Other,FAQ,3000,3300,3200,06-Jan-25
16682,Alipurduar,Falakata,Onion,Other,Non-FAQ,2800,4000,2900,24-Jan-25
16683,Gurgaon,Farukh Nagar,Onion,Other,FAQ,1800,2200,1800,02-Jan-25
16684,Gurgaon,Farukh Nagar,Onion,Other,FAQ,2000,2400,2400,27-Jan-25
16685,Farukhabad,Farukhabad,Onion,Red,FAQ,2000,2200,2125,01-Feb-25
16686,Farukhabad,Farukhabad,Onion,Red,FAQ,2375,2600,2500,03-Jan-25
16687,Farukhabad,Farukhabad,Onion,Red,FAQ,2400,2600,2500,10-Jan-25
16688,Fatehabad,Fatehabad,Onion,Other,FAQ,2000,2000,2000,18-Jan-25
16689,Agra,Fatehabad,Onion,Red,FAQ,0,2000,1750,22-Jan-25
16690,Agra,Fatehabad,Onion,Red,FAQ,1500,1800,1650,01-Jan-25
16691,Agra,Fatehabad,Onion,Red,Non-FAQ,1600,1800,1650,20-Jan-25
16692,Fatehpur,Fatehpur,Onion,Red,FAQ,1600,1800,1700,29-Jan-25
16693,Fatehpur,Fatehpur,Onion,Red,FAQ,2000,2300,2150,03-Jan-25
16694,Agra,Fatehpur Sikri,Onion,Red,FAQ,2080,2220,2150,07-Jan-25
16695,Agra,Fatehpur Sikri,Onion,Red,FAQ,2300,2400,2350,18-Jan-25
16696,Fazilka,Fazilka,Onion,Other,FAQ,2000,2500,2200,21-Jan-25
16697,Firozabad,Firozabad,Onion,Red,FAQ,1980,2190,2085,31-Jan-25
16698,Firozabad,Firozabad,Onion,Red,FAQ,2125,2310,2215,08-Jan-25
16699,Firozabad,Firozabad,Onion,Red,FAQ,2280,2460,2370,12-Jan-25
16700,Firozabad,Firozabad,Onion,Red,Non-FAQ,1835,1930,1880,30-Jan-25
16701,Ferozpur,Firozepur City,Onion,Other,FAQ,2500,2800,2650,21-Jan-25
16702,Ferozpur,Firozepur City,Onion,Other,FAQ,3000,3300,3150,13-Jan-25
16703,Maharajganj,Gadaura,Onion,Red,FAQ,2200,2400,2300,03-Jan-25
16704,Maharajganj,Gadaura,Onion,Red,FAQ,2300,2500,2400,21-Jan-25
16705,Malda,Gajol,Onion,Other,FAQ,2000,3000,2500,15-Jan-25
16706,Sonipat,Ganaur,Onion,Onion,FAQ,2800,3000,2800,11-Jan-25
16707,Sonipat,Ganaur,Onion,Onion,Non-FAQ,2800,3000,2800,22-Jan-25
16708,Pudukkottai,Gandarvakottai(Uzhavar Sandhai ),Onion,Bellary,Local,4000,5000,5000,26-Jan-25
16709,Saharanpur,Gangoh,Onion,Red,FAQ,2000,2500,2400,21-Jan-25
16710,Medinipur(W),Garbeta(Medinipur),Onion,Onion,FAQ,2400,2800,2600,18-Jan-25
16711,Hoshiarpur,GarhShankar (Kotfatuhi),Onion,Other,FAQ,2000,2500,2200,29-Jan-25
16712,Hoshiarpur,GarhShankar (Kotfatuhi),Onion,Other,Non-FAQ,2000,2500,2200,18-Jan-25
16713,Hoshiarpur,GarhShankar (Kotfatuhi),Onion,Other,Non-FAQ,2000,2500,2300,17-Jan-25
16714,Mandsaur,Garoth,Onion,Onion,FAQ,400,1860,1810,08-Jan-25
16715,Ghazipur,Gazipur,Onion,Red,FAQ,2100,2150,2130,03-Jan-25
16716,Ghazipur,Gazipur,Onion,Red,FAQ,2130,2170,2150,01-Jan-25
16717,Ghazipur,Gazipur,Onion,Red,FAQ,2520,2580,2550,07-Jan-25
16718,Ghazipur,Gazipur,Onion,Red,Non-FAQ,2100,2200,2165,25-Jan-25
16719,Patiala,Ghanaur,Onion,Other,FAQ,2800,3000,2900,13-Jan-25
16720,Karnal,Gharaunda,Onion,Other,FAQ,2500,2800,2800,15-Jan-25
16721,Medinipur(W),Ghatal,Onion,Onion,FAQ,2700,3000,2800,13-Jan-25
16722,Ghaziabad,Ghaziabad,Onion,Red,FAQ,2100,2200,2150,30-Jan-25
16723,Ghaziabad,Ghaziabad,Onion,Red,FAQ,2370,2470,2420,15-Jan-25
16724,Ghaziabad,Ghaziabad,Onion,Red,FAQ,2430,2530,2480,11-Jan-25
16725,Ghaziabad,Ghaziabad,Onion,Red,FAQ,2530,2630,2580,06-Jan-25
16726,Ghaziabad,Ghaziabad,Onion,Red,FAQ,2550,2650,2600,04-Jan-25
16727,Mainpuri,Ghiraur,Onion,Red,Non-FAQ,2150,2350,2250,24-Jan-25
16728,Mainpuri,Ghiraur,Onion,Red,Non-FAQ,2240,2440,2340,20-Jan-25
16729,Mainpuri,Ghiraur,Onion,Red,Non-FAQ,2300,2500,2400,17-Jan-25
16730,Muktsar,Giddarbaha,Onion,Onion,FAQ,2400,2600,2500,20-Jan-25
16731,Thiruvarur,Mannargudi II(Uzhavar Sandhai ),Onion,Bellary,Local,4400,6000,6000,24-Jan-25
16732,Mansa,Mansa,Onion,Onion,FAQ,2000,3000,2500,16-Jan-25
16733,North Goa,Mapusa,Onion,Onion,FAQ,2500,2500,2500,23-Jan-25
16734,Mathura,Mathura,Onion,Red,FAQ,1950,2160,2080,31-Jan-25
16735,Mathura,Mathura,Onion,Red,FAQ,2000,2250,2100,06-Jan-25
16736,Mathura,Mathura,Onion,Red,FAQ,2000,2250,2130,27-Jan-25
16737,Mathura,Mathura,Onion,Red,FAQ,2000,2360,2200,04-Jan-25
16738,Bhatinda,Maur,Onion,Other,FAQ,2600,3000,2800,28-Jan-25
16739,Jhansi,Mauranipur,Onion,Red,FAQ,2000,2080,2050,24-Jan-25
16740,Jhansi,Mauranipur,Onion,Red,FAQ,2000,2100,2060,21-Jan-25
16741,Jhansi,Mauranipur,Onion,Red,FAQ,2000,2125,2080,09-Jan-25
16742,Nagapattinam,Mayiladuthurai(Uzhavar Sandhai ),Onion,Bellary,Local,3000,3500,3500,23-Jan-25
16743,Chengalpattu,Medavakkam(Uzhavar Sandhai ),Onion,Bellary,Local,2500,3000,3000,23-Jan-25
16744,Chengalpattu,Medavakkam(Uzhavar Sandhai ),Onion,Bellary,Local,3000,4000,4000,09-Jan-25
16745,Chengalpattu,Medavakkam(Uzhavar Sandhai ),Onion,Bellary,Local,3500,4000,4000,22-Jan-25
16746,Chengalpattu,Medavakkam(Uzhavar Sandhai ),Onion,Bellary,Local,3500,4500,4500,02-Jan-25
16747,Medinipur(W),Medinipur(West),Onion,Onion,FAQ,2800,3300,3000,13-Jan-25
16748,Meerut,Meerut,Onion,Red,FAQ,2150,2250,2200,26-Jan-25
16749,Rohtak,Meham,Onion,Other,FAQ,2000,2000,2000,08-Jan-25
16750,Sitapur,Mehmoodabad,Onion,Red,FAQ,2515,2565,2540,04-Jan-25
16751,Ranga Reddy,Mehndipatnam(Rythu Bazar),Onion,1st Sort,FAQ,3000,3000,3000,22-Jan-25
16752,Ranga Reddy,Mehndipatnam(Rythu Bazar),Onion,1st Sort,FAQ,3200,3200,3200,23-Jan-25
16753,Ranga Reddy,Mehndipatnam(Rythu Bazar),Onion,1st Sort,FAQ,3500,3500,3500,27-Jan-25
16754,Mehsana,Mehsana(Mehsana Veg),Onion,Onion,FAQ,600,3300,2200,06-Jan-25
16755,Mehsana,Mehsana(Mehsana Veg),Onion,Onion,FAQ,800,2500,1900,16-Jan-25
16756,Coochbehar,Mekhliganj,Onion,Other,FAQ,2700,2900,2800,14-Jan-25
16757,Coochbehar,Mekhliganj,Onion,Other,FAQ,2700,2900,2800,21-Jan-25
16758,Coochbehar,Mekhliganj,Onion,Other,FAQ,2800,3000,2800,24-Jan-25
16759,Sepahijala,Melaghar,Onion,Small,FAQ,3400,3600,3500,26-Jan-25
16760,Thirunelveli,Melapalayam(Uzhavar Sandhai ),Onion,Bellary,Local,3200,4000,4000,31-Jan-25
16761,Thirunelveli,Melapalayam(Uzhavar Sandhai ),Onion,Bellary,Local,4000,4200,4200,29-Jan-25
16762,Thirunelveli,Melapalayam(Uzhavar Sandhai ),Onion,Bellary,Local,4000,4600,4600,21-Jan-25
16763,Madurai,Melur(Uzhavar Sandhai ),Onion,Bellary,Local,4500,5000,5000,13-Jan-25
16764,Coimbatore,Mettupalayam(Uzhavar Sandhai ),Onion,Bellary,Local,4000,4400,4400,01-Jan-25
16765,Coimbatore,Mettupalayam(Uzhavar Sandhai ),Onion,Bellary,Local,4000,4400,4400,12-Jan-25
16766,Coimbatore,Mettupalayam(Uzhavar Sandhai ),Onion,Bellary,Local,4000,4400,4400,29-Jan-25
16767,Coimbatore,Mettupalayam(Uzhavar Sandhai ),Onion,Bellary,Local,4000,4400,4400,30-Jan-25
16768,Coimbatore,Mettupalayam(Uzhavar Sandhai ),Onion,Bellary,Local,4000,4500,4500,10-Jan-25
16769,Coimbatore,Mettupalayam(Uzhavar Sandhai ),Onion,Bellary,Local,4400,4800,4800,20-Jan-25
16770,Salem,Mettur(Uzhavar Sandhai ),Onion,Bellary,Local,4000,6000,6000,05-Jan-25
16771,Salem,Mettur(Uzhavar Sandhai ),Onion,Bellary,Local,4000,6000,6000,13-Jan-25
16772,Farukhabad,Mohamadabad,Onion,Red,FAQ,2040,2240,2140,23-Jan-25
16773,Farukhabad,Mohamadabad,Onion,Red,FAQ,2240,2440,2340,09-Jan-25
16774,Khiri (Lakhimpur),Mohammdi,Onion,Red,FAQ,2460,2550,2510,13-Jan-25
16775,Namakkal,Mohanur(Uzhavar Sandhai ),Onion,Bellary,Local,3600,5000,5000,12-Jan-25
16776,Namakkal,Mohanur(Uzhavar Sandhai ),Onion,Bellary,Local,3600,5000,5000,29-Jan-25
16777,Namakkal,Mohanur(Uzhavar Sandhai ),Onion,Bellary,Local,4500,5000,5000,11-Jan-25
16778,Namakkal,Mohanur(Uzhavar Sandhai ),Onion,Bellary,Local,4600,5500,5500,06-Jan-25
16779,Pune,Junnar(Alephata),Onion,Other,FAQ,900,3010,2000,10-Jan-25
16780,Pune,Junnar(Narayangaon),Onion,Other,FAQ,500,2800,1800,11-Jan-25
16781,Beed,Kada,Onion,Red,Local,200,2800,1600,29-Jan-25
16782,North Tripura,Kadamtala,Onion,Nasik,FAQ,3800,4000,3900,03-Jan-25
16783,Vellore,Kahithapattarai(Uzhavar Sandhai ),Onion,Bellary,Local,4000,4000,4000,20-Jan-25
16784,Vellore,Kahithapattarai(Uzhavar Sandhai ),Onion,Bellary,Local,4000,4200,4200,21-Jan-25
16785,Vellore,Kahithapattarai(Uzhavar Sandhai ),Onion,Bellary,Local,4200,4200,4200,24-Jan-25
16786,Shamli,Kairana,Onion,Red,FAQ,1300,1400,1350,21-Jan-25
16787,Shamli,Kairana,Onion,Red,FAQ,1500,1600,1550,06-Jan-25
16788,Shamli,Kairana,Onion,Red,FAQ,1500,1600,1550,10-Jan-25
16789,Kakching,Kakching Market,Onion,Red,FAQ,5500,6000,5750,08-Jan-25
16790,Kakching,Kakching Market,Onion,Red,FAQ,5500,6000,5750,13-Jan-25
16791,Kakching,Kakching Market,Onion,Red,FAQ,5500,6000,5750,14-Jan-25
16792,Kakching,Kakching Market,Onion,Red,FAQ,5500,6000,5750,15-Jan-25
16793,Sirsa,kalanwali,Onion,Other,FAQ,2000,2000,2000,21-Jan-25
16794,Shajapur,Kalapipal,Onion,Onion,FAQ,1000,1000,1000,26-Jan-25
16795,Shajapur,Kalapipal,Onion,Onion,FAQ,1411,1411,1411,10-Jan-25
16796,Shajapur,Kalapipal(F&V),Onion,Onion,FAQ,800,1501,1410,10-Jan-25
16797,Shajapur,Kalapipal(F&V),Onion,Onion,FAQ,1050,1800,1495,06-Jan-25
16798,Hooghly,Kalipur,Onion,Nasik,FAQ,2500,2800,2700,17-Jan-25
16799,Hooghly,Kalipur,Onion,Nasik,FAQ,2700,3000,2900,26-Jan-25
16800,Kozhikode(Calicut),Kallachi,Onion,Other,Non-FAQ,8800,9200,9000,30-Jan-25
16801,Kallakuruchi,Kallakurichi(Uzhavar Sandhai ),Onion,Bellary,Local,4000,5000,5000,13-Jan-25
16802,Kallakuruchi,Kallakurichi(Uzhavar Sandhai ),Onion,Bellary,Local,4000,5000,5000,18-Jan-25
16803,Kallakuruchi,Kallakurichi(Uzhavar Sandhai ),Onion,Bellary,Local,4000,5000,5000,25-Jan-25
16804,Nashik,Kalvan,Onion,Red,FAQ,900,2701,2100,10-Jan-25
16805,Nashik,Kalvan,Onion,Red,FAQ,1200,3051,3050,03-Jan-25
16806,Nashik,Kalvan,Onion,Red,FAQ,1300,2950,2200,23-Jan-25
16807,Thane,Kalyan,Onion,2nd Sort,FAQ,2500,2800,2650,07-Jan-25
16808,Nadia,Kalyani,Onion,Onion,FAQ,2800,3000,2900,01-Jan-25
16809,Nadia,Kalyani,Onion,Onion,FAQ,2800,3000,2900,21-Jan-25
16810,Nadia,Kalyani,Onion,Onion,FAQ,3000,3200,3100,28-Jan-25
16811,Nadia,Kalyani,Onion,Onion,FAQ,3400,3600,3500,10-Jan-25
16812,Dhenkanal,Kamakhyanagar,Onion,Onion,FAQ,3000,4000,3500,15-Jan-25
16813,Dhenkanal,Kamakhyanagar,Onion,Onion,FAQ,3500,4200,4000,07-Jan-25
16814,Theni,Kambam(Uzhavar Sandhai ),Onion,Bellary,Local,4000,4000,4000,18-Jan-25
16815,Theni,Kambam(Uzhavar Sandhai ),Onion,Bellary,Local,4000,4200,4200,15-Jan-25
16816,Farukhabad,Kamlaganj,Onion,Red,FAQ,1900,2000,1950,20-Jan-25
16817,Farukhabad,Kamlaganj,Onion,Red,FAQ,2000,2100,2050,07-Jan-25
16818,Nagpur,Kamthi,Onion,Local,FAQ,1500,2500,2000,09-Jan-25
16819,North Tripura,Kanchanpur,Onion,Nasik,FAQ,3000,4000,3500,05-Jan-25
16820,Kancheepuram,Kancheepuram(Uzhavar Sandhai ),Onion,Bellary,Local,3000,4000,4000,08-Jan-25
16821,Thirunelveli,Kandiyaperi(Uzhavar Sandhai ),Onion,Bellary,Local,3200,4000,4000,29-Jan-25
16822,Thirunelveli,Kandiyaperi(Uzhavar Sandhai ),Onion,Bellary,Local,3500,4000,4000,18-Jan-25
16823,Thirupur,Kangayam(Uzhavar Sandhai ),Onion,Bellary,Local,4200,4600,4600,29-Jan-25
16824,Thirupur,Kangayam(Uzhavar Sandhai ),Onion,Bellary,Local,4500,5000,5000,20-Jan-25
16825,Kangra,Kangra,Onion,Other,FAQ,3000,3200,3100,31-Jan-25
16826,Kangra,Kangra(Baijnath),Onion,Onion,FAQ,2500,2600,2500,28-Jan-25
16827,Kangra,Kangra(Jaisinghpur),Onion,1st Sort,FAQ,3300,3500,3400,06-Jan-25
16828,Kangra,Kangra(Jassour),Onion,Other,FAQ,2400,2700,2500,23-Jan-25
16829,Kangra,Kangra(Nagrota Bagwan),Onion,Other,FAQ,2900,3200,3100,01-Feb-25
16830,Mahendragarh-Narnaul,Mohindergarh,Onion,Onion,FAQ,1400,2200,2200,25-Jan-25
16831,Morbi,Morbi,Onion,Onion,FAQ,500,2100,1300,07-Jan-25
16832,Morbi,Morbi,Onion,Onion,FAQ,500,2100,1300,09-Jan-25
16833,Morbi,Morbi,Onion,Onion,FAQ,500,2200,1350,22-Jan-25
16834,Jhansi,Moth,Onion,Red,FAQ,1900,2050,2000,21-Jan-25
16835,Jalpaiguri,Moynaguri,Onion,Nasik,FAQ,2600,2800,2700,01-Jan-25
16836,Jalpaiguri,Moynaguri,Onion,Nasik,FAQ,2950,3000,3000,12-Jan-25
16837,Hoshiarpur,Mukerian(Talwara),Onion,Onion,FAQ,2200,2800,2500,17-Jan-25
16838,Hoshiarpur,Mukerian(Talwara),Onion,Onion,FAQ,2400,2800,2600,10-Jan-25
16839,Kozhikode(Calicut),Mukkom,Onion,Onion,FAQ,3000,3500,3200,18-Jan-25
16840,Kozhikode(Calicut),Mukkom,Onion,Onion,FAQ,3800,4200,4000,22-Jan-25
16841,Muktsar,Muktsar,Onion,Other,Non-FAQ,2500,3000,2800,21-Jan-25
16842,Sambhal,Muradabad,Onion,Red,FAQ,2220,2300,2260,17-Jan-25
16843,Sambhal,Muradabad,Onion,Red,FAQ,2250,2350,2300,06-Jan-25
16844,Madhepura,Murliganj,Onion,White,FAQ,2500,3000,2800,17-Jan-25
16845,Thiruchirappalli,Musiri(Uzhavar Sandhai ),Onion,Bellary,Local,4000,5000,5000,15-Jan-25
16846,Thiruchirappalli,Musiri(Uzhavar Sandhai ),Onion,Bellary,Local,4000,5000,5000,22-Jan-25
16847,Thiruchirappalli,Musiri(Uzhavar Sandhai ),Onion,Bellary,Local,5000,6000,6000,01-Jan-25
16848,Yamuna Nagar,Mustafabad,Onion,Other,FAQ,2500,2600,2600,03-Jan-25
16849,Yamuna Nagar,Mustafabad,Onion,Other,FAQ,2800,3000,2800,22-Jan-25
16850,Thiruvarur,Muthupettai(Uzhavar Sandhai ),Onion,Bellary,Local,5000,5000,5000,19-Jan-25
16851,Thiruvarur,Muthupettai(Uzhavar Sandhai ),Onion,Bellary,Local,5000,5000,5000,29-Jan-25
16852,Muzaffarnagar,Muzzafarnagar,Onion,Red,FAQ,2200,2400,2300,25-Jan-25
16853,Nagercoil (Kannyiakumari),Myladi(Uzhavar Sandhai ),Onion,Bellary,Local,4500,5000,5000,26-Jan-25
16854,Nagercoil (Kannyiakumari),Myladi(Uzhavar Sandhai ),Onion,Bellary,Local,4500,5000,5000,27-Jan-25
16855,Nagercoil (Kannyiakumari),Myladi(Uzhavar Sandhai ),Onion,Bellary,Local,4500,5000,5000,31-Jan-25
16856,Nagercoil (Kannyiakumari),Myladi(Uzhavar Sandhai ),Onion,Bellary,Local,4500,5500,5500,04-Jan-25
16857,Nagercoil (Kannyiakumari),Myladi(Uzhavar Sandhai ),Onion,Bellary,Local,4500,5500,5500,06-Jan-25
16858,Nadia,Nadia,Onion,Other,FAQ,2700,2900,2750,28-Jan-25
16859,Nadia,Nadia,Onion,Other,FAQ,2700,2950,2800,25-Jan-25
16860,Nadia,Nadia,Onion,Other,FAQ,2700,3000,2800,21-Jan-25
16861,Nadia,Nadia,Onion,Other,Non-FAQ,2500,2725,2550,28-Jan-25
16862,Kheda,Nadiyad(Piplag),Onion,Onion,FAQ,1500,2500,2000,04-Jan-25
16863,Kheda,Nadiyad(Piplag),Onion,Onion,FAQ,1500,2800,2300,08-Jan-25
16864,Kheda,Nadiyad(Piplag),Onion,Onion,FAQ,2400,2500,2450,12-Jan-25
16865,Nagapattinam,Nagapattinam(Uzhavar Sandhai ),Onion,Bellary,Local,2000,3000,3000,13-Jan-25
16866,Nagapattinam,Nagapattinam(Uzhavar Sandhai ),Onion,Bellary,Local,3000,4000,4000,01-Jan-25
16867,Bijnor,Nagina,Onion,Red,FAQ,1000,1800,1300,05-Jan-25
16868,Bijnor,Nagina,Onion,Red,FAQ,1000,2000,1500,03-Jan-25
16869,Nagpur,Nagpur,Onion,Red,FAQ,1500,2500,2250,20-Jan-25
16870,Nagpur,Nagpur,Onion,Red,FAQ,1500,2500,2250,25-Jan-25
16871,Nagpur,Nagpur,Onion,Red,FAQ,1500,2500,2350,19-Jan-25
16872,Nagpur,Nagpur,Onion,Red,FAQ,1600,2800,2500,07-Jan-25
16873,Nagpur,Nagpur,Onion,White,FAQ,1600,2600,2350,20-Jan-25
16874,Nagpur,Nagpur,Onion,White,FAQ,1600,2800,2500,15-Jan-25
16875,Sirmore,Nahan,Onion,Other,FAQ,2800,3000,2900,14-Jan-25
16876,Bijnor,Najibabad,Onion,Red,FAQ,800,1200,1000,26-Jan-25
16877,Namakkal,Namakkal(Uzhavar Sandhai ),Onion,Bellary,Local,3600,4000,4000,20-Jan-25
16878,Nashik,Nampur,Onion,Red,FAQ,400,2610,2100,24-Jan-25
16879,Nashik,Nandgaon,Onion,Red,FAQ,325,2600,1950,23-Jan-25
16880,Kollam,Chathanoor,Onion,Other,FAQ,5800,6200,6000,23-Jan-25
16881,Chattrapati Sambhajinagar,Chattrapati Sambhajinagar,Onion,Other,FAQ,500,2000,1250,09-Jan-25
16882,Chattrapati Sambhajinagar,Chattrapati Sambhajinagar,Onion,Other,FAQ,1500,3000,2250,22-Jan-25
16883,Thirssur,Chavakkad,Onion,Other,FAQ,4400,5300,5300,08-Jan-25
16884,Thirssur,Chelakkara,Onion,Other,FAQ,4800,5000,4900,07-Jan-25
16885,Chengalpattu,Chengalpet(Uzhavar Sandhai ),Onion,Bellary,Local,3000,3500,3500,15-Jan-25
16886,Thiruvannamalai,Chengam(Uzhavar Sandhai ),Onion,Bellary,Local,3300,4000,4000,31-Jan-25
16887,Thiruvannamalai,Chengam(Uzhavar Sandhai ),Onion,Bellary,Local,3600,4000,4000,01-Feb-25
16888,Thiruvannamalai,Chengam(Uzhavar Sandhai ),Onion,Bellary,Local,4000,4800,4800,04-Jan-25
16889,Alappuzha,Chengannur,Onion,Onion,FAQ,4300,4600,4400,26-Jan-25
16890,Alappuzha,Chengannur,Onion,Small,FAQ,4500,4800,4700,29-Jan-25
16891,Alappuzha,Chengannur,Onion,Small,FAQ,9500,10200,10000,08-Jan-25
16892,Thiruvannamalai,Cheyyar(Uzhavar Sandhai ),Onion,Bellary,Local,3500,4200,4200,09-Jan-25
16893,Thiruvannamalai,Cheyyar(Uzhavar Sandhai ),Onion,Bellary,Local,3500,4500,4500,22-Jan-25
16894,Thiruvannamalai,Cheyyar(Uzhavar Sandhai ),Onion,Bellary,Local,4500,5500,5500,11-Jan-25
16895,Yamuna Nagar,Chhachrauli,Onion,Other,FAQ,1900,3000,1900,20-Jan-25
16896,Kannuj,Chhibramau,Onion,Red,FAQ,2050,2150,2100,25-Jan-25
16897,Kannuj,Chhibramau,Onion,Red,FAQ,2300,2400,2350,06-Jan-25
16898,Cuddalore,Chidambaram(Uzhavar Sandhai ),Onion,Bellary,Local,4000,5000,5000,02-Jan-25
16899,Cuddalore,Chidambaram(Uzhavar Sandhai ),Onion,Bellary,Local,4000,5000,5000,29-Jan-25
16900,Chikmagalur,Chikkamagalore,Onion,Other,FAQ,3559,3759,3659,13-Jan-25
16901,Chikmagalur,Chikkamagalore,Onion,Other,FAQ,3921,3921,3921,09-Jan-25
16902,Chikmagalur,Chikkamagalore,Onion,Other,Ref grade-1,3001,3201,3101,01-Feb-25
16903,Dindigul,Chinnalapatti(Uzhavar Sandhai ),Onion,Bellary,Local,4000,4500,4500,31-Jan-25
16904,Dindigul,Chinnalapatti(Uzhavar Sandhai ),Onion,Bellary,Local,5000,5600,5600,05-Jan-25
16905,Dindigul,Chinnalapatti(Uzhavar Sandhai ),Onion,Bellary,Local,5000,5600,5600,07-Jan-25
16906,Theni,Chinnamanur(Uzhavar Sandhai ),Onion,Bellary,Local,4200,4200,4200,18-Jan-25
16907,Theni,Chinnamanur(Uzhavar Sandhai ),Onion,Bellary,Local,4300,4500,4500,28-Jan-25
16908,Theni,Chinnamanur(Uzhavar Sandhai ),Onion,Bellary,Local,4400,4400,4400,31-Jan-25
16909,Theni,Chinnamanur(Uzhavar Sandhai ),Onion,Bellary,Local,4500,4500,4500,23-Jan-25
16910,Theni,Chinnamanur(Uzhavar Sandhai ),Onion,Bellary,Local,4600,4600,4600,06-Jan-25
16911,Theni,Chinnamanur(Uzhavar Sandhai ),Onion,Bellary,Local,4600,4600,4600,25-Jan-25
16912,Jhansi,Chirgaon,Onion,Red,FAQ,1950,2060,2010,08-Jan-25
16913,Jhansi,Chirgaon,Onion,Red,FAQ,1950,2100,2020,25-Jan-25
16914,Ballia,Chitwadagaon,Onion,Red,FAQ,2130,2240,2190,02-Jan-25
16915,Madurai,Chokkikulam(Uzhavar Sandhai ),Onion,Bellary,Local,4500,5000,5000,14-Jan-25
16916,Madurai,Chokkikulam(Uzhavar Sandhai ),Onion,Bellary,Local,4500,5000,5000,17-Jan-25
16917,Jaipur Rural,Chomu (F&V),Onion,Other,FAQ,1600,2400,2000,11-Jan-25
16918,Jaipur Rural,Chomu (F&V),Onion,Other,Non-FAQ,1600,2400,2000,17-Jan-25
16919,Gorakhpur,Chorichora,Onion,Red,Non-FAQ,2800,3000,2850,31-Jan-25
16920,Kanpur,Choubepur,Onion,Red,FAQ,2225,2425,2325,24-Jan-25
16921,Kanpur,Choubepur,Onion,Red,FAQ,2260,2460,2360,23-Jan-25
16922,Mayurbhanja,Chuliaposi,Onion,1st Sort,FAQ,3600,3700,3600,16-Jan-25
16923,Churu,Churu,Onion,1st Sort,FAQ,1700,1900,1800,02-Jan-25
16924,Saharanpur,Chutmalpur,Onion,Red,FAQ,1350,1550,1450,16-Jan-25
16925,Saharanpur,Chutmalpur,Onion,Red,FAQ,1400,1600,1500,18-Jan-25
16926,Coochbehar,Coochbehar,Onion,Other,FAQ,1500,1600,1500,20-Jan-25
16927,Coochbehar,Coochbehar,Onion,Other,FAQ,2800,3100,2900,09-Jan-25
16928,Chengalpattu,Nanganallur(Uzhavar Sandhai ),Onion,Bellary,Local,2500,3000,3000,30-Jan-25
16929,Chengalpattu,Nanganallur(Uzhavar Sandhai ),Onion,Bellary,Local,2500,3500,3500,29-Jan-25
16930,Chengalpattu,Nanganallur(Uzhavar Sandhai ),Onion,Bellary,Local,3000,4000,4000,11-Jan-25
16931,Chengalpattu,Nanganallur(Uzhavar Sandhai ),Onion,Bellary,Local,3500,4500,4500,04-Jan-25
16932,Chengalpattu,Nanganallur(Uzhavar Sandhai ),Onion,Bellary,Local,3500,4500,4500,25-Jan-25
16933,Chengalpattu,Nanganallur(Uzhavar Sandhai ),Onion,Bellary,Local,4000,4500,4500,24-Jan-25
16934,Rajgarh,Narsinghgarh,Onion,Onion,FAQ,1040,2270,2270,08-Jan-25
16935,Jammu,Narwal Jammu (F&V),Onion,Other,FAQ,2600,2900,2800,23-Jan-25
16936,Jammu,Narwal Jammu (F&V),Onion,Other,FAQ,2800,3000,2900,01-Jan-25
16937,Jammu,Narwal Jammu (F&V),Onion,Other,FAQ,2800,3000,2900,07-Jan-25
16938,Jind,Narwana,Onion,Other,FAQ,2000,2000,2000,21-Jan-25
16939,Jind,Narwana,Onion,Other,FAQ,2500,2500,2500,13-Jan-25
16940,Nashik,Nasik,Onion,Pole,Local,1100,2951,2250,01-Feb-25
16941,Nashik,Nasik,Onion,Pole,Local,1200,2751,2100,29-Jan-25
16942,Thirupathur,Natrampalli(Uzhavar Sandhai ),Onion,Bellary,Local,4000,4500,4500,21-Jan-25
16943,Thirupathur,Natrampalli(Uzhavar Sandhai ),Onion,Bellary,Local,4000,4500,4500,30-Jan-25
16944,Thirupathur,Natrampalli(Uzhavar Sandhai ),Onion,Bellary,Local,5000,6000,6000,10-Jan-25
16945,Maharajganj,Nautnava,Onion,Red,FAQ,2100,2300,2250,07-Jan-25
16946,Maharajganj,Nautnava,Onion,Red,FAQ,2300,2500,2400,30-Jan-25
16947,Maharajganj,Nautnava,Onion,Red,FAQ,2300,2560,2450,25-Jan-25
16948,Gonda,Nawabganj,Onion,Red,FAQ,2200,2300,2250,18-Jan-25
16949,Gonda,Nawabganj,Onion,Red,Non-FAQ,2050,2140,2100,01-Feb-25
16950,Jhunjhunu,Nawalgarh,Onion,Red,FAQ,1100,1300,1200,29-Jan-25
16951,Jhunjhunu,Nawalgarh,Onion,Red,FAQ,1100,1300,1200,30-Jan-25
16952,Nawanshahr,Nawan Shahar(Subzi Mandi),Onion,Other,FAQ,2400,2600,2500,23-Jan-25
16953,Nawanshahr,Nawan Shahar(Subzi Mandi),Onion,Other,FAQ,2500,2800,2700,10-Jan-25
16954,Kasargod,Neeleswaram,Onion,Big,FAQ,3600,4000,3800,15-Jan-25
16955,Kasargod,Neeleswaram,Onion,Big,FAQ,3800,4200,4000,05-Jan-25
16956,Kasargod,Neeleswaram,Onion,Big,FAQ,3800,4200,4000,21-Jan-25
16957,Neemuch,Neemuch,Onion,Onion,FAQ,600,2301,2301,04-Jan-25
16958,Neemuch,Neemuch,Onion,Onion,FAQ,850,2400,2070,21-Jan-25
16959,Faridabad,"New Grain Market , Faridabad",Onion,Onion,Non-FAQ,1500,3000,2250,25-Jan-25
16960,Panchkula,"New Grain Market , Panchkula",Onion,Other,FAQ,2500,3500,3000,18-Jan-25
16961,Karnal,"New Grain Market(main), Karnal",Onion,Other,Non-FAQ,1400,1800,1600,30-Jan-25
16962,Ahmednagar,Newasa(Ghodegaon),Onion,Red,FAQ,1000,3200,2800,22-Jan-25
16963,Thirunelveli,NGO Colony(Uzhavar Sandhai ),Onion,Bellary,Local,3000,3600,3600,14-Jan-25
16964,Thirunelveli,NGO Colony(Uzhavar Sandhai ),Onion,Bellary,Local,3000,3600,3600,16-Jan-25
16965,Ernakulam,North Paravur,Onion,1st Sort,FAQ,9200,11000,10000,10-Jan-25
16966,Mewat,Nuh,Onion,Other,Non-FAQ,1800,2000,1800,17-Jan-25
16967,Mewat,Nuh,Onion,Other,Non-FAQ,1800,2000,2000,20-Jan-25
16968,Jalaun (Orai),Orai,Onion,Red,FAQ,1850,2500,2200,19-Jan-25
16969,Jalaun (Orai),Orai,Onion,Red,FAQ,2000,2500,2200,24-Jan-25
16970,Unokoti,Pabiacherra,Onion,Nasik,FAQ,3500,3700,3600,10-Jan-25
16971,Unokoti,Pabiacherra,Onion,Nasik,FAQ,3700,3900,3800,08-Jan-25
16972,Unokoti,Pabiacherra,Onion,Nasik,FAQ,3700,3900,3800,13-Jan-25
16973,Kancheepuram,Padappai(Uzhavar Sandhai ),Onion,Bellary,Local,3500,4000,4000,03-Jan-25
16974,Kottayam,Pala,Onion,Big,FAQ,4200,4800,4600,21-Jan-25
16975,Kottayam,Pala,Onion,Big,FAQ,4300,5000,4500,15-Jan-25
16976,Kottayam,Pala,Onion,Big,Non-FAQ,9800,10400,10000,20-Jan-25
16977,Dharmapuri,Palacode(Uzhavar Sandhai ),Onion,Bellary,Local,4500,5000,5000,12-Jan-25
16978,Villupuram,Gingee(Uzhavar Sandhai ),Onion,Bellary,Local,4000,4000,4000,01-Feb-25
16979,Villupuram,Gingee(Uzhavar Sandhai ),Onion,Bellary,Local,4000,4000,4000,01-Jan-25
16980,Villupuram,Gingee(Uzhavar Sandhai ),Onion,Bellary,Local,4000,5000,5000,05-Jan-25
16981,Erode,Gobichettipalayam(Uzhavar Sandhai ),Onion,Bellary,Local,5000,5500,5500,12-Jan-25
16982,Sonipat,Gohana,Onion,Other,FAQ,2000,2500,2200,10-Jan-25
16983,Sonipat,Gohana,Onion,Other,FAQ,2000,2500,2200,16-Jan-25
16984,Sonipat,Gohana,Onion,Other,FAQ,2000,2500,2200,17-Jan-25
16985,Sonipat,Gohana,Onion,Other,FAQ,2000,3000,2600,04-Jan-25
16986,Lakhimpur,Golagokarnath,Onion,Red,FAQ,2300,2400,2350,01-Jan-25
16987,Hanumangarh,Goluwala,Onion,1st Sort,FAQ,2300,2500,2500,09-Jan-25
16988,Gonda,Gonda,Onion,Red,FAQ,2100,2400,2200,29-Jan-25
16989,Gonda,Gonda,Onion,Red,FAQ,2200,2500,2300,21-Jan-25
16990,Gonda,Gonda,Onion,Red,FAQ,2400,2600,2450,14-Jan-25
16991,Rajkot,Gondal,Onion,Red,FAQ,505,2355,1880,08-Jan-25
16992,Rajkot,Gondal,Onion,Red,FAQ,655,2205,1805,25-Jan-25
16993,Rajkot,Gondal,Onion,White,FAQ,855,1230,1055,01-Feb-25
16994,Bhadohi(Sant Ravi Nagar),Gopiganj,Onion,Red,FAQ,2060,2160,2110,01-Feb-25
16995,Bhadohi(Sant Ravi Nagar),Gopiganj,Onion,Red,FAQ,2420,2500,2470,16-Jan-25
16996,Gorakhpur,Gorakhpur,Onion,Red,FAQ,2125,2350,2225,02-Jan-25
16997,Gorakhpur,Gorakhpur,Onion,Red,FAQ,2200,2300,2250,03-Jan-25
16998,The Nilgiris,Gudalur(Uzhavar Sandhai ),Onion,Bellary,Local,4500,5000,5000,28-Jan-25
16999,Hyderabad,Gudimalkapur,Onion,1st Sort,FAQ,900,3500,2100,28-Jan-25
17000,Hyderabad,Gudimalkapur,Onion,1st Sort,FAQ,1000,3700,2100,26-Jan-25
17001,Hyderabad,Gudimalkapur,Onion,1st Sort,FAQ,1200,3500,2400,20-Jan-25
17002,Bulandshahar,Gulavati,Onion,Red,FAQ,2900,3100,3000,18-Jan-25
17003,Gurdaspur,Gurdaspur,Onion,Other,FAQ,2200,2400,2300,01-Feb-25
17004,Gurdaspur,Gurdaspur,Onion,Other,FAQ,2200,2600,2400,11-Jan-25
17005,Jhansi,Gurusarai,Onion,Red,FAQ,2050,2100,2085,17-Jan-25
17006,Jhansi,Gurusarai,Onion,Red,FAQ,2080,2145,2100,13-Jan-25
17007,Hathras,Haathras,Onion,Red,FAQ,2230,2430,2330,18-Jan-25
17008,North 24 Parganas,Habra,Onion,Other,FAQ,2600,2800,2800,06-Jan-25
17009,Nanital,Haldwani,Onion,Other,FAQ,1600,2000,1800,14-Jan-25
17010,Nanital,Haldwani,Onion,Other,FAQ,2000,2500,2300,20-Jan-25
17011,Hamirpur,Hamirpur,Onion,Other,FAQ,3000,3200,3100,02-Jan-25
17012,Hissar,Hansi,Onion,Other,FAQ,1500,3000,2000,13-Jan-25
17013,Hissar,Hansi,Onion,Other,FAQ,2000,3000,2500,05-Jan-25
17014,Hanumangarh,Hanumangarh(Urlivas),Onion,1st Sort,FAQ,2000,2300,2150,27-Jan-25
17015,Hanumangarh,Hanumangarh(Urlivas),Onion,1st Sort,FAQ,2500,2500,2500,05-Jan-25
17016,Ghaziabad,Hapur,Onion,Red,FAQ,2150,2260,2200,22-Jan-25
17017,Ghaziabad,Hapur,Onion,Red,FAQ,2400,2530,2450,10-Jan-25
17018,Hardoi,Hardoi,Onion,Pusa-Red,FAQ,2400,2475,2435,14-Jan-25
17019,Hardoi,Hardoi,Onion,Pusa-Red,FAQ,2500,2560,2540,03-Jan-25
17020,Sitapur,Hargaon (Laharpur),Onion,Nasik,FAQ,2500,2700,2600,25-Jan-25
17021,Sitapur,Hargaon (Laharpur),Onion,Nasik,FAQ,2800,3000,2900,08-Jan-25
17022,Sitapur,Hargaon (Laharpur),Onion,Nasik,FAQ,3050,3150,3100,09-Jan-25
17023,Dharmapuri,Harur(Uzhavar Sandhai ),Onion,Bellary,Local,3800,4000,4000,18-Jan-25
17024,Amroha,Hasanpur,Onion,Nasik,FAQ,1410,1500,1450,09-Jan-25
17025,Palwal,Hassanpur,Onion,Other,FAQ,1500,1500,1500,26-Jan-25
17026,Salem,Hasthampatti(Uzhavar Sandhai ),Onion,Bellary,Local,4500,5000,5000,20-Jan-25
17027,Salem,Hasthampatti(Uzhavar Sandhai ),Onion,Bellary,Local,5000,5600,5600,15-Jan-25
17028,Nagpur,Hingna,Onion,Red,FAQ,3000,3000,3000,11-Jan-25
17029,Ganjam,Hinjilicut,Onion,Other,FAQ,3000,4000,4000,01-Jan-25
17030,The Nilgiris,Gudalur(Uzhavar Sandhai ),Onion,Bellary,Local,4500,5000,5000,12-Jan-25
17031,The Nilgiris,Gudalur(Uzhavar Sandhai ),Onion,Bellary,Local,4500,5000,5000,30-Jan-25
17032,Hyderabad,Gudimalkapur,Onion,1st Sort,FAQ,1200,3500,2300,16-Jan-25
17033,Chengalpattu,Guduvancheri(Uzhavar Sandhai ),Onion,Bellary,Local,3500,4000,4000,03-Jan-25
17034,Chengalpattu,Guduvancheri(Uzhavar Sandhai ),Onion,Bellary,Local,4000,5000,5000,01-Jan-25
17035,Bulandshahar,Gulavati,Onion,Red,FAQ,3000,3200,3100,09-Jan-25
17036,Gurdaspur,Gurdaspur,Onion,Other,FAQ,2000,2400,2200,06-Jan-25
17037,Gurdaspur,Gurdaspur,Onion,Other,FAQ,2200,2400,2300,13-Jan-25
17038,Gurdaspur,Gurdaspur,Onion,Other,FAQ,2200,2600,2400,20-Jan-25
17039,Gurgaon,Gurgaon,Onion,Other,FAQ,2000,2200,2100,20-Jan-25
17040,Gurgaon,Gurgaon,Onion,Other,FAQ,2000,3000,2500,01-Feb-25
17041,Jhansi,Gurusarai,Onion,Red,FAQ,2000,2125,2080,10-Jan-25
17042,Hathras,Haathras,Onion,Red,FAQ,2270,2470,2370,02-Jan-25
17043,North 24 Parganas,Habra,Onion,Other,FAQ,2600,2800,2800,08-Jan-25
17044,North 24 Parganas,Habra,Onion,Other,FAQ,2600,3000,3000,22-Jan-25
17045,Nanital,Haldwani,Onion,Other,FAQ,1500,2000,1800,24-Jan-25
17046,Nanital,Haldwani,Onion,Other,FAQ,1800,2200,2000,29-Jan-25
17047,Nanital,Haldwani,Onion,Other,FAQ,2000,2400,2200,16-Jan-25
17048,Nanital,Haldwani,Onion,Other,FAQ,2000,2600,2400,08-Jan-25
17049,Hamirpur,Hamirpur,Onion,Other,FAQ,2700,2800,2750,08-Jan-25
17050,Hamirpur,Hamirpur,Onion,Other,FAQ,2800,3200,3000,06-Jan-25
17051,Hamirpur,Hamirpur,Onion,Other,FAQ,3000,3200,3100,30-Jan-25
17052,Hamirpur,Hamirpur(Nadaun),Onion,Other,FAQ,2700,2800,2750,08-Jan-25
17053,Hissar,Hansi,Onion,Other,FAQ,1500,3000,2000,29-Jan-25
17054,Hissar,Hansi,Onion,Other,FAQ,1500,3000,2000,30-Jan-25
17055,Hissar,Hansi,Onion,Other,FAQ,2000,3000,2500,01-Jan-25
17056,Hissar,Hansi,Onion,Other,FAQ,2000,3000,2500,07-Jan-25
17057,Hanumangarh,Hanumangarh(Urlivas),Onion,1st Sort,FAQ,2000,2500,2250,17-Jan-25
17058,Hanumangarh,Hanumangarh(Urlivas),Onion,1st Sort,FAQ,2200,2200,2200,31-Jan-25
17059,Hanumangarh,Hanumangarh(Urlivas),Onion,1st Sort,FAQ,2500,2700,2600,12-Jan-25
17060,Hardoi,Hardoi,Onion,Pusa-Red,FAQ,2100,2370,2285,23-Jan-25
17061,Hardoi,Hardoi,Onion,Pusa-Red,FAQ,2300,2380,2340,12-Jan-25
17062,Hardoi,Hardoi,Onion,Pusa-Red,FAQ,2510,2650,2560,07-Jan-25
17063,Haridwar,Haridwar Union,Onion,Onion,FAQ,1500,2000,1700,03-Jan-25
17064,Haridwar,Haridwar Union,Onion,Onion,FAQ,2000,2500,2100,19-Jan-25
17065,Haridwar,Haridwar Union,Onion,Onion,FAQ,2000,2600,2400,14-Jan-25
17066,Amroha,Hasanpur,Onion,Nasik,FAQ,1410,1850,1450,14-Jan-25
17067,Dhenkanal,Hindol,Onion,Other,FAQ,3000,3500,3200,15-Jan-25
17068,Dhenkanal,Hindol,Onion,Other,FAQ,3500,4000,3800,14-Jan-25
17069,Dhenkanal,Hindol,Onion,Other,Non-FAQ,3000,3500,3200,27-Jan-25
17070,Dhenkanal,Hindol,Onion,Other,Non-FAQ,3000,3500,3200,31-Jan-25
17071,Nagpur,Hingna,Onion,Red,Local,2500,3000,2750,27-Jan-25
17072,Ganjam,Hinjilicut,Onion,Other,FAQ,2400,4000,3000,29-Jan-25
17073,Hissar,Hissar,Onion,Other,FAQ,1500,2500,2200,04-Jan-25
17074,Palwal,Hodal,Onion,Onion,FAQ,2000,2500,2200,18-Jan-25
17075,Palwal,Hodal,Onion,Onion,FAQ,2200,2500,2300,01-Feb-25
17076,Hoshiarpur,Hoshiarpur,Onion,Other,FAQ,3000,3300,3200,02-Jan-25
17077,Krishnagiri,Hosur(Uzhavar Sandhai ),Onion,Bellary,Local,4000,4500,4500,19-Jan-25
17078,Krishnagiri,Hosur(Uzhavar Sandhai ),Onion,Bellary,Local,4000,4500,4500,26-Jan-25
17079,Dharwad,Hubli (Amaragol),Onion,Local,FAQ,500,1600,850,18-Jan-25
17080,Dharwad,Hubli (Amaragol),Onion,Local,FAQ,500,2700,1500,22-Jan-25
17081,Dharwad,Hubli (Amaragol),Onion,Local,FAQ,500,3000,2400,13-Jan-25
17082,Dharmapuri,Palacode(Uzhavar Sandhai ),Onion,Bellary,Local,4500,5000,5000,30-Jan-25
17083,Palakad,Palakkad,Onion,Big,FAQ,3200,4000,3700,17-Jan-25
17084,Palakad,Palakkad,Onion,Small,FAQ,6000,7000,6600,01-Feb-25
17085,Palakad,Palakkad,Onion,Small,FAQ,9000,10000,9600,09-Jan-25
17086,Palakad,Palakkad,Onion,Small,FAQ,9800,11000,10500,21-Jan-25
17087,Kangra,Palampur,Onion,Other,FAQ,2600,2700,2650,01-Jan-25
17088,Kangra,Palampur,Onion,Other,FAQ,3300,3400,3350,04-Jan-25
17089,Madurai,Palanganatham(Uzhavar Sandhai ),Onion,Bellary,Local,4800,5200,5200,09-Jan-25
17090,Dindigul,Palani(Uzhavar Sandhai ),Onion,Bellary,Local,3500,5000,5000,27-Jan-25
17091,Kozhikode(Calicut),Palayam,Onion,Other,FAQ,3200,3300,3200,06-Jan-25
17092,Kozhikode(Calicut),Palayam,Onion,Other,FAQ,3400,3400,3400,11-Jan-25
17093,Kozhikode(Calicut),Palayam,Onion,Other,FAQ,3800,4000,3900,21-Jan-25
17094,Thirupur,Palladam(Uzhavar Sandhai ),Onion,Bellary,Local,3500,4000,4000,28-Jan-25
17095,Thirupur,Palladam(Uzhavar Sandhai ),Onion,Bellary,Local,4000,4500,4500,09-Jan-25
17096,Thirupur,Palladam(Uzhavar Sandhai ),Onion,Bellary,Local,4000,4500,4500,14-Jan-25
17097,Thirupur,Palladam(Uzhavar Sandhai ),Onion,Bellary,Local,4000,4500,4500,18-Jan-25
17098,Chengalpattu,Pallavaram(Uzhavar Sandhai ),Onion,Bellary,Local,3000,5000,5000,19-Jan-25
17099,Chengalpattu,Pallavaram(Uzhavar Sandhai ),Onion,Bellary,Local,3000,5000,5000,20-Jan-25
17100,Chengalpattu,Pallavaram(Uzhavar Sandhai ),Onion,Bellary,Local,3000,5000,5000,28-Jan-25
17101,Palwal,Palwal,Onion,Onion,FAQ,1800,1800,1800,17-Jan-25
17102,Balrampur,Panchpedwa,Onion,Red,FAQ,1700,1900,1800,18-Jan-25
17103,Sonepur,Pandkital,Onion,Other,FAQ,3000,3200,3200,03-Jan-25
17104,Hooghly,Pandua,Onion,Nasik,FAQ,2600,2800,2700,13-Jan-25
17105,Hooghly,Pandua,Onion,Nasik,FAQ,2700,2900,2800,01-Feb-25
17106,Panipat,Panipat,Onion,Other,FAQ,1000,1600,1300,13-Jan-25
17107,Panipat,Panipat,Onion,Other,FAQ,1000,2000,1500,02-Jan-25
17108,North Tripura,Panisagar,Onion,Nasik,FAQ,3700,3800,3750,10-Jan-25
17109,Cuddalore,Panruti(Uzhavar Sandhai ),Onion,Bellary,Local,3500,5000,5000,05-Jan-25
17110,Thanjavur,Papanasam(Uzhavar Sandhai ),Onion,Bellary,Local,3600,4800,4800,02-Jan-25
17111,Thanjavur,Papanasam(Uzhavar Sandhai ),Onion,Bellary,Local,3600,4800,4800,18-Jan-25
17112,Ramanathapuram,Paramakudi(Uzhavar Sandhai ),Onion,Bellary,Local,4500,5000,5000,03-Jan-25
17113,Ramanathapuram,Paramakudi(Uzhavar Sandhai ),Onion,Bellary,Local,4500,5000,5000,19-Jan-25
17114,Namakkal,Paramathivelur(Uzhavar Sandhai ),Onion,Bellary,Local,4400,5000,5000,01-Feb-25
17115,Namakkal,Paramathivelur(Uzhavar Sandhai ),Onion,Bellary,Local,5400,6000,6000,12-Jan-25
17116,Namakkal,Paramathivelur(Uzhavar Sandhai ),Onion,Bellary,Local,5400,6000,6000,26-Jan-25
17117,Malappuram,Parappanangadi,Onion,Other,FAQ,3400,3500,3500,11-Jan-25
17118,Malappuram,Parappanangadi,Onion,Other,FAQ,3400,3500,3500,18-Jan-25
17119,Malappuram,Parappanangadi,Onion,Other,FAQ,3600,3700,3700,25-Jan-25
17120,Malappuram,Parappanangadi,Onion,Small,FAQ,8500,8600,8600,24-Jan-25
17121,Maharajganj,Partaval,Onion,Red,FAQ,2165,2315,2240,30-Jan-25
17122,Maharajganj,Partaval,Onion,Red,FAQ,2180,2335,2255,23-Jan-25
17123,Maharajganj,Partaval,Onion,Red,FAQ,2285,2440,2365,09-Jan-25
17124,Thiruvellore,Paruthipattu(Uzhavar Sandhai ),Onion,Bellary,Local,4000,4000,4000,03-Jan-25
17125,Thiruvellore,Paruthipattu(Uzhavar Sandhai ),Onion,Bellary,Local,4000,4000,4000,31-Jan-25
17126,Thiruvellore,Paruthipattu(Uzhavar Sandhai ),Onion,Bellary,Local,5000,5000,5000,13-Jan-25
17127,Gurgaon,Pataudi,Onion,Other,FAQ,1800,2000,1900,16-Jan-25
17128,Gurgaon,Pataudi,Onion,Other,FAQ,2000,2200,2100,19-Jan-25
17129,Gurgaon,Pataudi,Onion,Other,FAQ,2000,2200,2100,23-Jan-25
17130,Gurgaon,Pataudi,Onion,Other,FAQ,2000,2300,2100,15-Jan-25
17131,Kottayam,Thalayolaparambu,Onion,Big,FAQ,3700,4000,3800,30-Jan-25
17132,Kottayam,Thalayolaparambu,Onion,Big,FAQ,4000,4400,4200,24-Jan-25
17133,Kottayam,Thalayolaparambu,Onion,Onion,FAQ,7200,7600,7400,03-Jan-25
17134,Kottayam,Thalayolaparambu,Onion,Onion,FAQ,9500,9800,9600,20-Jan-25
17135,Kozhikode(Calicut),Thamarassery,Onion,Other,FAQ,2800,3600,3200,16-Jan-25
17136,Salem,Thammampatti (Uzhavar Sandhai ),Onion,Bellary,Local,5000,5500,5500,15-Jan-25
17137,Kurukshetra,Thanesar,Onion,Onion,FAQ,1000,2500,2000,01-Jan-25
17138,Kurukshetra,Thanesar,Onion,Onion,FAQ,1000,3000,2000,09-Jan-25
17139,Kurukshetra,Thanesar,Onion,Onion,FAQ,1500,2800,2200,20-Jan-25
17140,Thanjavur,Thanjavur(Uzhavar Sandhai ),Onion,Bellary,Local,4600,4600,4600,05-Jan-25
17141,Thanjavur,Thanjavur(Uzhavar Sandhai ),Onion,Bellary,Local,4600,4600,4600,10-Jan-25
17142,Thanjavur,Thanjavur(Uzhavar Sandhai ),Onion,Bellary,Local,4600,4600,4600,21-Jan-25
17143,Salem,Thathakapatti(Uzhavar Sandhai ),Onion,Bellary,Local,5000,5800,5800,04-Jan-25
17144,Salem,Thathakapatti(Uzhavar Sandhai ),Onion,Bellary,Local,5000,6000,6000,26-Jan-25
17145,Theni,Theni(Uzhavar Sandhai ),Onion,Bellary,Local,4000,4500,4500,02-Jan-25
17146,Theni,Theni(Uzhavar Sandhai ),Onion,Bellary,Local,4000,4500,4500,05-Jan-25
17147,Chengalpattu,Thirukalukundram(Uzhavar Sandhai ),Onion,Bellary,Local,4000,4500,4500,05-Jan-25
17148,Chengalpattu,Thirukalukundram(Uzhavar Sandhai ),Onion,Bellary,Local,4000,4500,4500,08-Jan-25
17149,Chengalpattu,Thirukalukundram(Uzhavar Sandhai ),Onion,Bellary,Local,4000,4500,4500,13-Jan-25
17150,Chengalpattu,Thirukalukundram(Uzhavar Sandhai ),Onion,Bellary,Local,4000,5000,5000,29-Jan-25
17151,Madurai,Thirumangalam(Uzhavar Sandhai ),Onion,Bellary,Local,4500,5000,5000,25-Jan-25
17152,Madurai,Thirumangalam(Uzhavar Sandhai ),Onion,Bellary,Local,4500,5200,5200,04-Jan-25
17153,Madurai,Thirumangalam(Uzhavar Sandhai ),Onion,Bellary,Local,4500,5200,5200,22-Jan-25
17154,Vellore,Thirupathur,Onion,Bellary,Local,5000,5000,5000,01-Feb-25
17155,Malappuram,Thirurrangadi,Onion,Other,FAQ,3300,3300,3300,17-Jan-25
17156,Malappuram,Thirurrangadi,Onion,Other,FAQ,3500,3500,3500,06-Jan-25
17157,Idukki,Thodupuzha,Onion,Big,FAQ,3800,4000,4000,23-Jan-25
17158,Ernakulam,Thrippunithura,Onion,Big,FAQ,3600,4200,3600,13-Jan-25
17159,Thirssur,Thrissur,Onion,Onion,FAQ,6000,6000,6000,21-Jan-25
17160,Thirssur,Thrissur,Onion,Onion,FAQ,10200,10200,10200,22-Jan-25
17161,Thiruchirappalli,Thuraiyur,Onion,Bellary,Local,4000,5000,5000,01-Feb-25
17162,Thiruchirappalli,Thuraiyur,Onion,Bellary,Local,5000,5600,5600,12-Jan-25
17163,Shahjahanpur,Tilhar,Onion,Red,FAQ,2100,2200,2150,10-Jan-25
17164,Shahjahanpur,Tilhar,Onion,Red,FAQ,2130,2230,2180,15-Jan-25
17165,Shahjahanpur,Tilhar,Onion,Red,FAQ,2140,2240,2190,07-Jan-25
17166,Shahjahanpur,Tilhar,Onion,Red,FAQ,2160,2260,2210,09-Jan-25
17167,Shahjahanpur,Tilhar,Onion,Red,FAQ,2210,2310,2260,01-Jan-25
17168,Harda,Timarni(F&V),Onion,Local,FAQ,500,1000,750,12-Jan-25
17169,Harda,Timarni(F&V),Onion,Local,FAQ,2000,2000,2000,08-Jan-25
17170,Villupuram,Tindivanam,Onion,Bellary,Local,4000,5000,5000,03-Jan-25
17171,Namakkal,Tiruchengode,Onion,Bellary,Local,4000,5000,5000,27-Jan-25
17172,Namakkal,Tiruchengode,Onion,Bellary,Local,4000,5000,5000,31-Jan-25
17173,Namakkal,Tiruchengode,Onion,Bellary,Local,5000,6000,6000,17-Jan-25
17174,Sivaganga,Tirupatthur(Uzhavar Sandhai ),Onion,Bellary,Local,5000,5500,5500,04-Jan-25
17175,Sivaganga,Tirupatthur(Uzhavar Sandhai ),Onion,Bellary,Local,5200,5500,5500,20-Jan-25
17176,Sivaganga,Tirupatthur(Uzhavar Sandhai ),Onion,Bellary,Local,5200,5500,5500,25-Jan-25
17177,Thirupur,Tiruppur (North) (Uzhavar Sandhai ),Onion,Bellary,Local,3400,3800,3800,13-Jan-25
17178,Thirupur,Tiruppur (North) (Uzhavar Sandhai ),Onion,Bellary,Local,3500,4000,4000,25-Jan-25
17179,Thirupur,Tiruppur (North) (Uzhavar Sandhai ),Onion,Bellary,Local,3600,4000,4000,07-Jan-25
17180,Dharwad,Hubli (Amaragol),Onion,Local,FAQ,500,3900,1600,04-Jan-25
17181,Indore,Indore,Onion,Onion,FAQ,807,2372,2372,28-Jan-25
17182,Indore,Indore,Onion,Onion,FAQ,1324,2591,2427,03-Jan-25
17183,Thirssur,Irinjalakkuda,Onion,Other,FAQ,4500,4500,4500,03-Jan-25
17184,Amethi,Jafarganj,Onion,Red,FAQ,2100,2180,2140,31-Jan-25
17185,Amethi,Jafarganj,Onion,Red,FAQ,2150,2250,2200,28-Jan-25
17186,Amethi,Jafarganj,Onion,Red,FAQ,2400,2500,2450,03-Jan-25
17187,Madhubani,Jahajharpur,Onion,Medium,FAQ,2700,2900,2800,06-Jan-25
17188,Madhubani,Jahajharpur,Onion,Medium,FAQ,3100,3300,3200,31-Jan-25
17189,Bulandshahar,Jahangirabad,Onion,Red,FAQ,2305,2485,2390,09-Jan-25
17190,Madhubani,Jainagar,Onion,Medium,FAQ,3000,3200,3100,13-Jan-25
17191,Madhubani,Jainagar,Onion,Medium,FAQ,3800,4000,3900,02-Jan-25
17192,Jaipur,Jaipur (F&V),Onion,Other,FAQ,1500,2500,2000,16-Jan-25
17193,Fatehabad,Jakhal,Onion,Other,FAQ,2000,3000,3000,07-Jan-25
17194,Fatehabad,Jakhal,Onion,Other,FAQ,2500,3000,3000,03-Jan-25
17195,Salem,Jalagandapuram(Uzhavar Sandhai ),Onion,Bellary,Local,5000,5500,5500,15-Jan-25
17196,Fazilka,Jalalabad,Onion,Other,FAQ,2400,2800,2600,14-Jan-25
17197,Fazilka,Jalalabad,Onion,Other,FAQ,2600,3000,2800,23-Jan-25
17198,Jalandhar,Jalandhar City(Jalandhar),Onion,Other,FAQ,400,1400,900,27-Jan-25
17199,Jalaun (Orai),Jalaun,Onion,Red,FAQ,1700,2200,2000,21-Jan-25
17200,Jalaun (Orai),Jalaun,Onion,Red,FAQ,1900,2100,2000,05-Jan-25
17201,Jalaun (Orai),Jalaun,Onion,Red,FAQ,2000,2250,2200,14-Jan-25
17202,Balasore,Jaleswar,Onion,Other,FAQ,2000,2400,2200,20-Jan-25
17203,Balasore,Jaleswar,Onion,Other,FAQ,2000,2400,2200,28-Jan-25
17204,Balasore,Jaleswar,Onion,Other,FAQ,2300,2700,2500,03-Jan-25
17205,Balasore,Jaleswar,Onion,Other,FAQ,2600,3000,2800,02-Jan-25
17206,Balasore,Jaleswar,Onion,Other,FAQ,2800,3200,3000,17-Jan-25
17207,Jalgaon,Jalgaon,Onion,Red,FAQ,500,2137,1325,15-Jan-25
17208,Chengalpattu,Jameenrayapettai(Uzhavar Sandhai ),Onion,Bellary,Local,3000,5000,5000,01-Jan-25
17209,Jamnagar,Jamnagar,Onion,Other,FAQ,500,2125,1525,30-Jan-25
17210,Jamui,Jamui,Onion,Medium,FAQ,1900,2100,2000,27-Jan-25
17211,Ratlam,Jaora,Onion,Onion,FAQ,310,1871,1871,18-Jan-25
17212,Ratlam,Jaora,Onion,Onion,FAQ,800,2073,1441,04-Jan-25
17213,Prayagraj,Jasra,Onion,Red,FAQ,2000,2160,2090,16-Jan-25
17214,Prayagraj,Jasra,Onion,Red,FAQ,2040,2200,2110,09-Jan-25
17215,Prayagraj,Jasra,Onion,Red,FAQ,2050,2200,2135,04-Jan-25
17216,Etawah,Jasvantnagar,Onion,Red,FAQ,2170,2270,2220,29-Jan-25
17217,Etawah,Jasvantnagar,Onion,Red,FAQ,2470,2570,2520,03-Jan-25
17218,Etawah,Jasvantnagar,Onion,Red,Non-FAQ,2170,2270,2220,18-Jan-25
17219,Jaunpur,Jaunpur,Onion,Red,FAQ,2350,2450,2400,17-Jan-25
17220,Raebarelli,Jayas,Onion,Red,FAQ,2200,2280,2240,30-Jan-25
17221,Raebarelli,Jayas,Onion,Red,FAQ,2350,2480,2400,09-Jan-25
17222,Rajkot,Jetpur(Dist.Rajkot),Onion,Onion,FAQ,505,2080,1705,09-Jan-25
17223,Rajkot,Jetpur(Dist.Rajkot),Onion,Onion,FAQ,625,2080,1755,01-Feb-25
17224,Ariyalur,Jeyankondam (Uzhavar Sandhai ),Onion,Bellary,Local,4000,4600,4600,10-Jan-25
17225,Ariyalur,Jeyankondam (Uzhavar Sandhai ),Onion,Bellary,Local,4000,4600,4600,14-Jan-25
17226,Ariyalur,Jeyankondam (Uzhavar Sandhai ),Onion,Bellary,Local,4000,4600,4600,16-Jan-25
17227,Ariyalur,Jeyankondam (Uzhavar Sandhai ),Onion,Bellary,Local,4000,4600,4600,17-Jan-25
17228,Jhansi,Jhansi,Onion,Red,FAQ,1900,2140,2025,13-Jan-25
17229,Jharsuguda,Jharsuguda,Onion,Other,FAQ,3000,3000,3000,02-Jan-25
17230,Jharsuguda,Jharsuguda,Onion,Other,FAQ,3500,4000,4000,07-Jan-25
17231,Jharsuguda,Jharsuguda,Onion,Other,Non-FAQ,3500,4000,3500,30-Jan-25
17232,Gurgaon,Pataudi,Onion,Other,FAQ,2000,2400,2200,27-Jan-25
17233,Pathankot,Pathankot,Onion,Onion,FAQ,2200,2500,2500,10-Jan-25
17234,Patiala,Patiala,Onion,Onion,FAQ,2000,3000,2500,04-Jan-25
17235,Patiala,Patiala,Onion,Onion,FAQ,2000,3000,2500,06-Jan-25
17236,Patiala,Patran,Onion,Other,FAQ,900,2000,1780,31-Jan-25
17237,Patiala,Patran,Onion,Other,FAQ,1000,2200,1700,23-Jan-25
17238,Patiala,Patran,Onion,Other,FAQ,1500,2000,1820,25-Jan-25
17239,Palakad,Pattambi,Onion,Big,FAQ,3700,4000,3800,10-Jan-25
17240,Palakad,Pattambi,Onion,Big,FAQ,3700,4000,3800,16-Jan-25
17241,Palakad,Pattambi,Onion,Big,FAQ,4000,4500,4200,25-Jan-25
17242,Palakad,Pattambi,Onion,Big,FAQ,4200,4500,4300,22-Jan-25
17243,Palakad,Pattambi,Onion,Small,FAQ,8000,8500,8200,13-Jan-25
17244,Kurnool,Pattikonda,Onion,Local,Non-FAQ,3000,4000,3500,31-Jan-25
17245,Thanjavur,Pattukottai(Uzhavar Sandhai ),Onion,Bellary,Local,4000,5000,5000,10-Jan-25
17246,Thanjavur,Pattukottai(Uzhavar Sandhai ),Onion,Bellary,Local,4000,5000,5000,17-Jan-25
17247,Thanjavur,Pattukottai(Uzhavar Sandhai ),Onion,Bellary,Local,4000,5000,5000,27-Jan-25
17248,Thanjavur,Pattukottai(Uzhavar Sandhai ),Onion,Bellary,Local,4000,5000,5000,31-Jan-25
17249,Kurukshetra,Pehowa,Onion,Other,FAQ,3000,3100,3000,22-Jan-25
17250,Dharmapuri,Pennagaram(Uzhavar Sandhai ),Onion,Bellary,Local,4800,4800,4800,26-Jan-25
17251,Dharmapuri,Pennagaram(Uzhavar Sandhai ),Onion,Bellary,Local,5500,5700,5700,05-Jan-25
17252,Thiruvellore,Perambakkam(Uzhavar Sandhai ),Onion,Bellary,Local,3500,3500,3500,25-Jan-25
17253,Thiruvellore,Perambakkam(Uzhavar Sandhai ),Onion,Bellary,Local,4000,4000,4000,18-Jan-25
17254,Thiruvellore,Perambakkam(Uzhavar Sandhai ),Onion,Bellary,Local,4500,4500,4500,24-Jan-25
17255,Perambalur,Perambalur(Uzhavar Sandhai ),Onion,Bellary,Local,5000,5400,5400,07-Jan-25
17256,Perambalur,Perambalur(Uzhavar Sandhai ),Onion,Bellary,Local,5000,5600,5600,27-Jan-25
17257,Kozhikode(Calicut),Perambra,Onion,Other,FAQ,3600,3900,3800,30-Jan-25
17258,Kozhikode(Calicut),Perambra,Onion,Other,FAQ,3800,4000,3900,08-Jan-25
17259,Malappuram,Perinthalmanna,Onion,Onion,FAQ,3500,3800,3600,15-Jan-25
17260,Theni,Periyakulam(Uzhavar Sandhai ),Onion,Bellary,Local,4000,4000,4000,18-Jan-25
17261,Theni,Periyakulam(Uzhavar Sandhai ),Onion,Bellary,Local,4200,4600,4600,24-Jan-25
17262,Ernakulam,Perumbavoor,Onion,Onion,FAQ,3000,4000,3500,06-Jan-25
17263,Erode,Perundurai(Uzhavar Sandhai ),Onion,Bellary,Local,4500,4800,4800,02-Jan-25
17264,kapurthala,Phagwara,Onion,Other,FAQ,2000,2400,2390,25-Jan-25
17265,Jalandhar,Phillaur(Apra Mandi),Onion,Other,FAQ,2500,2500,2500,19-Jan-25
17266,Pillibhit,Pilibhit,Onion,Red,FAQ,2150,2250,2200,05-Jan-25
17267,Nashik,Pimpalgaon,Onion,Pole,FAQ,700,2785,2300,09-Jan-25
17268,Nashik,Pimpalgaon Baswant(Saykheda),Onion,Red,FAQ,800,2400,2025,18-Jan-25
17269,Hoshangabad,Pipariya(F&V),Onion,Onion,FAQ,1300,2800,2000,17-Jan-25
17270,Hoshangabad,Pipariya(F&V),Onion,Onion,FAQ,1300,3000,2100,19-Jan-25
17271,Ernakulam,Piravam,Onion,Big,FAQ,4500,6000,5500,17-Jan-25
17272,Ernakulam,Piravam,Onion,Big,FAQ,5000,7000,6000,18-Jan-25
17273,Bhojpur,Piro,Onion,Medium,FAQ,2800,2830,2820,29-Jan-25
17274,Bhojpur,Piro,Onion,Medium,FAQ,3000,3030,3010,25-Jan-25
17275,Bhojpur,Piro,Onion,Medium,FAQ,3000,3035,3010,15-Jan-25
17276,Bhojpur,Piro,Onion,Medium,FAQ,3000,3040,3020,24-Jan-25
17277,Coimbatore,Pollachi(Uzhavar Sandhai ),Onion,Bellary,Local,4000,4400,4400,18-Jan-25
17278,Thiruvannamalai,Polur(Uzhavar Sandhai ),Onion,Bellary,Local,3300,4000,4000,17-Jan-25
17279,Thiruvannamalai,Polur(Uzhavar Sandhai ),Onion,Bellary,Local,4000,4500,4500,01-Feb-25
17280,Thiruvannamalai,Polur(Uzhavar Sandhai ),Onion,Bellary,Local,4000,4500,4500,30-Jan-25
17281,Porbandar,Porbandar,Onion,Other,FAQ,1250,1500,1375,16-Jan-25
17282,Porbandar,Porbandar,Onion,Other,FAQ,1500,2000,1750,08-Jan-25
17283,Thiruvananthapuram,Pothencode,Onion,Other,FAQ,46750,46800,46780,14-Jan-25
17284,Pratapgarh,Pratapgarh,Onion,Other,FAQ,600,2071,1570,18-Jan-25
17285,Pratapgarh,Pratapgarh,Onion,Red,FAQ,1800,2050,1900,01-Feb-25
17286,Pudukkottai,Pudukottai(Uzhavar Sandhai ),Onion,Bellary,Local,5000,6000,6000,10-Jan-25
17287,Kanpur Dehat,Pukharayan,Onion,Red,FAQ,2440,2460,2450,12-Jan-25
17288,Kanpur Dehat,Pukharayan,Onion,Red,FAQ,2440,2460,2450,14-Jan-25
17289,Kanpur Dehat,Pukharayan,Onion,Red,FAQ,2480,2500,2490,05-Jan-25
17290,Kollam,Punalur,Onion,Onion,FAQ,4000,5000,4500,12-Jan-25
17291,Kaithal,Pundri,Onion,Other,FAQ,2000,2100,2050,09-Jan-25
17292,Pune,Pune,Onion,Local,FAQ,1500,3300,2400,19-Jan-25
17293,Pune,Pune,Onion,Local,FAQ,1600,3500,2550,03-Jan-25
17294,Pune,Pune(Khadiki),Onion,Local,FAQ,1500,2300,1900,22-Jan-25
17295,Pune,Pune(Manjri),Onion,Local,FAQ,2600,3100,2800,20-Jan-25
17296,Pune,Pune(Manjri),Onion,Local,FAQ,3100,3300,3200,07-Jan-25
17297,Pune,Pune(Pimpri),Onion,Local,FAQ,1000,3000,2000,19-Jan-25
17298,Pune,Pune(Pimpri),Onion,Local,FAQ,1200,2800,2000,12-Jan-25
17299,Pune,Pune(Pimpri),Onion,Local,FAQ,1600,3000,2300,01-Jan-25
17300,Pune,Pune(Pimpri),Onion,Local,FAQ,2000,2200,2100,23-Jan-25
17301,Mewat,Punhana,Onion,Other,FAQ,1500,1500,1500,02-Jan-25
17302,Mewat,Punhana,Onion,Other,FAQ,2000,2000,2000,15-Jan-25
17303,Pillibhit,Puranpur,Onion,Red,FAQ,2170,2250,2210,17-Jan-25
17304,Pillibhit,Puranpur,Onion,Red,FAQ,2200,2280,2240,23-Jan-25
17305,Unnao,Purwa,Onion,Red,FAQ,2600,2775,2650,07-Jan-25
17306,Shahjahanpur,Puwaha,Onion,Red,FAQ,2140,2240,2240,14-Jan-25
17307,Shahjahanpur,Puwaha,Onion,Red,FAQ,2220,2420,2320,01-Feb-25
17308,Shahjahanpur,Puwaha,Onion,Red,Non-FAQ,2020,2220,2120,01-Feb-25
17309,Ahmednagar,Rahata,Onion,Red,FAQ,400,3000,2200,26-Jan-25
17310,Ahmednagar,Rahuri(Vambori),Onion,Red,FAQ,200,3000,2000,25-Jan-25
17311,Raebarelli,Raibareilly,Onion,Red,FAQ,2260,2350,2300,29-Jan-25
17312,Raebarelli,Raibareilly,Onion,Red,FAQ,2300,2400,2350,20-Jan-25
17313,Raebarelli,Raibareilly,Onion,Red,FAQ,2360,2450,2400,17-Jan-25
17314,Raebarelli,Raibareilly,Onion,Red,FAQ,2400,2500,2450,13-Jan-25
17315,Raigarh,Raigarh,Onion,Local,Local,2000,2600,2300,09-Jan-25
17316,Raigarh,Raigarh,Onion,Local,Local,2200,2600,2400,19-Jan-25
17317,Panchkula,Raipur Rai,Onion,Other,FAQ,2500,2800,2500,07-Jan-25
17318,Panchkula,Raipur Rai,Onion,Other,FAQ,2500,2800,2500,12-Jan-25
17319,Panchkula,Raipur Rai,Onion,Other,FAQ,2500,2800,2500,26-Jan-25
17320,Panchkula,Raipur Rai,Onion,Other,FAQ,2500,3000,2500,11-Jan-25
17321,Virudhunagar,Rajapalayam(Uzhavar Sandhai ),Onion,Bellary,Local,4000,4500,4500,08-Jan-25
17322,Virudhunagar,Rajapalayam(Uzhavar Sandhai ),Onion,Bellary,Local,4500,5000,5000,07-Jan-25
17323,Virudhunagar,Rajapalayam(Uzhavar Sandhai ),Onion,Bellary,Local,5000,5500,5500,15-Jan-25
17324,Rajouri,Rajouri (F&V),Onion,Other,FAQ,4200,4400,4300,02-Jan-25
17325,Patiala,Rajpura,Onion,Local,FAQ,2000,2700,2400,04-Jan-25
17326,Rajsamand,Rajsamand,Onion,Onion,FAQ,2000,2500,2250,06-Jan-25
17327,Bhatinda,Raman,Onion,Other,FAQ,2275,2335,2315,27-Jan-25
17328,Bhatinda,Raman,Onion,Other,FAQ,2315,2375,2365,21-Jan-25
17329,Ramanathapuram,Ramanathapuram(Uzhavar Sandhai ),Onion,Bellary,Local,5000,5500,5500,24-Jan-25
17330,Howrah,Ramkrishanpur(Howrah),Onion,Other,FAQ,3200,3800,3500,25-Jan-25
17331,Howrah,Ramkrishanpur(Howrah),Onion,Other,FAQ,3200,3800,3600,24-Jan-25
17332,Nanital,Ramnagar,Onion,Other,FAQ,1800,2000,1900,15-Jan-25
17333,Nanital,Ramnagar,Onion,Other,FAQ,2400,2500,2450,10-Jan-25
17334,Hissar,Hissar,Onion,Other,FAQ,1500,2500,2200,13-Jan-25
17335,Hoshangabad,Hoshangabad(F&V),Onion,Onion,FAQ,1110,1870,1460,10-Jan-25
17336,Hoshangabad,Hoshangabad(F&V),Onion,Onion,FAQ,1450,2470,1810,24-Jan-25
17337,Hoshangabad,Hoshangabad(F&V),Onion,Onion,FAQ,1460,2500,1830,25-Jan-25
17338,Hoshangabad,Hoshangabad(F&V),Onion,Onion,FAQ,1550,2660,1910,29-Jan-25
17339,Imphal West,Imphal,Onion,Other,FAQ,4200,5000,4600,24-Jan-25
17340,Indore,Indore,Onion,Onion,FAQ,347,2500,2500,11-Jan-25
17341,Indore,Indore,Onion,Onion,Non-FAQ,1194,9956,2250,27-Jan-25
17342,Indore,Indore,Onion,Other,FAQ,1588,2525,2525,21-Jan-25
17343,Karnal,Indri,Onion,Other,Non-FAQ,2000,2500,2500,23-Jan-25
17344,Yamuna Nagar,Jagadhri,Onion,Other,FAQ,1800,2600,2450,09-Jan-25
17345,Yamuna Nagar,Jagadhri,Onion,Other,FAQ,2000,2300,2200,21-Jan-25
17346,Yamuna Nagar,Jagadhri,Onion,Other,FAQ,2000,2400,2200,13-Jan-25
17347,Madhubani,Jahajharpur,Onion,Medium,FAQ,3500,3700,3600,08-Jan-25
17348,Bulandshahar,Jahangirabad,Onion,Red,FAQ,2030,2210,2120,30-Jan-25
17349,Bulandshahar,Jahangirabad,Onion,Red,FAQ,2333,2545,2440,07-Jan-25
17350,Bulandshahar,Jahangirabad,Onion,Red,FAQ,2475,2685,2580,01-Jan-25
17351,Madhubani,Jainagar,Onion,Medium,FAQ,3000,3200,3100,12-Jan-25
17352,Madhubani,Jainagar,Onion,Medium,FAQ,3000,3200,3100,29-Jan-25
17353,Madhubani,Jainagar,Onion,Medium,FAQ,3000,3200,3100,30-Jan-25
17354,Jaipur,Jaipur (F&V),Onion,Other,FAQ,1500,2500,2000,22-Jan-25
17355,Jaipur,Jaipur (F&V),Onion,Other,FAQ,1500,2700,2100,10-Jan-25
17356,Jaipur,Jaipur (F&V),Onion,Other,FAQ,1600,2500,2050,31-Jan-25
17357,Fatehabad,Jakhal,Onion,Other,FAQ,2000,2000,2000,01-Feb-25
17358,Salem,Jalagandapuram(Uzhavar Sandhai ),Onion,Bellary,Local,5000,5500,5500,17-Jan-25
17359,Fazilka,Jalalabad,Onion,Other,FAQ,2600,3000,2800,27-Jan-25
17360,Jalana,Jalana,Onion,Other,FAQ,200,1800,1000,23-Jan-25
17361,Jalandhar,Jalandhar City(Jalandhar),Onion,Other,FAQ,500,1500,1000,20-Jan-25
17362,Jalaun (Orai),Jalaun,Onion,Red,FAQ,2000,2250,2200,22-Jan-25
17363,Balasore,Jaleswar,Onion,Other,FAQ,2800,3200,3000,23-Jan-25
17364,Balasore,Jaleswar,Onion,Other,FAQ,2800,3200,3000,25-Jan-25
17365,Balasore,Jaleswar,Onion,Other,FAQ,3300,3700,3500,09-Jan-25
17366,Jalore,Jalore,Onion,Other,FAQ,2500,3000,2800,22-Jan-25
17367,Jalore,Jalore,Onion,Other,FAQ,2500,3000,2800,25-Jan-25
17368,Jalpaiguri,Jalpaiguri Sadar,Onion,Other,FAQ,3000,3100,3100,08-Jan-25
17369,Chengalpattu,Jameenrayapettai(Uzhavar Sandhai ),Onion,Bellary,Local,3500,5000,5000,01-Feb-25
17370,Jamnagar,Jamnagar,Onion,Other,FAQ,600,3000,1775,21-Jan-25
17371,Jamui,Jamui,Onion,Medium,FAQ,1950,2000,2000,30-Jan-25
17372,Jamui,Jamui,Onion,Medium,FAQ,2400,2600,2500,07-Jan-25
17373,Murshidabad,Jangipur,Onion,Red,FAQ,3205,3250,3230,05-Jan-25
17374,Ratlam,Jaora,Onion,Onion,FAQ,700,2095,1400,08-Jan-25
17375,Ratlam,Jaora,Onion,Onion,FAQ,799,2141,1400,07-Jan-25
17376,Ratlam,Jaora,Onion,Onion,FAQ,1100,1921,1500,28-Jan-25
17377,UdhamSinghNagar,Jaspur(UC),Onion,Other,FAQ,1900,2100,2000,13-Jan-25
17378,Jaunpur,Jaunpur,Onion,Red,FAQ,2250,2350,2300,21-Jan-25
17379,Raebarelli,Jayas,Onion,Red,FAQ,2300,2400,2350,23-Jan-25
17380,Jehanabad,Jehanabad,Onion,White,FAQ,3400,3400,3400,12-Jan-25
17381,Jehanabad,Jehanabad,Onion,White,FAQ,3800,3800,3800,01-Jan-25
17382,Ariyalur,Jeyankondam (Uzhavar Sandhai ),Onion,Bellary,Local,4000,4600,4600,25-Jan-25
17383,Jhajar,Jhajjar,Onion,Other,FAQ,2100,2300,2200,13-Jan-25
17384,Jhajar,Jhajjar,Onion,Other,FAQ,2800,3200,3000,04-Jan-25
17385,Jhansi,Jhansi,Onion,Red,Non-FAQ,1950,2100,2000,19-Jan-25
17386,Kasargod,Kanjangadu,Onion,Big,FAQ,3400,4000,3600,09-Jan-25
17387,Kasargod,Kanjangadu,Onion,Big,FAQ,3700,4300,3900,23-Jan-25
17388,Kottayam,Kanjirappally,Onion,Big,FAQ,4000,4500,4200,30-Jan-25
17389,Kottayam,Kanjirappally,Onion,Onion,FAQ,8500,9000,8800,05-Jan-25
17390,Kottayam,Kanjirappally,Onion,Onion,FAQ,8500,9000,8800,29-Jan-25
17391,Kottayam,Kanjirappally,Onion,Onion,FAQ,9000,10000,9800,28-Jan-25
17392,Kannuj,Kannauj,Onion,Red,FAQ,2220,2340,2270,20-Jan-25
17393,Kannuj,Kannauj,Onion,Red,FAQ,2300,2400,2340,07-Jan-25
17394,Kannuj,Kannauj,Onion,Red,FAQ,2450,2550,2500,04-Jan-25
17395,Kannur,Kannur,Onion,Other,FAQ,3400,3600,3500,19-Jan-25
17396,Kannur,Kannur,Onion,Other,FAQ,3500,3700,3600,01-Feb-25
17397,Kannur,Kannur,Onion,Other,FAQ,3700,3900,3800,10-Jan-25
17398,Kheda,Kapadvanj,Onion,Other,FAQ,1300,2500,1900,28-Jan-25
17399,Kheda,Kapadvanj,Onion,Other,FAQ,1500,2400,1950,11-Jan-25
17400,Satara,Karad,Onion,Other,FAQ,1000,3000,3000,08-Jan-25
17401,Satara,Karad,Onion,Other,FAQ,1000,3000,3000,15-Jan-25
17402,Satara,Karad,Onion,Other,FAQ,1500,2500,2500,16-Jan-25
17403,Satara,Karad,Onion,Other,Local,2000,2800,2800,28-Jan-25
17404,Sivaganga,Karaikudi(Uzhavar Sandhai ),Onion,Bellary,Local,4500,5500,5500,13-Jan-25
17405,Pudukkottai,Karambakkudi(Uzhavar Sandhai ),Onion,Bellary,Local,4000,5000,5000,03-Jan-25
17406,Nadia,Karimpur,Onion,Nasik,FAQ,2450,2550,2500,10-Jan-25
17407,Nadia,Karimpur,Onion,Nasik,FAQ,2700,2900,2800,25-Jan-25
17408,Nadia,Karimpur,Onion,Nasik,FAQ,2900,3100,3000,31-Jan-25
17409,Nadia,Karimpur,Onion,Nasik,Non-FAQ,2600,2800,2700,29-Jan-25
17410,Virudhunagar,Kariyapatti(Uzhavar Sandhai ),Onion,Bellary,Local,3000,4000,4000,16-Jan-25
17411,Ahmednagar,Karjat,Onion,Local,FAQ,500,2200,1400,12-Jan-25
17412,Ahmednagar,Karjat,Onion,Local,FAQ,500,3000,1700,03-Jan-25
17413,Ahmednagar,Karjat,Onion,Local,Local,500,2300,1500,01-Feb-25
17414,Ahmednagar,Karjat,Onion,Local,Local,500,2500,1500,29-Jan-25
17415,Darjeeling,Karsiyang(Matigara),Onion,Other,FAQ,3200,3500,3300,09-Jan-25
17416,Darjeeling,Karsiyang(Matigara),Onion,Other,FAQ,3800,4000,3900,06-Jan-25
17417,Karur,Karur(Uzhavar Sandhai ),Onion,Bellary,Local,4500,5000,5000,11-Jan-25
17418,Karur,Karur(Uzhavar Sandhai ),Onion,Bellary,Local,4500,5000,5000,20-Jan-25
17419,Chitrakut,Karvi,Onion,Red,FAQ,2125,2335,2290,19-Jan-25
17420,Kasganj,Kasganj,Onion,Red,FAQ,2100,2450,2210,08-Jan-25
17421,Kasganj,Kasganj,Onion,Red,FAQ,2200,2510,2340,19-Jan-25
17422,Puruliya,Kasipur,Onion,Other,FAQ,2800,3000,2900,03-Jan-25
17423,Puruliya,Kasipur,Onion,Other,FAQ,2800,3000,2900,25-Jan-25
17424,Kathua,Kathua,Onion,Other,FAQ,2500,3000,2750,08-Jan-25
17425,Kathua,Kathua,Onion,Other,FAQ,2600,2700,2650,24-Jan-25
17426,Kathua,Kathua,Onion,Other,FAQ,2700,2800,2750,30-Jan-25
17427,Kathua,Kathua,Onion,Other,FAQ,2800,3000,2900,20-Jan-25
17428,Vellore,Katpadi (Uzhavar Sandhai ),Onion,Bellary,Local,4000,4500,4500,01-Feb-25
17429,Vellore,Katpadi (Uzhavar Sandhai ),Onion,Bellary,Local,4000,4600,4600,25-Jan-25
17430,Vellore,Katpadi (Uzhavar Sandhai ),Onion,Bellary,Local,4400,4600,4600,18-Jan-25
17431,Vellore,Katpadi (Uzhavar Sandhai ),Onion,Bellary,Local,4500,4500,4500,29-Jan-25
17432,Vellore,Katpadi (Uzhavar Sandhai ),Onion,Bellary,Local,5000,5000,5000,03-Jan-25
17433,Idukki,Kattappana,Onion,Small,FAQ,6500,8000,7800,29-Jan-25
17434,Krishnagiri,Kaveripattinam(Uzhavar Sandhai ),Onion,Bellary,Local,4000,4500,4500,29-Jan-25
17435,Farukhabad,Kayamganj,Onion,Red,FAQ,2050,2150,2100,01-Feb-25
17436,Farukhabad,Kayamganj,Onion,Red,FAQ,2080,2180,2130,31-Jan-25
17437,Farukhabad,Kayamganj,Onion,Red,FAQ,2300,2400,2350,12-Jan-25
17438,Jind,Jind,Onion,Other,FAQ,1500,2300,2100,25-Jan-25
17439,Jind,Jind,Onion,Other,FAQ,1500,2400,2100,26-Jan-25
17440,Jind,Jind,Onion,Other,FAQ,2000,2500,2400,02-Jan-25
17441,Pune,Junnar,Onion,Other,FAQ,1800,2200,2000,12-Jan-25
17442,Pune,Junnar,Onion,Other,Local,2400,2700,2500,26-Jan-25
17443,Pune,Junnar,Onion,Other,Local,2400,2900,2600,30-Jan-25
17444,Pune,Junnar(Otur),Onion,Other,FAQ,2000,3200,2600,09-Jan-25
17445,Pune,Junnar(Otur),Onion,Red,FAQ,1000,2800,2400,16-Jan-25
17446,North Tripura,Kadamtala,Onion,Nasik,FAQ,3700,3800,3750,12-Jan-25
17447,Vellore,Kahithapattarai(Uzhavar Sandhai ),Onion,Bellary,Local,4200,4200,4200,01-Jan-25
17448,Shamli,Kairana,Onion,Red,FAQ,1300,1400,1350,14-Jan-25
17449,Shamli,Kairana,Onion,Red,FAQ,1300,1400,1350,16-Jan-25
17450,Kakching,Kakching Market,Onion,Red,FAQ,4500,5000,4750,29-Jan-25
17451,Sirsa,kalanwali,Onion,Other,FAQ,2000,2000,2000,25-Jan-25
17452,Shajapur,Kalapipal(F&V),Onion,Onion,FAQ,630,1621,1320,27-Jan-25
17453,Shajapur,Kalapipal(F&V),Onion,Onion,FAQ,650,1857,1465,31-Jan-25
17454,Shajapur,Kalapipal(F&V),Onion,Onion,FAQ,800,1800,1465,07-Jan-25
17455,Shajapur,Kalapipal(F&V),Onion,Onion,FAQ,1050,1600,1510,09-Jan-25
17456,Hooghly,Kalipur,Onion,Nasik,FAQ,2900,3000,2900,10-Jan-25
17457,Kozhikode(Calicut),Kallachi,Onion,Other,FAQ,3200,3600,3400,29-Jan-25
17458,Kozhikode(Calicut),Kallachi,Onion,Other,FAQ,3700,4100,3900,22-Jan-25
17459,Kallakuruchi,Kallakurichi(Uzhavar Sandhai ),Onion,Bellary,Local,5000,6000,6000,03-Jan-25
17460,Purba Bardhaman,Kalna,Onion,Local,FAQ,2200,2400,2300,04-Jan-25
17461,Purba Bardhaman,Kalna,Onion,Other,FAQ,2400,2600,2500,23-Jan-25
17462,Purba Bardhaman,Kalna,Onion,Other,FAQ,2500,2700,2600,29-Jan-25
17463,Nashik,Kalvan,Onion,Red,FAQ,1100,2505,1951,17-Jan-25
17464,Nashik,Kalvan,Onion,Red,FAQ,1100,2800,2150,21-Jan-25
17465,Nashik,Kalvan,Onion,Red,Local,1300,2650,2200,31-Jan-25
17466,Thane,Kalyan,Onion,1st Sort,FAQ,2200,2500,2350,19-Jan-25
17467,Thane,Kalyan,Onion,2nd Sort,FAQ,2200,2400,2300,22-Jan-25
17468,Nadia,Kalyani,Onion,Onion,FAQ,2800,3000,2900,19-Jan-25
17469,Khowai,Kalyanpur,Onion,Nasik,FAQ,3500,3700,3600,09-Jan-25
17470,Theni,Kambam(Uzhavar Sandhai ),Onion,Bellary,Local,4000,4200,4200,19-Jan-25
17471,Theni,Kambam(Uzhavar Sandhai ),Onion,Bellary,Local,4200,4400,4400,08-Jan-25
17472,Farukhabad,Kamlaganj,Onion,Red,FAQ,2200,2220,2210,04-Jan-25
17473,Kancheepuram,Kancheepuram(Uzhavar Sandhai ),Onion,Bellary,Local,3500,4500,4500,19-Jan-25
17474,Thirunelveli,Kandiyaperi(Uzhavar Sandhai ),Onion,Bellary,Local,3500,4000,4000,10-Jan-25
17475,Thirupur,Kangayam(Uzhavar Sandhai ),Onion,Bellary,Local,4500,5000,5000,23-Jan-25
17476,Thirupur,Kangayam(Uzhavar Sandhai ),Onion,Bellary,Local,4500,5000,5000,25-Jan-25
17477,Kangra,Kangra,Onion,Other,FAQ,2800,3500,3000,03-Jan-25
17478,Kangra,Kangra(Baijnath),Onion,Onion,FAQ,2700,2800,2700,31-Jan-25
17479,Kangra,Kangra(Jaisinghpur),Onion,1st Sort,FAQ,3000,3400,3200,29-Jan-25
17480,Kangra,Kangra(Jaisinghpur),Onion,1st Sort,FAQ,3000,3400,3200,31-Jan-25
17481,Kangra,Kangra(Jaisinghpur),Onion,1st Sort,FAQ,3200,3400,3300,17-Jan-25
17482,Kangra,Kangra(Jassour),Onion,Other,FAQ,2200,2800,2500,27-Jan-25
17483,Kangra,Kangra(Jassour),Onion,Other,FAQ,3000,3200,3100,06-Jan-25
17484,Kangra,Kangra(Nagrota Bagwan),Onion,Other,FAQ,3000,3400,3200,10-Jan-25
17485,Kasargod,Kanjangadu,Onion,Big,FAQ,3400,4000,3600,13-Jan-25
17486,Kasargod,Kanjangadu,Onion,Big,FAQ,3800,4500,4000,29-Jan-25
17487,Kottayam,Kanjirappally,Onion,Big,FAQ,4000,4500,4200,18-Jan-25
17488,Kannuj,Kannauj,Onion,Red,FAQ,2050,2150,2100,24-Jan-25
17489,Kannuj,Kannauj,Onion,Red,FAQ,2300,2400,2350,11-Jan-25
17490,The Nilgiris,Coonoor(Uzhavar Sandhai ),Onion,Bellary,Local,3800,5200,5200,17-Jan-25
17491,Cuddalore,Cuddalore(Uzhavar Sandhai ),Onion,Bellary,Local,4000,4000,4000,05-Jan-25
17492,Cuddalore,Cuddalore(Uzhavar Sandhai ),Onion,Bellary,Local,4000,5000,5000,01-Feb-25
17493,Dahod,Dahod(Veg. Market),Onion,Onion,FAQ,1200,2500,1900,26-Jan-25
17494,Dahod,Dahod(Veg. Market),Onion,Onion,FAQ,1200,2500,2000,20-Jan-25
17495,Dahod,Dahod(Veg. Market),Onion,Onion,FAQ,1500,3000,2500,05-Jan-25
17496,Patna,Danapur,Onion,Medium,FAQ,3000,3400,3200,20-Jan-25
17497,Patna,Danapur,Onion,Medium,FAQ,3000,3400,3200,24-Jan-25
17498,Gautam Budh Nagar,Dankaur,Onion,Red,FAQ,2400,2615,2500,03-Jan-25
17499,Banaskanth,Deesa(Deesa Veg Yard),Onion,Other,FAQ,750,1150,950,11-Jan-25
17500,Banaskanth,Deesa(Deesa Veg Yard),Onion,Other,FAQ,750,1400,1075,17-Jan-25
17501,Banaskanth,Deesa(Deesa Veg Yard),Onion,Other,FAQ,750,1400,1075,22-Jan-25
17502,Banaskanth,Deesa(Deesa Veg Yard),Onion,Other,FAQ,2000,2500,2250,04-Jan-25
17503,Krishnagiri,Denkanikottai(Uzhavar Sandhai ),Onion,Bellary,Local,3000,4000,4000,31-Jan-25
17504,Krishnagiri,Denkanikottai(Uzhavar Sandhai ),Onion,Bellary,Local,4000,4500,4500,05-Jan-25
17505,Krishnagiri,Denkanikottai(Uzhavar Sandhai ),Onion,Bellary,Local,4000,4500,4500,07-Jan-25
17506,Krishnagiri,Denkanikottai(Uzhavar Sandhai ),Onion,Bellary,Local,4000,4500,4500,27-Jan-25
17507,Sagar,Deori,Onion,Onion,FAQ,950,1050,950,01-Feb-25
17508,Sagar,Deori,Onion,Onion,FAQ,1000,1200,1000,23-Jan-25
17509,Mohali,Dera Bassi,Onion,Other,FAQ,2200,2400,2400,26-Jan-25
17510,Mohali,Dera Bassi,Onion,Other,FAQ,2200,2400,2400,31-Jan-25
17511,Mohali,Dera Bassi,Onion,Other,FAQ,2400,2500,2500,08-Jan-25
17512,Theni,Devaram(Uzhavar Sandhai ),Onion,Bellary,Local,4000,4400,4400,28-Jan-25
17513,Theni,Devaram(Uzhavar Sandhai ),Onion,Bellary,Local,4200,4200,4200,02-Jan-25
17514,Deoria,Devariya,Onion,Red,FAQ,2240,2265,2255,03-Jan-25
17515,Dhar,Dhamnod(F&V),Onion,Onion,FAQ,1000,1500,1200,18-Jan-25
17516,Dhar,Dhamnod(F&V),Onion,Onion,FAQ,1500,2000,1700,19-Jan-25
17517,Dhar,Dhamnod(F&V),Onion,Onion,FAQ,1500,3000,2000,22-Jan-25
17518,Amroha,Dhanaura,Onion,Medium,Non-FAQ,1200,1500,1400,17-Jan-25
17519,Kaithal,Dhand,Onion,Other,FAQ,2800,3000,2950,25-Jan-25
17520,Mandi,Dhanotu (Mandi),Onion,Other,FAQ,2400,3000,2700,22-Jan-25
17521,Mandi,Dhanotu (Mandi),Onion,Other,FAQ,2500,3000,2750,14-Jan-25
17522,Mandi,Dhanotu (Mandi),Onion,Other,FAQ,2800,3000,2900,31-Jan-25
17523,Mandi,Dhanotu (Mandi),Onion,Other,FAQ,2800,3200,3000,04-Jan-25
17524,Thirupur,Dharapuram(Uzhavar Sandhai ),Onion,Bellary,Local,4500,4800,4800,28-Jan-25
17525,Dharashiv(Usmanabad),Dharashiv,Onion,Red,FAQ,1800,2500,2150,18-Jan-25
17526,Dharmapuri,Dharmapuri(Uzhavar Sandhai ),Onion,Bellary,Local,3800,4200,4200,14-Jan-25
17527,Dharmapuri,Dharmapuri(Uzhavar Sandhai ),Onion,Bellary,Local,4200,4400,4400,31-Jan-25
17528,Dharmapuri,Dharmapuri(Uzhavar Sandhai ),Onion,Bellary,Local,4400,4800,4800,26-Jan-25
17529,Dharmapuri,Dharmapuri(Uzhavar Sandhai ),Onion,Bellary,Local,4500,4800,4800,02-Jan-25
17530,Dharmapuri,Dharmapuri(Uzhavar Sandhai ),Onion,Bellary,Local,4500,4800,4800,08-Jan-25
17531,Dhule,Dhule,Onion,Red,FAQ,200,2000,1800,09-Jan-25
17532,Dhule,Dhule,Onion,Red,Local,200,2250,2130,28-Jan-25
17533,Dhule,Dhule,Onion,Red,Local,300,2200,2000,30-Jan-25
17534,Jalpaiguri,Dhupguri,Onion,Nasik,FAQ,2900,3000,3000,04-Jan-25
17535,Sangrur,Dhuri,Onion,Other,FAQ,2000,2800,2500,18-Jan-25
17536,Sounth 24 Parganas,Diamond Harbour(South 24-pgs),Onion,Red,FAQ,2900,3000,2950,21-Jan-25
17537,Sounth 24 Parganas,Diamond Harbour(South 24-pgs),Onion,Red,FAQ,2900,3100,3000,31-Jan-25
17538,Auraiya,Dibiapur,Onion,Red,Non-FAQ,1500,1675,1600,19-Jan-25
17539,Gurdaspur,Dinanagar,Onion,Other,FAQ,2000,2200,2200,29-Jan-25
17540,Thirupur,Tiruppur (South) (Uzhavar Sandhai ),Onion,Bellary,Local,3000,3500,3500,03-Jan-25
17541,Thirupur,Tiruppur (South) (Uzhavar Sandhai ),Onion,Bellary,Local,3300,4000,4000,18-Jan-25
17542,Thiruvellore,Tiruvallur(Uzhavar Sandhai ),Onion,Bellary,Local,4500,4500,4500,03-Jan-25
17543,Thiruvellore,Tiruvallur(Uzhavar Sandhai ),Onion,Bellary,Local,4500,4500,4500,04-Jan-25
17544,Thiruvellore,Tiruvallur(Uzhavar Sandhai ),Onion,Bellary,Local,4500,4500,4500,06-Jan-25
17545,Thiruvannamalai,Tiruvannamalai(Uzhavar Sandhai ),Onion,Bellary,Local,4000,5000,5000,01-Feb-25
17546,Thiruvannamalai,Tiruvannamalai(Uzhavar Sandhai ),Onion,Bellary,Local,4000,5000,5000,12-Jan-25
17547,Balrampur,Tulsipur,Onion,Red,FAQ,2420,2470,2450,08-Jan-25
17548,Firozabad,Tundla,Onion,Red,FAQ,2700,2825,2800,01-Jan-25
17549,Tuticorin,Tuticorin(Uzhavar Sandhai ),Onion,Bellary,Local,4500,5000,5000,24-Jan-25
17550,Udaipur,Udaipur (F&V),Onion,Other,FAQ,1000,2000,1500,29-Jan-25
17551,Mayurbhanja,Udala,Onion,Onion,FAQ,3600,3700,3600,09-Jan-25
17552,The Nilgiris,Udhagamandalam(Uzhavar Sandhai ),Onion,Bellary,Local,4200,4600,4600,19-Jan-25
17553,The Nilgiris,Udhagamandalam(Uzhavar Sandhai ),Onion,Bellary,Local,4500,4800,4800,07-Jan-25
17554,The Nilgiris,Udhagamandalam(Uzhavar Sandhai ),Onion,Bellary,Local,4800,5200,5200,25-Jan-25
17555,Udhampur,Udhampur,Onion,Other,FAQ,3000,3500,3250,07-Jan-25
17556,Udhampur,Udhampur,Onion,Other,FAQ,3000,3500,3250,09-Jan-25
17557,Coimbatore,Udumalpet,Onion,Bellary,Local,3000,4800,4800,23-Jan-25
17558,Coimbatore,Udumalpet,Onion,Bellary,Local,4000,4400,4400,17-Jan-25
17559,Udupi,Udupi,Onion,Onion,FAQ,3200,3600,3400,13-Jan-25
17560,Badaun,Ujhani,Onion,Red,FAQ,2150,2250,2200,04-Jan-25
17561,Ujjain,Ujjain,Onion,Onion,FAQ,643,1714,1714,13-Jan-25
17562,Hissar,Uklana,Onion,Onion,FAQ,2000,2000,2000,20-Jan-25
17563,Hissar,Uklana,Onion,Onion,FAQ,2400,2600,2600,18-Jan-25
17564,Villupuram,Ulundurpettai,Onion,Bellary,Local,4000,5000,5000,05-Jan-25
17565,Villupuram,Ulundurpettai,Onion,Bellary,Local,4000,5000,5000,13-Jan-25
17566,Nashik,Umrane,Onion,Red,FAQ,900,2915,1900,01-Jan-25
17567,Una,Una,Onion,Onion,FAQ,2500,3200,2800,21-Jan-25
17568,Una,Una,Onion,Onion,FAQ,2700,3500,3100,07-Jan-25
17569,Una,Una,Onion,Onion,FAQ,2800,3400,3100,09-Jan-25
17570,Una,Una,Onion,Onion,Non-FAQ,2500,3500,3000,25-Jan-25
17571,Unnao,Unnao,Onion,Red,FAQ,2050,2175,2100,31-Jan-25
17572,Unnao,Unnao,Onion,Red,FAQ,2325,2450,2400,11-Jan-25
17573,Unnao,Unnao,Onion,Red,FAQ,2725,2850,2775,01-Jan-25
17574,Madurai,Usilampatty,Onion,Bellary,Local,4500,5200,5200,20-Jan-25
17575,Kanpur,Uttaripura,Onion,Red,FAQ,2210,2410,2310,21-Jan-25
17576,Kanpur,Uttaripura,Onion,Red,FAQ,2290,2490,2390,16-Jan-25
17577,Palakad,vadakarapathy,Onion,Small,FAQ,2800,3000,2900,02-Jan-25
17578,Palakad,Vadakkenchery,Onion,Big,FAQ,5000,5500,5250,11-Jan-25
17579,Palakad,Vadakkenchery,Onion,Small,FAQ,9000,11000,10000,22-Jan-25
17580,Nagercoil (Kannyiakumari),Vadaseri,Onion,Bellary,Local,5000,5500,5500,11-Jan-25
17581,Nagercoil (Kannyiakumari),Vadaseri,Onion,Bellary,Local,5000,5500,5500,12-Jan-25
17582,Nagercoil (Kannyiakumari),Vadaseri,Onion,Bellary,Local,5000,5500,5500,14-Jan-25
17583,Nagercoil (Kannyiakumari),Vadaseri,Onion,Bellary,Local,5000,5500,5500,16-Jan-25
17584,Coimbatore,Vadavalli(Uzhavar Sandhai ),Onion,Bellary,Local,3400,3800,3800,01-Jan-25
17585,Coimbatore,Vadavalli(Uzhavar Sandhai ),Onion,Bellary,Local,3400,3800,3800,30-Jan-25
17586,Coimbatore,Vadavalli(Uzhavar Sandhai ),Onion,Bellary,Local,3800,4200,4200,07-Jan-25
17587,Coimbatore,Vadavalli(Uzhavar Sandhai ),Onion,Bellary,Local,3800,4200,4200,09-Jan-25
17588,Coimbatore,Vadavalli(Uzhavar Sandhai ),Onion,Bellary,Local,4000,4500,4500,25-Jan-25
17589,Rampur,Rampur,Onion,Red,FAQ,2100,2200,2150,27-Jan-25
17590,Rampur,Rampur,Onion,Red,FAQ,2225,2300,2260,17-Jan-25
17591,Bhatinda,Rampuraphul(Nabha Mandi),Onion,Other,FAQ,3000,4200,3500,01-Jan-25
17592,Bhatinda,Rampuraphul(Nabha Mandi),Onion,Other,Non-FAQ,1000,2500,2000,23-Jan-25
17593,Bhatinda,Rampuraphul(Nabha Mandi),Onion,Other,Non-FAQ,2000,2800,2500,26-Jan-25
17594,Bhatinda,Rampuraphul(Nabha Mandi),Onion,Other,Non-FAQ,2000,3000,2500,31-Jan-25
17595,Birbhum,Rampurhat,Onion,Local,FAQ,2300,2400,2350,09-Jan-25
17596,Nagpur,Ramtek,Onion,Other,FAQ,2400,2800,2600,19-Jan-25
17597,Nadia,Ranaghat,Onion,Other,FAQ,2900,3050,3000,01-Jan-25
17598,Nadia,Ranaghat,Onion,Other,FAQ,2900,3050,3000,23-Jan-25
17599,Sirsa,Rania,Onion,Other,FAQ,1550,1700,1600,07-Jan-25
17600,Ranipet,Ranipettai(Uzhavar Sandhai ),Onion,Bellary,Local,4500,4500,4500,25-Jan-25
17601,Namakkal,Rasipuram(Uzhavar Sandhai ),Onion,Bellary,Local,4400,5000,5000,20-Jan-25
17602,Namakkal,Rasipuram(Uzhavar Sandhai ),Onion,Bellary,Local,4400,5000,5000,28-Jan-25
17603,Namakkal,Rasipuram(Uzhavar Sandhai ),Onion,Bellary,Local,5000,5500,5500,07-Jan-25
17604,Fatehabad,Ratia,Onion,Other,FAQ,1700,2200,2000,29-Jan-25
17605,Ratlam,Ratlam,Onion,Bellary,FAQ,2010,2010,2010,27-Jan-25
17606,Hanumangarh,Rawatsar,Onion,1st Sort,FAQ,2100,2100,2100,05-Jan-25
17607,Rayagada,Rayagada,Onion,Other,FAQ,3100,3200,3200,21-Jan-25
17608,Amritsar,Rayya,Onion,Red,FAQ,1800,1800,1800,02-Jan-25
17609,Rewari,Rewari,Onion,Medium,FAQ,1000,2800,1900,12-Jan-25
17610,Dehradoon,Rishikesh,Onion,Other,FAQ,2400,3000,2850,04-Jan-25
17611,Dehradoon,Rishikesh,Onion,Other,Non-FAQ,2200,2800,2650,19-Jan-25
17612,Shimla,Rohroo,Onion,1st Sort,FAQ,3000,3200,3000,23-Jan-25
17613,Shimla,Rohroo,Onion,1st Sort,FAQ,3000,3500,3000,01-Jan-25
17614,Shimla,Rohroo,Onion,1st Sort,FAQ,3000,3500,3000,09-Jan-25
17615,Shimla,Rohroo,Onion,1st Sort,FAQ,3800,4000,3800,27-Jan-25
17616,Haridwar,Roorkee,Onion,Other,FAQ,2000,4000,3000,27-Jan-25
17617,Haridwar,Roorkee,Onion,Other,FAQ,2000,4000,3000,31-Jan-25
17618,Coimbatore,RSPuram(Uzhavar Sandhai ),Onion,Bellary,Local,3300,3800,3800,14-Jan-25
17619,Coimbatore,RSPuram(Uzhavar Sandhai ),Onion,Bellary,Local,3300,3800,3800,16-Jan-25
17620,Coimbatore,RSPuram(Uzhavar Sandhai ),Onion,Bellary,Local,3600,4000,4000,29-Jan-25
17621,Coimbatore,RSPuram(Uzhavar Sandhai ),Onion,Bellary,Local,3600,4000,4000,30-Jan-25
17622,Coimbatore,RSPuram(Uzhavar Sandhai ),Onion,Bellary,Local,3800,4200,4200,08-Jan-25
17623,Coimbatore,RSPuram(Uzhavar Sandhai ),Onion,Bellary,Local,4200,4500,4500,21-Jan-25
17624,Coimbatore,RSPuram(Uzhavar Sandhai ),Onion,Bellary,Local,4200,4500,4500,22-Jan-25
17625,Ayodhya,Rudauli,Onion,Red,FAQ,2400,2600,2500,18-Jan-25
17626,UdhamSinghNagar,Rudrapur,Onion,Other,FAQ,2000,2500,2200,28-Jan-25
17627,UdhamSinghNagar,Rudrapur,Onion,Other,FAQ,2000,2800,2500,16-Jan-25
17628,UdhamSinghNagar,Rudrapur,Onion,Other,FAQ,2000,3000,2500,10-Jan-25
17629,Morena,Sabalgarh(F&V),Onion,Onion,FAQ,800,1000,900,29-Jan-25
17630,Morena,Sabalgarh(F&V),Onion,Onion,FAQ,1000,2000,1500,01-Feb-25
17631,Morena,Sabalgarh(F&V),Onion,Onion,FAQ,1900,2000,1950,28-Jan-25
17632,Medak,Sadasivpet,Onion,1st Sort,FAQ,819,2169,1909,10-Jan-25
17633,Medak,Sadasivpet,Onion,1st Sort,FAQ,866,3060,2630,04-Jan-25
17634,Yamuna Nagar,Sadhaura,Onion,Onion,FAQ,2200,2600,2400,13-Jan-25
17635,Barabanki,Safdarganj,Onion,Red,FAQ,2100,2200,2150,31-Jan-25
17636,Barabanki,Safdarganj,Onion,Red,FAQ,2300,2400,2350,08-Jan-25
17637,Barabanki,Safdarganj,Onion,Red,FAQ,2300,2400,2350,21-Jan-25
17638,Jind,Safidon,Onion,Other,FAQ,1500,2000,1800,08-Jan-25
17639,Jind,Safidon,Onion,Other,FAQ,2000,2000,2000,23-Jan-25
17640,Kannuj,Kannauj,Onion,Red,FAQ,2340,2400,2380,13-Jan-25
17641,Kanpur,Kanpur(Grain),Onion,Red,FAQ,2250,2450,2300,13-Jan-25
17642,Kheda,Kapadvanj,Onion,Other,FAQ,1000,2600,1800,24-Jan-25
17643,Satara,Karad,Onion,Other,FAQ,2000,2500,2500,21-Jan-25
17644,Satara,Karad,Onion,Other,FAQ,2000,3500,3500,04-Jan-25
17645,Sivaganga,Karaikudi(Uzhavar Sandhai ),Onion,Bellary,Local,5200,5600,5600,03-Jan-25
17646,Nadia,Karimpur,Onion,Nasik,FAQ,2300,2500,2400,13-Jan-25
17647,Nadia,Karimpur,Onion,Nasik,FAQ,2750,2850,2800,18-Jan-25
17648,Virudhunagar,Kariyapatti(Uzhavar Sandhai ),Onion,Bellary,Local,3000,3500,3500,07-Jan-25
17649,Virudhunagar,Kariyapatti(Uzhavar Sandhai ),Onion,Bellary,Local,3000,3500,3500,10-Jan-25
17650,Virudhunagar,Kariyapatti(Uzhavar Sandhai ),Onion,Bellary,Local,4000,4500,4500,27-Jan-25
17651,Darjeeling,Karsiyang(Matigara),Onion,Other,FAQ,3200,3500,3300,12-Jan-25
17652,Darjeeling,Karsiyang(Matigara),Onion,Other,FAQ,3200,3500,3300,30-Jan-25
17653,Karur,Karur(Uzhavar Sandhai ),Onion,Bellary,Local,4500,5000,5000,01-Feb-25
17654,Chitrakut,Karvi,Onion,Red,FAQ,2225,2445,2300,23-Jan-25
17655,Chitrakut,Karvi,Onion,Red,FAQ,2225,2445,2300,25-Jan-25
17656,Chitrakut,Karvi,Onion,Red,FAQ,2235,2445,2345,12-Jan-25
17657,Chitrakut,Karvi,Onion,Red,FAQ,2235,2445,2345,14-Jan-25
17658,Kasganj,Kasganj,Onion,Red,FAQ,2100,2500,2270,27-Jan-25
17659,Kasganj,Kasganj,Onion,Red,FAQ,2100,2500,2310,26-Jan-25
17660,Kasganj,Kasganj,Onion,Red,FAQ,2100,2500,2310,29-Jan-25
17661,Kasganj,Kasganj,Onion,Red,FAQ,2100,2500,2310,31-Jan-25
17662,UdhamSinghNagar,Kashipur,Onion,Other,FAQ,1500,1500,1500,01-Feb-25
17663,Kathua,Kathua,Onion,Other,FAQ,2000,2500,2250,14-Jan-25
17664,Kathua,Kathua,Onion,Other,FAQ,2000,2500,2250,17-Jan-25
17665,Kathua,Kathua,Onion,Other,FAQ,2800,3000,2900,22-Jan-25
17666,Vellore,Katpadi (Uzhavar Sandhai ),Onion,Bellary,Local,4200,4600,4600,23-Jan-25
17667,Vellore,Katpadi (Uzhavar Sandhai ),Onion,Bellary,Local,4500,4500,4500,01-Jan-25
17668,Vellore,Katpadi (Uzhavar Sandhai ),Onion,Bellary,Local,4800,5000,5000,07-Jan-25
17669,Idukki,Kattappana,Onion,Small,FAQ,5500,6000,5800,02-Jan-25
17670,Idukki,Kattappana,Onion,Small,FAQ,9800,10000,10000,08-Jan-25
17671,Purba Bardhaman,Katwa,Onion,Other,FAQ,2400,2600,2500,04-Jan-25
17672,Purba Bardhaman,Katwa,Onion,Other,FAQ,2400,2600,2500,06-Jan-25
17673,Purba Bardhaman,Katwa,Onion,Other,FAQ,2400,2600,2500,19-Jan-25
17674,Purba Bardhaman,Katwa,Onion,Other,FAQ,2400,2600,2500,29-Jan-25
17675,Purba Bardhaman,Katwa,Onion,Other,FAQ,2900,3100,3000,09-Jan-25
17676,Purba Bardhaman,Katwa,Onion,Other,FAQ,2900,3100,3000,10-Jan-25
17677,Farukhabad,Kayamganj,Onion,Red,FAQ,2330,2430,2380,10-Jan-25
17678,Alappuzha,Kayamkulam,Onion,Small,FAQ,6400,6600,6500,27-Jan-25
17679,Alappuzha,Kayamkulam,Onion,Small,FAQ,7800,8000,7900,06-Jan-25
17680,Thiruvannamalai,Keelpennathur(Uzhavar Sandhai ),Onion,Bellary,Local,3500,4500,4500,24-Jan-25
17681,Keonjhar,Keonjhar,Onion,Other,FAQ,3200,3500,3500,03-Jan-25
17682,Aligarh,Khair,Onion,Red,FAQ,1800,2500,2000,18-Jan-25
17683,Khairthal Tijara,Khairthal,Onion,Other,FAQ,700,2000,1200,06-Jan-25
17684,Fatehgarh,Khamano,Onion,Onion,FAQ,3000,3000,3000,22-Jan-25
17685,Fatehgarh,Khamano,Onion,Onion,FAQ,3000,3000,3000,28-Jan-25
17686,Fatehgarh,Khamano,Onion,Onion,FAQ,3500,3500,3500,10-Jan-25
17687,Anand,Khambhat(Veg Yard Khambhat),Onion,Other,FAQ,2300,3000,2700,01-Feb-25
17688,Shamli,Khandhla,Onion,Red,FAQ,1700,1800,1750,09-Jan-25
17689,Shamli,Khandhla,Onion,Red,FAQ,2000,2150,2100,06-Jan-25
17690,Khandwa,Khandwa,Onion,Local,FAQ,600,1500,1500,23-Jan-25
17691,Alappuzha,Kayamkulam,Onion,Big,FAQ,3400,3600,3500,25-Jan-25
17692,Alappuzha,Kayamkulam,Onion,Big,FAQ,3600,3800,3700,31-Jan-25
17693,Alappuzha,Kayamkulam,Onion,Big,FAQ,3900,4100,4000,03-Jan-25
17694,Alappuzha,Kayamkulam,Onion,Small,FAQ,7800,8000,7900,07-Jan-25
17695,Thiruvannamalai,Keelpennathur(Uzhavar Sandhai ),Onion,Bellary,Local,3500,4000,4000,19-Jan-25
17696,Thiruvannamalai,Keelpennathur(Uzhavar Sandhai ),Onion,Bellary,Local,3500,4000,4000,27-Jan-25
17697,Thiruvannamalai,Keelpennathur(Uzhavar Sandhai ),Onion,Bellary,Local,3500,4500,4500,18-Jan-25
17698,Keonjhar,Keonjhar,Onion,Other,FAQ,4500,5000,5000,10-Jan-25
17699,Keonjhar,Keonjhar,Onion,Other,Non-FAQ,3000,3500,3500,28-Jan-25
17700,Delhi,Keshopur,Onion,Onion,FAQ,2200,3000,2600,23-Jan-25
17701,Fatehpur,Khaga,Onion,Red,FAQ,1840,2000,1925,26-Jan-25
17702,Khairthal Tijara,Khairthal,Onion,Other,FAQ,600,1700,1100,13-Jan-25
17703,Fatehgarh,Khamano,Onion,Onion,FAQ,3000,3000,3000,24-Jan-25
17704,Fatehgarh,Khamano,Onion,Onion,FAQ,3000,3000,3000,31-Jan-25
17705,Anand,Khambhat(Veg Yard Khambhat),Onion,Other,FAQ,1500,2700,2100,23-Jan-25
17706,Anand,Khambhat(Veg Yard Khambhat),Onion,Other,FAQ,2200,2800,2500,04-Jan-25
17707,Anand,Khambhat(Veg Yard Khambhat),Onion,Other,FAQ,2200,3100,2650,01-Jan-25
17708,Anand,Khambhat(Veg Yard Khambhat),Onion,Other,FAQ,2400,3200,2800,08-Jan-25
17709,Ludhiana,Khanna,Onion,Other,FAQ,1000,2500,1500,23-Jan-25
17710,Ludhiana,Khanna,Onion,Other,FAQ,1200,2000,1500,02-Jan-25
17711,Ludhiana,Khanna,Onion,Other,FAQ,1200,2000,1500,06-Jan-25
17712,Mohali,Kharar,Onion,Other,FAQ,2400,2800,2700,18-Jan-25
17713,Mohali,Kharar,Onion,Other,FAQ,2500,3000,2700,30-Jan-25
17714,Mohali,Kharar,Onion,Other,FAQ,2600,3000,2700,09-Jan-25
17715,Mohali,Kharar,Onion,Other,FAQ,2600,3000,2700,31-Jan-25
17716,Mohali,Kharar,Onion,Other,FAQ,3000,3500,3200,05-Jan-25
17717,Muzaffarnagar,Khatauli,Onion,Red,FAQ,1000,1800,1200,15-Jan-25
17718,Pune,Khed(Chakan),Onion,Other,FAQ,2000,3000,2500,18-Jan-25
17719,Pune,Khed(Chakan),Onion,Other,Local,1000,2500,2200,01-Feb-25
17720,Pune,Khed(Chakan),Onion,Other,Local,2000,3000,2500,29-Jan-25
17721,Boudh,Khunthabandha,Onion,Other,FAQ,4000,5000,4500,16-Jan-25
17722,Bulandshahar,Khurja,Onion,Red,FAQ,2200,2600,2400,13-Jan-25
17723,Bulandshahar,Khurja,Onion,Red,FAQ,2500,2700,2600,02-Jan-25
17724,Rohtas,Kochas (Balthari),Onion,Medium,FAQ,2200,2400,2300,18-Jan-25
17725,Palakad,Koduvayoor,Onion,Big,FAQ,3200,3600,3400,11-Jan-25
17726,Kolhapur,Kolhapur,Onion,Other,FAQ,800,3600,1900,21-Jan-25
17727,Kolhapur,Kolhapur,Onion,Other,Local,700,3000,1700,01-Feb-25
17728,Palakad,Kollengode,Onion,Big,FAQ,2500,2900,2700,16-Jan-25
17729,Palakad,Kollengode,Onion,Big,FAQ,3500,3900,3700,20-Jan-25
17730,Palakad,Kollengode,Onion,Small,FAQ,5000,5400,5200,01-Jan-25
17731,Palakad,Kollengode,Onion,Small,FAQ,5000,5400,5200,27-Jan-25
17732,Palakad,Kollengode,Onion,Small,FAQ,7000,7400,7200,17-Jan-25
17733,Malappuram,Kondotty,Onion,Other,FAQ,3900,4100,4000,11-Jan-25
17734,Malappuram,Kondotty,Onion,Other,FAQ,4000,4200,4100,02-Jan-25
17735,Ahmednagar,Kopargaon,Onion,Red,Local,800,2350,2075,31-Jan-25
17736,Mathura,Kosikalan,Onion,Red,FAQ,2270,2360,2310,24-Jan-25
17737,Mathura,Kosikalan,Onion,Red,FAQ,2300,2360,2330,04-Jan-25
17738,Mathura,Kosikalan,Onion,Red,FAQ,2300,2380,2340,01-Jan-25
17739,Kota,Kota (F&V),Onion,Other,FAQ,200,2000,1100,30-Jan-25
17740,Kota,Kota (F&V),Onion,Other,FAQ,400,2000,1200,17-Jan-25
17741,Garhwal (Pauri),Kotadwara,Onion,Other,FAQ,1700,1900,1800,04-Jan-25
17742,Garhwal (Pauri),Kotadwara,Onion,Other,FAQ,2000,2500,2200,28-Jan-25
17743,Ernakulam,Kothamangalam,Onion,Big,FAQ,3000,5000,4000,15-Jan-25
17744,Jind,Safidon,Onion,Other,Non-FAQ,2000,2000,2000,30-Jan-25
17745,Saharanpur,Saharanpur,Onion,Red,FAQ,2000,2500,2300,23-Jan-25
17746,Saharanpur,Saharanpur,Onion,Red,FAQ,2100,2500,2300,26-Jan-25
17747,Saharanpur,Saharanpur,Onion,Red,FAQ,2300,2700,2500,06-Jan-25
17748,Siddharth Nagar,Sahiyapur,Onion,Red,FAQ,1500,1520,1510,20-Jan-25
17749,Siddharth Nagar,Sahiyapur,Onion,Red,FAQ,1500,1750,1510,13-Jan-25
17750,Siddharth Nagar,Sahiyapur,Onion,Red,FAQ,1560,1850,1750,01-Feb-25
17751,Siddharth Nagar,Sahiyapur,Onion,Red,FAQ,2200,2310,2260,24-Jan-25
17752,Ludhiana,Sahnewal,Onion,Onion,FAQ,2500,2500,2500,13-Jan-25
17753,Ludhiana,Sahnewal,Onion,Onion,FAQ,2600,2600,2600,17-Jan-25
17754,Ludhiana,Sahnewal,Onion,Onion,FAQ,2600,2600,2600,21-Jan-25
17755,Ratlam,Sailana,Onion,Medium,FAQ,500,1901,600,13-Jan-25
17756,Ratlam,Sailana,Onion,Medium,FAQ,687,2250,2250,22-Jan-25
17757,Ratlam,Sailana(F&V),Onion,Local,FAQ,600,1831,1215,18-Jan-25
17758,Birbhum,Sainthia,Onion,Onion,FAQ,2500,2700,2600,22-Jan-25
17759,Birbhum,Sainthia,Onion,Onion,FAQ,2600,2800,2700,15-Jan-25
17760,Raebarelli,Salon,Onion,1st Sort,Non-FAQ,2280,2300,2285,30-Jan-25
17761,Raebarelli,Salon,Onion,1st Sort,Non-FAQ,2300,2310,2305,25-Jan-25
17762,Raebarelli,Salon,Onion,1st Sort,Non-FAQ,2350,2405,2400,20-Jan-25
17763,Panipat,Samalkha,Onion,Local,FAQ,2000,2000,2000,01-Feb-25
17764,Panipat,Samalkha,Onion,Local,FAQ,2500,2500,2500,17-Jan-25
17765,Patiala,Samana,Onion,Other,FAQ,2000,2300,2200,10-Jan-25
17766,Sambhal,Sambhal,Onion,Red,FAQ,1250,1500,1300,21-Jan-25
17767,Erode,Sampath Nagar(Uzhavar Sandhai ),Onion,Bellary,Local,4500,5000,5000,10-Jan-25
17768,Ludhiana,Samrala,Onion,Other,FAQ,2000,2800,2500,14-Jan-25
17769,Agra,Samsabad,Onion,Red,FAQ,2100,2300,2200,04-Jan-25
17770,Agra,Samsabad,Onion,Red,FAQ,2100,2300,2200,06-Jan-25
17771,Malda,Samsi,Onion,Onion,FAQ,2000,2800,2500,28-Jan-25
17772,Malda,Samsi,Onion,Onion,FAQ,2500,3200,2700,11-Jan-25
17773,Malda,Samsi,Onion,Onion,FAQ,2500,3200,2700,12-Jan-25
17774,Malda,Samsi,Onion,Onion,FAQ,2800,3300,3000,08-Jan-25
17775,Hardoi,Sandi,Onion,Pusa-Red,FAQ,2400,2480,2445,16-Jan-25
17776,Hardoi,Sandi,Onion,Pusa-Red,FAQ,2470,2550,2500,05-Jan-25
17777,Hardoi,Sandila,Onion,Red,FAQ,2500,2600,2550,08-Jan-25
17778,Hardoi,Sandila,Onion,Red,FAQ,2530,2610,2570,06-Jan-25
17779,Ahmednagar,Sangamner,Onion,Red,Local,500,2800,1650,28-Jan-25
17780,Ahmednagar,Sangamner,Onion,Red,Local,500,2801,1650,30-Jan-25
17781,Sangli,"Sangli(Phale, Bhajipura Market)",Onion,Local,FAQ,1000,3500,2250,22-Jan-25
17782,Hanumangarh,Sangriya,Onion,Onion,FAQ,2500,3600,3100,20-Jan-25
17783,Hanumangarh,Sangriya,Onion,Onion,FAQ,2600,3600,3100,28-Jan-25
17784,Tenkasi,Sankarankoil(Uzhavar Sandhai ),Onion,Bellary,Local,4000,5000,5000,10-Jan-25
17785,Tenkasi,Sankarankoil(Uzhavar Sandhai ),Onion,Bellary,Local,4000,5000,5000,17-Jan-25
17786,Tenkasi,Sankarankoil(Uzhavar Sandhai ),Onion,Bellary,Local,5000,5000,5000,01-Jan-25
17787,Kallakuruchi,Sankarapuram(Uzhavar Sandhai ),Onion,Bellary,Local,4000,5000,5000,07-Jan-25
17788,Kallakuruchi,Sankarapuram(Uzhavar Sandhai ),Onion,Bellary,Local,4000,5000,5000,09-Jan-25
17789,Una,Santoshgarh,Onion,Onion,FAQ,2500,3000,2750,04-Jan-25
17790,Meerut,Sardhana,Onion,Red,FAQ,1200,1400,1300,01-Feb-25
17791,Rohtas,Sasaram,Onion,Medium,FAQ,2200,2600,2400,11-Jan-25
17792,Nashik,Satana,Onion,Red,FAQ,450,2520,2180,21-Jan-25
17793,Gorakhpur,Sehjanwa,Onion,Red,FAQ,3190,3205,3200,01-Feb-25
17794,Sehore,Sehore,Onion,Onion,FAQ,301,1802,500,31-Jan-25
17795,Sehore,Sehore,Onion,Onion,FAQ,780,1826,1301,13-Jan-25
17796,Ludhiana,Khanna,Onion,Other,FAQ,1000,2500,1500,24-Jan-25
17797,Nuapada,Khariar,Onion,Dry F.A.Q.,FAQ,3000,3100,3000,02-Jan-25
17798,Nuapada,Khariar,Onion,Dry F.A.Q.,FAQ,3000,3100,3000,08-Jan-25
17799,Nuapada,Khariar,Onion,Dry F.A.Q.,FAQ,3000,3500,3000,15-Jan-25
17800,Nuapada,Khariar,Onion,Dry F.A.Q.,FAQ,3000,3500,3100,03-Jan-25
17801,Nuapada,Khariar,Onion,Dry F.A.Q.,FAQ,3000,3500,3500,14-Jan-25
17802,Muzaffarnagar,Khatauli,Onion,Red,FAQ,1000,1400,1200,28-Jan-25
17803,UdhamSinghNagar,Khateema,Onion,Other,FAQ,2300,2500,2400,08-Jan-25
17804,UdhamSinghNagar,Khateema,Onion,Other,Non-FAQ,1800,2000,1900,30-Jan-25
17805,Pune,Khed(Chakan),Onion,Other,FAQ,2000,3000,2600,21-Jan-25
17806,Pune,Khed(Chakan),Onion,Other,Local,2000,3000,2500,28-Jan-25
17807,Baghpat,Khekda,Onion,Red,FAQ,1800,2200,2000,18-Jan-25
17808,Boudh,Khunthabandha,Onion,Other,FAQ,4000,6000,5000,21-Jan-25
17809,Boudh,Khunthabandha,Onion,Other,Non-FAQ,3000,4000,3500,21-Jan-25
17810,Bulandshahar,Khurja,Onion,Red,FAQ,2240,2440,2340,18-Jan-25
17811,Bulandshahar,Khurja,Onion,Red,FAQ,2350,2550,2450,08-Jan-25
17812,Rohtas,Kochas (Balthari),Onion,Medium,FAQ,2200,2400,2300,19-Jan-25
17813,Rohtas,Kochas (Balthari),Onion,Medium,FAQ,2200,2400,2300,20-Jan-25
17814,Rohtas,Kochas (Balthari),Onion,Medium,FAQ,2300,2500,2400,12-Jan-25
17815,Palakad,Koduvayoor,Onion,Big,FAQ,3500,3900,3700,30-Jan-25
17816,Palakad,Koduvayoor,Onion,Big,FAQ,4000,4400,4200,04-Jan-25
17817,Palakad,Koduvayoor,Onion,Big,FAQ,4000,4400,4200,25-Jan-25
17818,Palakad,Koduvayoor,Onion,Small,FAQ,10000,10400,10200,21-Jan-25
17819,Kolhapur,Kolhapur,Onion,Other,FAQ,800,2800,1800,13-Jan-25
17820,Kolhapur,Kolhapur,Onion,Other,FAQ,800,3100,2000,09-Jan-25
17821,Kolhapur,Kolhapur,Onion,Other,FAQ,800,3700,2100,07-Jan-25
17822,Palakad,Kollengode,Onion,Big,FAQ,4000,4400,4200,09-Jan-25
17823,Palakad,Kollengode,Onion,Small,FAQ,6500,6900,6700,07-Jan-25
17824,Palakad,Kollengode,Onion,Small,FAQ,9000,9400,9200,18-Jan-25
17825,Mau(Maunathbhanjan),Kopaganj,Onion,Red,FAQ,2000,2150,2100,20-Jan-25
17826,Mathura,Kosikalan,Onion,Red,FAQ,2100,2200,2150,09-Jan-25
17827,Mathura,Kosikalan,Onion,Red,FAQ,2200,2400,2300,03-Jan-25
17828,Mathura,Kosikalan,Onion,Red,FAQ,2300,2400,2350,13-Jan-25
17829,Garhwal (Pauri),Kotadwara,Onion,Nasik,FAQ,2000,2400,2200,22-Jan-25
17830,Kotputli- Behror,Kotputli,Onion,Onion,FAQ,2100,2300,2200,23-Jan-25
17831,Kottayam,Kottayam,Onion,Big,FAQ,4200,4600,4400,24-Jan-25
17832,Kottayam,Kottayam,Onion,Big,FAQ,4500,4900,4700,18-Jan-25
17833,Kottayam,Kottayam,Onion,Onion,FAQ,8000,8400,8200,21-Jan-25
17834,Kottayam,Kottayam,Onion,Onion,FAQ,8700,9100,8900,11-Jan-25
17835,Tuticorin,Kovilpatti(Uzhavar Sandhai ),Onion,Bellary,Local,4000,4500,4500,04-Jan-25
17836,Tuticorin,Kovilpatti(Uzhavar Sandhai ),Onion,Bellary,Local,4000,4500,4500,19-Jan-25
17837,Tuticorin,Kovilpatti(Uzhavar Sandhai ),Onion,Bellary,Local,4000,4500,4500,26-Jan-25
17838,Krishnagiri,Krishnagiri(Uzhavar Sandhai ),Onion,Bellary,Local,3500,4000,4000,17-Jan-25
17839,Krishnagiri,Krishnagiri(Uzhavar Sandhai ),Onion,Bellary,Local,3500,4000,4000,18-Jan-25
17840,Karur,Kulithalai(Uzhavar Sandhai ),Onion,Bellary,Local,4000,5000,5000,18-Jan-25
17841,Kullu,Kullu,Onion,Other,FAQ,2800,3000,3000,27-Jan-25
17842,Thanjavur,Kumbakonam (Uzhavar Sandhai ),Onion,Bellary,Local,3600,4800,4800,05-Jan-25
17843,Thanjavur,Kumbakonam (Uzhavar Sandhai ),Onion,Bellary,Local,4000,5000,5000,21-Jan-25
17844,Kancheepuram,Kundrathur(Uzhavar Sandhai ),Onion,Bellary,Local,4000,4000,4000,09-Jan-25
17845,Kancheepuram,Kundrathur(Uzhavar Sandhai ),Onion,Bellary,Local,4000,4000,4000,27-Jan-25
17846,Kancheepuram,Kundrathur(Uzhavar Sandhai ),Onion,Bellary,Local,4000,5000,5000,15-Jan-25
17847,Jharsuguda,Jharsuguda,Onion,Other,FAQ,3000,3500,3500,14-Jan-25
17848,Jharsuguda,Jharsuguda,Onion,Other,FAQ,3500,4000,3500,10-Jan-25
17849,Jharsuguda,Jharsuguda,Onion,Other,FAQ,4000,4000,4000,09-Jan-25
17850,Jind,Jind,Onion,Other,FAQ,1500,2500,2500,10-Jan-25
17851,Jodhpur,Jodhpur (F&V),Onion,Other,FAQ,800,2200,1500,10-Jan-25
17852,Pune,Junnar(Narayangaon),Onion,Other,FAQ,1000,4000,2500,04-Jan-25
17853,Pune,Junnar(Otur),Onion,Red,FAQ,1000,3310,2600,19-Jan-25
17854,North Tripura,Kadamtala,Onion,Nasik,FAQ,3400,3500,3450,25-Jan-25
17855,North Tripura,Kadamtala,Onion,Nasik,FAQ,3700,3800,3750,02-Jan-25
17856,North Tripura,Kadamtala,Onion,Nasik,FAQ,3700,3800,3750,13-Jan-25
17857,North Tripura,Kadamtala,Onion,Nasik,FAQ,3800,4000,3900,05-Jan-25
17858,Vellore,Kahithapattarai(Uzhavar Sandhai ),Onion,Bellary,Local,4000,4000,4000,06-Jan-25
17859,Vellore,Kahithapattarai(Uzhavar Sandhai ),Onion,Bellary,Local,4200,4200,4200,18-Jan-25
17860,Vellore,Kahithapattarai(Uzhavar Sandhai ),Onion,Bellary,Local,4400,4400,4400,26-Jan-25
17861,Shamli,Kairana,Onion,Red,FAQ,1300,1400,1350,23-Jan-25
17862,Shamli,Kairana,Onion,Red,FAQ,1600,1700,1650,02-Jan-25
17863,Sirsa,kalanwali,Onion,Other,FAQ,2000,2000,2000,17-Jan-25
17864,Sirsa,kalanwali,Onion,Other,FAQ,2500,2500,2500,18-Jan-25
17865,Shajapur,Kalapipal,Onion,Onion,FAQ,1000,1000,1000,18-Jan-25
17866,Shajapur,Kalapipal(F&V),Onion,Onion,FAQ,900,2000,1610,04-Jan-25
17867,Hooghly,Kalipur,Onion,Nasik,FAQ,3000,3200,3000,03-Jan-25
17868,Kallakuruchi,Kallakurichi(Uzhavar Sandhai ),Onion,Bellary,Local,4000,5000,5000,11-Jan-25
17869,Kallakuruchi,Kallakurichi(Uzhavar Sandhai ),Onion,Bellary,Local,4000,5000,5000,24-Jan-25
17870,Kallakuruchi,Kallakurichi(Uzhavar Sandhai ),Onion,Bellary,Local,5000,6000,6000,02-Jan-25
17871,Purba Bardhaman,Kalna,Onion,Local,FAQ,2300,2400,2350,06-Jan-25
17872,Purba Bardhaman,Kalna,Onion,Other,FAQ,3000,3200,3100,04-Jan-25
17873,Purba Bardhaman,Kalna,Onion,Other,FAQ,3000,3200,3100,06-Jan-25
17874,Nashik,Kalvan,Onion,Red,FAQ,1400,3100,2401,02-Jan-25
17875,Thane,Kalyan,Onion,1st Sort,FAQ,2400,2600,2500,21-Jan-25
17876,Nadia,Kalyani,Onion,Onion,FAQ,3000,3200,3100,27-Jan-25
17877,Nadia,Kalyani,Onion,Onion,FAQ,3000,3200,3100,31-Jan-25
17878,Nadia,Kalyani,Onion,Onion,FAQ,3100,3300,3200,13-Jan-25
17879,Theni,Kambam(Uzhavar Sandhai ),Onion,Bellary,Local,4000,4000,4000,04-Jan-25
17880,Theni,Kambam(Uzhavar Sandhai ),Onion,Bellary,Local,4000,4200,4200,11-Jan-25
17881,Farukhabad,Kamlaganj,Onion,Red,FAQ,2240,2340,2300,09-Jan-25
17882,Kancheepuram,Kancheepuram(Uzhavar Sandhai ),Onion,Bellary,Local,3500,4000,4000,21-Jan-25
17883,Kancheepuram,Kancheepuram(Uzhavar Sandhai ),Onion,Bellary,Local,3800,4500,4500,15-Jan-25
17884,Kancheepuram,Kancheepuram(Uzhavar Sandhai ),Onion,Bellary,Local,4000,4500,4500,04-Jan-25
17885,Thirunelveli,Kandiyaperi(Uzhavar Sandhai ),Onion,Bellary,Local,3500,4000,4000,19-Jan-25
17886,Thirunelveli,Kandiyaperi(Uzhavar Sandhai ),Onion,Bellary,Local,3500,4000,4000,25-Jan-25
17887,Thirupur,Kangayam(Uzhavar Sandhai ),Onion,Bellary,Local,4000,4500,4500,28-Jan-25
17888,Thirupur,Kangayam(Uzhavar Sandhai ),Onion,Bellary,Local,4500,5000,5000,17-Jan-25
17889,Kangra,Kangra,Onion,Other,FAQ,3200,3400,3300,08-Jan-25
17890,Kangra,Kangra(Baijnath),Onion,Onion,FAQ,2400,2500,2500,01-Jan-25
17891,Kangra,Kangra(Baijnath),Onion,Onion,FAQ,2500,2600,2600,27-Jan-25
17892,Kangra,Kangra(Baijnath),Onion,Onion,FAQ,2700,3000,2800,22-Jan-25
17893,Kangra,Kangra(Jaisinghpur),Onion,1st Sort,FAQ,2700,2800,2750,02-Jan-25
17894,Kangra,Kangra(Nagrota Bagwan),Onion,Other,FAQ,3000,3200,3100,21-Jan-25
17895,Kasargod,Kanjangadu,Onion,Big,FAQ,3400,4000,3600,03-Jan-25
17896,Kasargod,Kanjangadu,Onion,Big,FAQ,3400,4000,3600,04-Jan-25
17897,Kurukshetra,Shahabad,Onion,Onion,FAQ,1500,3000,2500,02-Jan-25
17898,Kurukshetra,Shahabad,Onion,Onion,FAQ,1600,5100,2500,17-Jan-25
17899,Hardoi,Shahabad(New Mandi),Onion,Red,FAQ,2400,2500,2450,15-Jan-25
17900,Delhi,Shahdara,Onion,Other,Non-FAQ,1500,2200,1800,20-Jan-25
17901,Delhi,Shahdara,Onion,Other,Non-FAQ,1800,2500,2000,17-Jan-25
17902,Delhi,Shahdara,Onion,Other,Non-FAQ,2300,2800,2400,26-Jan-25
17903,Jaunpur,Shahganj,Onion,Red,FAQ,2070,2170,2120,02-Jan-25
17904,Jaunpur,Shahganj,Onion,Red,FAQ,2100,2250,2140,28-Jan-25
17905,Shahjahanpur,Shahjahanpur,Onion,Red,FAQ,2200,2300,2250,30-Jan-25
17906,Shajapur,Shajapur,Onion,Medium,FAQ,386,2190,1885,30-Jan-25
17907,Shajapur,Shajapur,Onion,Onion,FAQ,800,1100,1100,11-Jan-25
17908,Shajapur,Shajapur,Onion,Onion,FAQ,1203,1203,1203,09-Jan-25
17909,Mandsaur,Shamgarh,Onion,Onion,FAQ,100,1901,800,31-Jan-25
17910,Mandsaur,Shamgarh,Onion,Onion,Non-FAQ,200,1451,880,22-Jan-25
17911,Hooghly,Sheoraphuly,Onion,Nasik,FAQ,2600,3000,2800,11-Jan-25
17912,Hooghly,Sheoraphuly,Onion,Nasik,FAQ,2600,3000,2800,12-Jan-25
17913,Hooghly,Sheoraphuly,Onion,Nasik,FAQ,2800,3200,3000,19-Jan-25
17914,Hooghly,Sheoraphuly,Onion,Nasik,FAQ,2800,3200,3000,23-Jan-25
17915,Hooghly,Sheoraphuly,Onion,Nasik,FAQ,3000,3300,3200,10-Jan-25
17916,Ahmednagar,Shevgaon,Onion,2nd Sort,FAQ,1300,2300,1300,25-Jan-25
17917,Ahmednagar,Shevgaon,Onion,2nd Sort,Local,1600,1900,1900,30-Jan-25
17918,Shimla,Shimla,Onion,1st Sort,FAQ,3000,3500,3000,14-Jan-25
17919,Pune,Shirur,Onion,Other,FAQ,1000,3100,2200,08-Jan-25
17920,Pune,Shirur,Onion,Other,FAQ,1000,3700,2700,05-Jan-25
17921,Nashik,Shivsiddha Govind Producer Company Limited Sanchal,Onion,Red,FAQ,1900,2900,2550,02-Jan-25
17922,Nashik,Shivsiddha Govind Producer Company Limited Sanchal,Onion,Red,FAQ,2100,2900,2660,01-Jan-25
17923,Nashik,Shivsiddha Govind Producer Company Limited Sanchal,Onion,Red,FAQ,2100,3005,2500,21-Jan-25
17924,Shajapur,Shujalpur(F&V),Onion,Onion,FAQ,800,2301,1300,03-Jan-25
17925,Sikar,Sikar,Onion,Onion,FAQ,1000,1700,1350,24-Jan-25
17926,Sikar,Sikar,Onion,Onion,FAQ,1000,1800,1400,21-Jan-25
17927,Bulandshahar,Sikarpur,Onion,Red,FAQ,1200,1350,1300,22-Jan-25
17928,Bulandshahar,Sikarpur,Onion,Red,FAQ,1500,1650,1600,14-Jan-25
17929,Bulandshahar,Sikarpur,Onion,Red,FAQ,1700,1850,1800,10-Jan-25
17930,Bulandshahar,Sikarpur,Onion,Red,FAQ,2800,3000,2900,07-Jan-25
17931,Darjeeling,Siliguri,Onion,Other,FAQ,2500,2700,2600,08-Jan-25
17932,Darjeeling,Siliguri,Onion,Other,FAQ,2500,2700,2600,13-Jan-25
17933,Sivaganga,Singampunari(Uzhavar Sandhai ),Onion,Bellary,Local,4500,5000,5000,21-Jan-25
17934,Sivaganga,Singampunari(Uzhavar Sandhai ),Onion,Bellary,Local,5000,5500,5500,03-Jan-25
17935,Sivaganga,Singampunari(Uzhavar Sandhai ),Onion,Bellary,Local,5000,5500,5500,26-Jan-25
17936,Sivaganga,Singampunari(Uzhavar Sandhai ),Onion,Bellary,Local,5000,5500,5500,31-Jan-25
17937,Coimbatore,Singanallur(Uzhavar Sandhai ),Onion,Bellary,Local,4000,4400,4400,12-Jan-25
17938,Fatehgarh,Sirhind,Onion,Other,FAQ,2000,2600,2300,18-Jan-25
17939,Nagapattinam,Sirkali(Uzhavar Sandhai ),Onion,Bellary,Local,4000,5000,5000,14-Jan-25
17940,Sirsa,Sirsa,Onion,Other,FAQ,1700,2500,2000,27-Jan-25
17941,Sirsa,Sirsa,Onion,Other,FAQ,1800,3000,2500,08-Jan-25
17942,Prayagraj,Sirsa,Onion,Red,FAQ,2000,2200,2100,01-Feb-25
17943,Sitapur,Sitapur,Onion,Red,FAQ,1600,2400,2250,27-Jan-25
17944,UdhamSinghNagar,Sitarganj,Onion,Other,FAQ,2800,3300,3000,09-Jan-25
17945,UdhamSinghNagar,Sitarganj,Onion,Other,FAQ,2800,3300,3000,12-Jan-25
17946,Mandsaur,Sitmau,Onion,Onion,FAQ,507,2100,1400,07-Jan-25
17947,Virudhunagar,Sivakasi(Uzhavar Sandhai ),Onion,Bellary,Local,4800,5000,5000,01-Jan-25
17948,Kancheepuram,Kundrathur(Uzhavar Sandhai ),Onion,Bellary,Local,4000,5000,5000,22-Jan-25
17949,Kancheepuram,Kundrathur(Uzhavar Sandhai ),Onion,Bellary,Local,4000,5000,5000,28-Jan-25
17950,Coimbatore,Kurichi(Uzhavar Sandhai ),Onion,Bellary,Local,3800,4200,4200,05-Jan-25
17951,Coimbatore,Kurichi(Uzhavar Sandhai ),Onion,Bellary,Local,4000,4400,4400,27-Jan-25
17952,Kurnool,Kurnool,Onion,Local,FAQ,1480,2565,2309,23-Jan-25
17953,Kottayam,Kuruppanthura,Onion,Big,FAQ,4000,6000,4500,10-Jan-25
17954,Kottayam,Kuruppanthura,Onion,Onion,Non-FAQ,7600,9000,8000,31-Jan-25
17955,Kottayam,Kuruppanthura,Onion,Onion,Non-FAQ,9800,11500,10000,27-Jan-25
17956,Hyderabad,L B Nagar,Onion,1st Sort,FAQ,3000,5000,4000,09-Jan-25
17957,Hyderabad,L B Nagar,Onion,1st Sort,Non-FAQ,2000,4000,3000,24-Jan-25
17958,Kurukshetra,Ladwa,Onion,Onion,FAQ,2000,2200,2100,06-Jan-25
17959,Kurukshetra,Ladwa,Onion,Onion,FAQ,2000,2500,2200,17-Jan-25
17960,Kurukshetra,Ladwa,Onion,Onion,FAQ,2000,2500,2300,11-Jan-25
17961,Kurukshetra,Ladwa,Onion,Onion,FAQ,2200,2500,2400,14-Jan-25
17962,Raebarelli,Lalganj,Onion,Red,FAQ,2400,2500,2450,08-Jan-25
17963,Raebarelli,Lalganj,Onion,Red,FAQ,2550,2650,2600,03-Jan-25
17964,Thiruchirappalli,Lalgudi(Uzhavar Sandhai ),Onion,Bellary,Local,4000,5600,5600,01-Jan-25
17965,Lalitpur,Lalitpur,Onion,Red,FAQ,1950,2020,1980,01-Feb-25
17966,Lalitpur,Lalitpur,Onion,Red,FAQ,1970,2000,1975,08-Jan-25
17967,Nashik,Lasalgaon,Onion,Red,FAQ,801,2321,1780,11-Jan-25
17968,Nashik,Lasalgaon,Onion,Red,FAQ,1100,2900,2425,25-Jan-25
17969,Nashik,Lasalgaon(Niphad),Onion,Red,FAQ,1100,2300,1950,16-Jan-25
17970,Nashik,Lasalgaon(Niphad),Onion,Red,Local,1000,2351,2125,01-Feb-25
17971,Nashik,Lasalgaon(Vinchur),Onion,Red,FAQ,1000,2700,2350,23-Jan-25
17972,Nashik,Lasalgaon(Vinchur),Onion,Red,Local,1000,2360,2100,01-Feb-25
17973,Satara,Lonand,Onion,Other,FAQ,1000,3000,1700,23-Jan-25
17974,Satara,Lonand,Onion,Other,FAQ,1000,3240,2800,02-Jan-25
17975,Lucknow,Lucknow,Onion,Red,FAQ,2280,2380,2330,21-Jan-25
17976,Lucknow,Lucknow,Onion,Red,FAQ,2400,2600,2500,05-Jan-25
17977,Lucknow,Lucknow,Onion,Red,Non-FAQ,1940,2100,2020,31-Jan-25
17978,Ludhiana,Ludhiana,Onion,Other,FAQ,800,2500,1900,22-Jan-25
17979,Ajmer,Madanganj Kishangarh,Onion,1st Sort,FAQ,2500,3000,2800,28-Jan-25
17980,Ajmer,Madanganj Kishangarh,Onion,1st Sort,FAQ,2800,3200,3000,11-Jan-25
17981,Hardoi,Madhoganj,Onion,Red,FAQ,2400,2450,2425,14-Jan-25
17982,Chengalpattu,Madhuranthagam(Uzhavar Sandhai ),Onion,Bellary,Local,4500,5000,5000,08-Jan-25
17983,Hyderabad,Mahboob Manison,Onion,1st Sort,FAQ,2500,3000,2700,16-Jan-25
17984,Hyderabad,Mahboob Manison,Onion,2nd Sort,FAQ,2000,2600,2400,30-Jan-25
17985,Hyderabad,Mahboob Manison,Onion,2nd Sort,FAQ,2100,2700,2500,01-Feb-25
17986,Mahoba,Mahoba,Onion,Red,FAQ,2000,2120,2030,01-Feb-25
17987,Mahoba,Mahoba,Onion,Red,FAQ,2220,2350,2280,27-Jan-25
17988,Mahoba,Mahoba,Onion,Red,FAQ,2400,2500,2450,04-Jan-25
17989,Bhavnagar,Mahuva(Station Road),Onion,Red,FAQ,750,2350,1550,01-Feb-25
17990,Bhavnagar,Mahuva(Station Road),Onion,Red,FAQ,750,2705,1730,08-Jan-25
17991,Bhavnagar,Mahuva(Station Road),Onion,Red,FAQ,945,2425,1685,21-Jan-25
17992,Bhavnagar,Mahuva(Station Road),Onion,White,FAQ,1070,1580,1325,31-Jan-25
17993,Khiri (Lakhimpur),Maigalganj,Onion,Red,FAQ,2800,2850,2825,25-Jan-25
17994,Khiri (Lakhimpur),Maigalganj,Onion,Red,FAQ,3100,3160,3130,03-Jan-25
17995,Mainpuri,Mainpuri,Onion,Red,FAQ,2000,2200,2100,30-Jan-25
17996,Sangrur,Malerkotla,Onion,Other,FAQ,1500,2200,1800,27-Jan-25
17997,Buldhana,Malkapur,Onion,Local,FAQ,1155,1955,1400,14-Jan-25
17998,Buldhana,Malkapur,Onion,Local,Local,1500,1900,1700,30-Jan-25
17999,Virudhunagar,Sivakasi(Uzhavar Sandhai ),Onion,Bellary,Local,4800,5000,5000,09-Jan-25
18000,Kaithal,Siwan,Onion,Other,FAQ,2300,2600,2500,01-Jan-25
18001,Bulandshahar,Siyana,Onion,Red,FAQ,2200,2300,2250,17-Jan-25
18002,Bulandshahar,Siyana,Onion,Red,FAQ,2300,2420,2370,18-Jan-25
18003,Solan,Solan,Onion,Other,FAQ,2400,2900,2800,26-Jan-25
18004,Solan,Solan,Onion,Other,FAQ,2400,2900,2800,27-Jan-25
18005,Solan,Solan,Onion,Other,FAQ,2800,3600,3200,02-Jan-25
18006,Solan,Solan(Nalagarh),Onion,Other,FAQ,2500,3000,2800,04-Jan-25
18007,Solan,Solan(Nalagarh),Onion,Other,FAQ,2500,3000,2800,25-Jan-25
18008,Solan,Solan(Nalagarh),Onion,Other,FAQ,2800,3000,2900,17-Jan-25
18009,Salem,Sooramangalam(Uzhavar Sandhai ),Onion,Bellary,Local,5500,6000,6000,05-Jan-25
18010,Ganganagar,Sriganganagar (F&V),Onion,Other,FAQ,2200,2600,2400,27-Jan-25
18011,Ganganagar,Sriganganagar (F&V),Onion,Other,FAQ,2400,2800,2600,13-Jan-25
18012,Ganganagar,Sriganganagar (F&V),Onion,Other,FAQ,2500,2900,2700,17-Jan-25
18013,Virudhunagar,Srivilliputhur(Uzhavar Sandhai ),Onion,Bellary,Local,4000,5000,5000,06-Jan-25
18014,Amethi,Sultanpur,Onion,Red,FAQ,2300,2455,2350,22-Jan-25
18015,Amethi,Sultanpur,Onion,Red,FAQ,2350,2455,2400,06-Jan-25
18016,Amethi,Sultanpur,Onion,Red,FAQ,2350,2550,2430,03-Jan-25
18017,Coimbatore,Sulur(Uzhavar Sandhai ),Onion,Bellary,Local,4000,4500,4500,10-Jan-25
18018,Coimbatore,Sulur(Uzhavar Sandhai ),Onion,Bellary,Local,4000,4500,4500,27-Jan-25
18019,Coimbatore,Sundarapuram(Uzhavar Sandhai ),Onion,Bellary,Local,3500,3800,3800,17-Jan-25
18020,Kancheepuram,Sunguvarchatram(Uzhavar Sandhai ),Onion,Bellary,Local,4000,4500,4500,22-Jan-25
18021,Ganganagar,Suratgarh,Onion,1st Sort,FAQ,1500,1800,1600,11-Jan-25
18022,Samastipur,Tajpur,Onion,Medium,FAQ,2500,2700,2700,19-Jan-25
18023,Samastipur,Tajpur,Onion,Medium,FAQ,2500,2700,2700,23-Jan-25
18024,Samastipur,Tajpur,Onion,Medium,FAQ,2500,3000,2800,04-Jan-25
18025,Samastipur,Tajpur,Onion,Medium,FAQ,2500,3000,2800,06-Jan-25
18026,Bhavnagar,Taleja,Onion,Red,FAQ,1000,2300,1650,28-Jan-25
18027,Bhavnagar,Taleja,Onion,Red,FAQ,1165,2155,1660,01-Jan-25
18028,Kannur,Taliparamba,Onion,Onion,FAQ,3300,3500,3400,16-Jan-25
18029,Bhatinda,Talwandi Sabo,Onion,Other,FAQ,2600,2800,2700,28-Jan-25
18030,Thiruvannamalai,Tamarainagar(Uzhavar Sandhai ),Onion,Bellary,Local,4000,4500,4500,23-Jan-25
18031,Medinipur(E),Tamluk (Medinipur E),Onion,Onion,FAQ,2800,3200,3000,13-Jan-25
18032,Hoshiarpur,Tanda Urmur,Onion,Other,FAQ,3000,3500,3200,07-Jan-25
18033,Hoshiarpur,Tanda Urmur,Onion,Other,FAQ,3000,3500,3300,03-Jan-25
18034,Tarntaran,Tarantaran,Onion,Other,FAQ,2000,2400,2200,20-Jan-25
18035,Tarntaran,Tarantaran,Onion,Other,FAQ,2000,2500,2200,09-Jan-25
18036,Mewat,Tauru,Onion,Other,FAQ,0,3000,3000,03-Jan-25
18037,Tenkasi,Tenkasi(Uzhavar Sandhai ),Onion,Bellary,Local,4000,4000,4000,02-Jan-25
18038,Kannur,Thalasserry,Onion,1st Sort,FAQ,2800,3100,3000,17-Jan-25
18039,Erode,Thalavadi(Uzhavar Sandhai ),Onion,Bellary,Local,4000,4500,4500,14-Jan-25
18040,Erode,Thalavadi(Uzhavar Sandhai ),Onion,Bellary,Local,4000,4500,4500,27-Jan-25
18041,Virudhunagar,Thalavaipuram(Uzhavar Sandhai ),Onion,Bellary,Local,4000,4500,4500,17-Jan-25
18042,Kottayam,Thalayolaparambu,Onion,Big,FAQ,3900,4200,4000,27-Jan-25
18043,Kottayam,Thalayolaparambu,Onion,Onion,FAQ,8000,8400,8200,04-Jan-25
18044,Salem,Thammampatti (Uzhavar Sandhai ),Onion,Bellary,Local,5000,5600,5600,13-Jan-25
18045,Thanjavur,Thanjavur(Uzhavar Sandhai ),Onion,Bellary,Local,4600,4600,4600,22-Jan-25
18046,Thanjavur,Thanjavur(Uzhavar Sandhai ),Onion,Bellary,Local,4600,4600,4600,23-Jan-25
18047,Salem,Thathakapatti(Uzhavar Sandhai ),Onion,Bellary,Local,5000,6000,6000,08-Jan-25
18048,Theni,Theni(Uzhavar Sandhai ),Onion,Bellary,Local,3500,4000,4000,13-Jan-25
18049,Kolhapur,Vadgaonpeth,Onion,Local,FAQ,2500,3500,2800,10-Jan-25
18050,Kolhapur,Vadgaonpeth,Onion,Local,Local,2000,3000,2600,26-Jan-25
18051,Vadodara(Baroda),Vadodara(Sayajipura),Onion,Other,FAQ,1200,2600,1900,17-Jan-25
18052,Satara,Vai,Onion,Local,FAQ,1500,4500,3000,05-Jan-25
18053,Thiruvarur,Valangaiman,Onion,Bellary,Local,4000,4000,4000,02-Jan-25
18054,Thiruvarur,Valangaiman,Onion,Bellary,Local,4400,4400,4400,04-Jan-25
18055,Thiruvananthapuram,Vamanapuram,Onion,Other,FAQ,5000,5500,5000,10-Jan-25
18056,Thiruvananthapuram,Vamanapuram,Onion,Other,FAQ,5000,5500,5000,14-Jan-25
18057,Thiruvananthapuram,Vamanapuram,Onion,Other,FAQ,5000,5500,5500,15-Jan-25
18058,Idukki,Vandiperiyar,Onion,Big,FAQ,4400,4500,4500,13-Jan-25
18059,Idukki,Vandiperiyar,Onion,Big,FAQ,4400,4600,4500,06-Jan-25
18060,Thirupathur,Vaniyampadi(Uzhavar Sandhai ),Onion,Bellary,Local,4000,5000,5000,17-Jan-25
18061,Thirupathur,Vaniyampadi(Uzhavar Sandhai ),Onion,Bellary,Local,5000,5000,5000,10-Jan-25
18062,Thirupathur,Vaniyampadi(Uzhavar Sandhai ),Onion,Bellary,Local,5000,5000,5000,27-Jan-25
18063,Kanpur,Varipaal,Onion,Red,FAQ,1800,2000,1900,09-Jan-25
18064,Mumbai,Vashi New Mumbai,Onion,Other,FAQ,1200,3200,2200,22-Jan-25
18065,Mumbai,Vashi New Mumbai,Onion,Other,Local,1000,2800,1900,31-Jan-25
18066,Dindigul,Vedasanthur(Uzhavar Sandhai ),Onion,Bellary,Local,3500,5000,5000,30-Jan-25
18067,Karur,Velayuthampalayam(Uzhavar Sandhai ),Onion,Bellary,Local,4000,5000,5000,18-Jan-25
18068,Ballia,Vilthararoad,Onion,Other,FAQ,2500,2600,2550,08-Jan-25
18069,Ballia,Vilthararoad,Onion,Other,FAQ,2500,2600,2550,13-Jan-25
18070,Pudukkottai,Viralimalai(Uzhavar Sandhai ),Onion,Bellary,Local,4200,5000,5000,26-Jan-25
18071,Pudukkottai,Viralimalai(Uzhavar Sandhai ),Onion,Bellary,Local,5000,6000,6000,07-Jan-25
18072,Virudhunagar,Virudhunagar(Uzhavar Sandhai ),Onion,Bellary,Local,3700,4500,4500,24-Jan-25
18073,Virudhunagar,Virudhunagar(Uzhavar Sandhai ),Onion,Bellary,Local,4500,4600,4600,18-Jan-25
18074,Junagarh,Visavadar,Onion,Onion,FAQ,575,1605,1090,31-Jan-25
18075,Junagarh,Visavadar,Onion,Onion,FAQ,675,1755,1215,30-Jan-25
18076,Pillibhit,Vishalpur,Onion,Red,FAQ,2220,2280,2250,28-Jan-25
18077,Pillibhit,Vishalpur,Onion,Red,FAQ,2230,2265,2245,07-Jan-25
18078,Pillibhit,Vishalpur,Onion,Red,FAQ,2230,2280,2255,29-Jan-25
18079,Pillibhit,Vishalpur,Onion,Red,FAQ,2270,2335,2300,03-Jan-25
18080,Sitapur,Viswan,Onion,Red,FAQ,2340,2380,2360,16-Jan-25
18081,Sitapur,Viswan,Onion,Red,FAQ,2400,2440,2420,01-Jan-25
18082,Thirssur,Wadakkanchery,Onion,Onion,FAQ,3900,4200,4200,17-Jan-25
18083,Thirssur,Wadakkanchery,Onion,Onion,FAQ,4000,4500,4500,31-Jan-25
18084,Badaun,Wazirganj,Onion,Red,FAQ,2150,2250,2200,30-Jan-25
18085,Yamuna Nagar,Yamuna Nagar,Onion,Other,FAQ,600,2400,1800,24-Jan-25
18086,Yamuna Nagar,Yamuna Nagar,Onion,Other,FAQ,700,2600,2000,16-Jan-25
18087,Yamuna Nagar,Yamuna Nagar,Onion,Other,FAQ,700,2800,2000,14-Jan-25
18088,Jalgaon,Yawal,Onion,Red,FAQ,1200,1630,1400,09-Jan-25
18089,Jalgaon,Yawal,Onion,Red,FAQ,1230,1600,1410,15-Jan-25
18090,Nashik,Yeola,Onion,Red,FAQ,400,2675,2000,02-Jan-25
18091,Nashik,Yeola,Onion,Red,FAQ,450,2352,1800,17-Jan-25
18092,Nashik,Yeola,Onion,Red,FAQ,500,2300,1650,11-Jan-25
18093,Ferozpur,Zira,Onion,Local,FAQ,2000,2500,2300,21-Jan-25
18094,Ferozpur,Zira,Onion,Local,FAQ,2500,2900,2700,03-Jan-25
18095,Gurdaspur,Dinanagar,Onion,Other,FAQ,2000,2200,2200,30-Jan-25
18096,Gurdaspur,Dinanagar,Onion,Other,FAQ,3000,3500,3500,02-Jan-25
18097,Dindigul,Dindigul(Uzhavar Sandhai ),Onion,Bellary,Local,4000,4400,4400,29-Jan-25
18098,Dindigul,Dindigul(Uzhavar Sandhai ),Onion,Bellary,Local,4000,5000,5000,24-Jan-25
18099,Dindigul,Dindigul(Uzhavar Sandhai ),Onion,Bellary,Local,4500,4800,4800,19-Jan-25
18100,Dindigul,Dindigul(Uzhavar Sandhai ),Onion,Bellary,Local,5000,5600,5600,14-Jan-25
18101,Nashik,Dindori(Vani),Onion,Red,FAQ,1700,3050,2550,04-Jan-25
18102,Coochbehar,Dinhata,Onion,Onion,FAQ,2800,3000,2900,04-Jan-25
18103,Mau(Maunathbhanjan),Doharighat,Onion,Red,Non-FAQ,3400,3500,3465,18-Jan-25
18104,Ludhiana,Doraha,Onion,Other,FAQ,2000,3000,2600,03-Jan-25
18105,Ludhiana,Doraha,Onion,Other,FAQ,2200,3000,2600,11-Jan-25
18106,Ludhiana,Doraha,Onion,Other,Non-FAQ,2300,3000,2650,22-Jan-25
18107,Ludhiana,Doraha,Onion,Other,Non-FAQ,2300,3000,2750,31-Jan-25
18108,Patiala,Dudhansadhan,Onion,Other,FAQ,2600,2800,2700,21-Jan-25
18109,Patiala,Dudhansadhan,Onion,Other,FAQ,2700,3000,2800,20-Jan-25
18110,Patiala,Dudhansadhan,Onion,Other,FAQ,3300,3500,3400,04-Jan-25
18111,Sonbhadra,Dudhi,Onion,Onion,FAQ,2200,2400,2300,27-Jan-25
18112,Dungarpur,Dungarpur,Onion,1st Sort,FAQ,2075,2125,2100,28-Jan-25
18113,Dungarpur,Dungarpur,Onion,1st Sort,FAQ,2076,2126,2100,08-Jan-25
18114,Paschim Bardhaman,Durgapur,Onion,Other,FAQ,2750,3000,2800,26-Jan-25
18115,Paschim Bardhaman,Durgapur,Onion,Other,FAQ,2850,3050,2900,30-Jan-25
18116,Paschim Bardhaman,Durgapur,Onion,Other,FAQ,2950,3250,3100,10-Jan-25
18117,Paschim Bardhaman,Durgapur,Onion,Other,FAQ,3000,3250,3100,13-Jan-25
18118,Salem,Edapadi (Uzhavar Sandhai ),Onion,Bellary,Local,4500,5000,5000,01-Feb-25
18119,Salem,Edapadi (Uzhavar Sandhai ),Onion,Bellary,Local,5500,6000,6000,25-Jan-25
18120,Medinipur(E),Egra/contai,Onion,Onion,FAQ,3000,3200,3100,12-Jan-25
18121,Salem,Elampillai(Uzhavar Sandhai ),Onion,Bellary,Local,5000,5500,5500,17-Jan-25
18122,Salem,Elampillai(Uzhavar Sandhai ),Onion,Bellary,Local,5000,6000,6000,25-Jan-25
18123,Salem,Elampillai(Uzhavar Sandhai ),Onion,Bellary,Local,6000,7000,7000,27-Jan-25
18124,Malda,English Bazar,Onion,Other,FAQ,2000,2800,2400,18-Jan-25
18125,Malda,English Bazar,Onion,Other,FAQ,2200,3000,2500,04-Jan-25
18126,Malda,English Bazar,Onion,Other,FAQ,2500,3200,2700,11-Jan-25
18127,Etah,Etah,Onion,Red,FAQ,2000,2500,2160,06-Jan-25
18128,Etawah,Etawah,Onion,Red,FAQ,2100,2400,2300,22-Jan-25
18129,Etawah,Etawah,Onion,Red,FAQ,2100,2400,2300,23-Jan-25
18130,Etawah,Etawah,Onion,Red,FAQ,2200,2600,2500,03-Jan-25
18131,Kottayam,Ettumanoor,Onion,Big,FAQ,3400,3800,3600,16-Jan-25
18132,Kottayam,Ettumanoor,Onion,Big,FAQ,3400,3800,3600,17-Jan-25
18133,Kottayam,Ettumanoor,Onion,Big,FAQ,3800,4200,4000,28-Jan-25
18134,Kottayam,Ettumanoor,Onion,Big,FAQ,4200,4400,4300,30-Jan-25
18135,Kottayam,Ettumanoor,Onion,Onion,FAQ,9800,10200,10000,17-Jan-25
18136,Gurdaspur,F.G.Churian,Onion,Onion,FAQ,2800,3000,2900,06-Jan-25
18137,Ayodhya,Faizabad,Onion,Red,FAQ,2200,2360,2300,14-Jan-25
18138,Ayodhya,Faizabad,Onion,Red,FAQ,2200,2380,2300,23-Jan-25
18139,Ayodhya,Faizabad,Onion,Red,FAQ,2280,2400,2350,17-Jan-25
18140,Ayodhya,Faizabad,Onion,Red,FAQ,2370,2510,2450,01-Jan-25
18141,Faridabad,Faridabad,Onion,Other,FAQ,2000,2500,2250,17-Jan-25
18142,Fatehabad,Fatehabad,Onion,Other,FAQ,2000,3000,2500,19-Jan-25
18143,Agra,Fatehabad,Onion,Red,Non-FAQ,1600,1800,1650,18-Jan-25
18144,Agra,Fatehabad,Onion,Red,Non-FAQ,1700,2000,1750,31-Jan-25
18145,Fatehpur,Fatehpur,Onion,Red,FAQ,2000,2300,2130,08-Jan-25
18146,Agra,Fatehpur Sikri,Onion,Red,FAQ,2050,2250,2150,26-Jan-25
18147,Thiruchirappalli,Manachanallur(Uzhavar Sandhai ),Onion,Bellary,Local,4600,6000,6000,06-Jan-25
18148,Thiruchirappalli,Manachanallur(Uzhavar Sandhai ),Onion,Bellary,Local,5600,5600,5600,31-Jan-25
18149,Thiruchirappalli,Manapparai(Uzhavar Sandhai ),Onion,Bellary,Local,4000,5400,5400,19-Jan-25
18150,Thiruchirappalli,Manapparai(Uzhavar Sandhai ),Onion,Bellary,Local,5000,5600,5600,02-Jan-25
18151,Neemuch,Manasa,Onion,Onion,FAQ,180,1894,1120,24-Jan-25
18152,Neemuch,Manasa,Onion,Onion,FAQ,420,2100,1600,06-Jan-25
18153,Neemuch,Manasa,Onion,Onion,FAQ,451,1690,1601,09-Jan-25
18154,Neemuch,Manasa,Onion,Onion,FAQ,700,2101,1000,27-Jan-25
18155,Neemuch,Manasa,Onion,Onion,FAQ,1006,1999,1400,17-Jan-25
18156,Dhar,Manawar(F&V),Onion,Onion,FAQ,1800,2000,1900,01-Jan-25
18157,Pune,Manchar,Onion,Other,FAQ,2200,2900,2600,09-Jan-25
18158,Mandi,Mandi(Mandi),Onion,Onion,FAQ,1400,3000,2500,14-Jan-25
18159,Mandi,Mandi(Mandi),Onion,Onion,FAQ,2200,3000,2600,07-Jan-25
18160,Mandi,Mandi(Mandi),Onion,Onion,FAQ,2800,3000,2900,04-Jan-25
18161,Mandi,Mandi(Takoli),Onion,Other,FAQ,2500,3000,3000,22-Jan-25
18162,Mandsaur,Mandsaur,Onion,Onion,FAQ,100,1856,1000,13-Jan-25
18163,Mandsaur,Mandsaur,Onion,Onion,FAQ,100,2000,1200,16-Jan-25
18164,Mandsaur,Mandsaur,Onion,Onion,FAQ,100,2231,1700,29-Jan-25
18165,Mandsaur,Mandsaur,Onion,Onion,FAQ,100,15000,1700,01-Jan-25
18166,Sholapur,Mangal Wedha,Onion,Local,FAQ,300,3100,2600,11-Jan-25
18167,Sholapur,Mangal Wedha,Onion,Local,Local,400,3000,2600,27-Jan-25
18168,Haridwar,Manglaur,Onion,Other,FAQ,1500,1600,1550,15-Jan-25
18169,Haridwar,Manglaur,Onion,Other,FAQ,1500,1800,1600,14-Jan-25
18170,Malappuram,Manjeri,Onion,Other,FAQ,3700,3800,3750,12-Jan-25
18171,Malappuram,Manjeri,Onion,Other,FAQ,3700,3800,3750,29-Jan-25
18172,Kaushambi,Manjhanpur,Onion,Red,FAQ,2070,2250,2155,14-Jan-25
18173,Nashik,Manmad,Onion,Red,FAQ,400,2400,1900,17-Jan-25
18174,Nashik,Manmad,Onion,White,FAQ,1700,2000,1800,21-Jan-25
18175,Nashik,Manmad,Onion,White,FAQ,1800,2375,2100,04-Jan-25
18176,Nashik,Manmad,Onion,White,Local,1000,1690,1300,29-Jan-25
18177,Nashik,Manmad,Onion,White,Local,1190,1635,1400,28-Jan-25
18178,Thiruvarur,Mannargudi I(Uzhavar Sandhai ),Onion,Bellary,Local,4400,6000,6000,16-Jan-25
18179,Thiruvarur,Mannargudi I(Uzhavar Sandhai ),Onion,Bellary,Local,4400,6000,6000,17-Jan-25
18180,North Goa,Mapusa,Onion,Onion,FAQ,1500,2500,2000,10-Jan-25
18181,Mathura,Mathura,Onion,Red,FAQ,2200,2450,2300,21-Jan-25
18182,Mathura,Mathura,Onion,Red,FAQ,2200,2450,2340,18-Jan-25
18183,Bhatinda,Maur,Onion,Other,FAQ,2500,2800,2600,01-Feb-25
18184,Bhatinda,Maur,Onion,Other,FAQ,2500,2800,2600,29-Jan-25
18185,Jhansi,Mauranipur,Onion,Red,FAQ,2000,2085,2050,28-Jan-25
18186,Jhansi,Mauranipur,Onion,Red,FAQ,2015,2080,2050,20-Jan-25
18187,Jhansi,Mauranipur,Onion,Red,FAQ,2015,2100,2080,14-Jan-25
18188,Nagapattinam,Mayiladuthurai(Uzhavar Sandhai ),Onion,Bellary,Local,2500,3000,3000,09-Jan-25
18189,Chengalpattu,Medavakkam(Uzhavar Sandhai ),Onion,Bellary,Local,3500,4500,4500,16-Jan-25
18190,Medinipur(W),Medinipur(West),Onion,Onion,FAQ,2400,2800,2600,01-Jan-25
18191,Medinipur(W),Medinipur(West),Onion,Onion,FAQ,2400,2800,2600,31-Jan-25
18192,Meerut,Meerut,Onion,Red,FAQ,2050,2180,2110,31-Jan-25
18193,Rohtak,Meham,Onion,Other,FAQ,2000,2000,2000,27-Jan-25
18194,Rohtak,Meham,Onion,Other,FAQ,2500,2500,2500,30-Jan-25
18195,Mehsana,Mehsana(Mehsana Veg),Onion,Onion,FAQ,700,2500,1900,11-Jan-25
18196,Mehsana,Mehsana(Mehsana Veg),Onion,Onion,FAQ,700,2500,1900,24-Jan-25
18197,Coochbehar,Mekhliganj,Onion,Other,FAQ,2700,3000,2800,20-Jan-25
18198,Malappuram,Kottakkal,Onion,Other,FAQ,3400,3600,3500,30-Jan-25
18199,Malappuram,Kottakkal,Onion,Other,FAQ,3700,3900,3800,10-Jan-25
18200,Malappuram,Kottakkal,Onion,Other,FAQ,3900,4100,4000,25-Jan-25
18201,Kollam,Kottarakkara,Onion,Other,FAQ,4000,5000,4500,09-Jan-25
18202,Kollam,Kottarakkara,Onion,Other,FAQ,5000,5500,5200,25-Jan-25
18203,Kottayam,Kottayam,Onion,Big,FAQ,4400,4800,4600,11-Jan-25
18204,Kottayam,Kottayam,Onion,Onion,FAQ,8600,9000,8800,13-Jan-25
18205,Kottayam,Kottayam,Onion,Onion,FAQ,10500,11700,10700,31-Jan-25
18206,Tuticorin,Kovilpatti(Uzhavar Sandhai ),Onion,Bellary,Local,4000,4600,4600,13-Jan-25
18207,Tuticorin,Kovilpatti(Uzhavar Sandhai ),Onion,Bellary,Local,4500,5000,5000,02-Jan-25
18208,Tuticorin,Kovilpatti(Uzhavar Sandhai ),Onion,Bellary,Local,4500,5000,5000,22-Jan-25
18209,Krishnagiri,Krishnagiri(Uzhavar Sandhai ),Onion,Bellary,Local,3000,4000,4000,26-Jan-25
18210,Krishnagiri,Krishnagiri(Uzhavar Sandhai ),Onion,Bellary,Local,4000,4500,4500,03-Jan-25
18211,Sambalpur,Kuchinda,Onion,Other,FAQ,3000,4000,3500,07-Jan-25
18212,Ranga Reddy,Kukatpally(Rythu Bazar),Onion,1st Sort,FAQ,3900,3900,3900,06-Jan-25
18213,Karur,Kulithalai(Uzhavar Sandhai ),Onion,Bellary,Local,4000,5000,5000,04-Jan-25
18214,Karur,Kulithalai(Uzhavar Sandhai ),Onion,Bellary,Local,4000,5000,5000,09-Jan-25
18215,Kullu,Kullu,Onion,Other,FAQ,2500,2800,2500,20-Jan-25
18216,Kullu,Kullu,Onion,Other,FAQ,2500,3000,3000,16-Jan-25
18217,Namakkal,Kumarapalayam(Uzhavar Sandhai ),Onion,Bellary,Local,4000,5000,5000,06-Jan-25
18218,Namakkal,Kumarapalayam(Uzhavar Sandhai ),Onion,Bellary,Local,4000,5000,5000,26-Jan-25
18219,Namakkal,Kumarapalayam(Uzhavar Sandhai ),Onion,Bellary,Local,4500,5000,5000,20-Jan-25
18220,Thanjavur,Kumbakonam (Uzhavar Sandhai ),Onion,Bellary,Local,3600,4800,4800,15-Jan-25
18221,Thanjavur,Kumbakonam (Uzhavar Sandhai ),Onion,Bellary,Local,3600,5000,5000,19-Jan-25
18222,Thanjavur,Kumbakonam (Uzhavar Sandhai ),Onion,Bellary,Local,3600,5000,5000,27-Jan-25
18223,Kancheepuram,Kundrathur(Uzhavar Sandhai ),Onion,Bellary,Local,3000,4000,4000,01-Jan-25
18224,Kancheepuram,Kundrathur(Uzhavar Sandhai ),Onion,Bellary,Local,4000,5000,5000,24-Jan-25
18225,Kancheepuram,Kundrathur(Uzhavar Sandhai ),Onion,Bellary,Local,4000,5000,5000,31-Jan-25
18226,Mohali,Kurali,Onion,Other,FAQ,2400,2500,2450,21-Jan-25
18227,Coimbatore,Kurichi(Uzhavar Sandhai ),Onion,Bellary,Local,3500,3700,3700,14-Jan-25
18228,Coimbatore,Kurichi(Uzhavar Sandhai ),Onion,Bellary,Local,3500,3900,3900,13-Jan-25
18229,Coimbatore,Kurichi(Uzhavar Sandhai ),Onion,Bellary,Local,3500,4000,4000,07-Jan-25
18230,Kottayam,Kuruppanthura,Onion,Onion,FAQ,9800,11500,10000,23-Jan-25
18231,Lakhimpur,Lakhimpur,Onion,Red,FAQ,2600,2760,2730,11-Jan-25
18232,Lakhimpur,Lakhimpur,Onion,Red,FAQ,2620,2710,2680,07-Jan-25
18233,Lakhimpur,Lakhimpur,Onion,Red,FAQ,2900,3020,2970,06-Jan-25
18234,Raebarelli,Lalganj,Onion,Red,FAQ,2250,2300,2275,31-Jan-25
18235,Thiruchirappalli,Lalgudi(Uzhavar Sandhai ),Onion,Bellary,Local,4000,5600,5600,12-Jan-25
18236,Thiruchirappalli,Lalgudi(Uzhavar Sandhai ),Onion,Bellary,Local,4000,5600,5600,23-Jan-25
18237,Thiruchirappalli,Lalgudi(Uzhavar Sandhai ),Onion,Bellary,Local,4600,5600,5600,19-Jan-25
18238,Thiruchirappalli,Lalgudi(Uzhavar Sandhai ),Onion,Bellary,Local,4600,6000,6000,08-Jan-25
18239,Lalitpur,Lalitpur,Onion,Red,FAQ,1850,1980,1900,02-Jan-25
18240,Lalitpur,Lalitpur,Onion,Red,FAQ,1960,2000,1970,30-Jan-25
18241,Mohali,Lalru,Onion,Other,FAQ,3000,3100,3000,22-Jan-25
18242,Mohali,Lalru,Onion,Other,FAQ,3000,3100,3000,27-Jan-25
18243,Imphal East,Lamlong Bazaar,Onion,Other,FAQ,3500,4500,4000,28-Jan-25
18244,Nashik,Lasalgaon,Onion,Red,FAQ,900,2652,1900,10-Jan-25
18245,Nashik,Lasalgaon,Onion,Red,FAQ,1000,2951,2400,21-Jan-25
18246,Nashik,Lasalgaon,Onion,Red,FAQ,1100,2860,2400,07-Jan-25
18247,Theni,Theni(Uzhavar Sandhai ),Onion,Bellary,Local,4000,4400,4400,31-Jan-25
18248,Theni,Theni(Uzhavar Sandhai ),Onion,Bellary,Local,4000,4600,4600,23-Jan-25
18249,Chengalpattu,Thirukalukundram(Uzhavar Sandhai ),Onion,Bellary,Local,4000,4500,4500,07-Jan-25
18250,Chengalpattu,Thirukalukundram(Uzhavar Sandhai ),Onion,Bellary,Local,4000,4500,4500,12-Jan-25
18251,Madurai,Thirumangalam(Uzhavar Sandhai ),Onion,Bellary,Local,4500,5000,5000,24-Jan-25
18252,Madurai,Thirumangalam(Uzhavar Sandhai ),Onion,Bellary,Local,5000,5200,5200,09-Jan-25
18253,Vellore,Thirupathur,Onion,Bellary,Local,4500,4500,4500,17-Jan-25
18254,Vellore,Thirupathur,Onion,Bellary,Local,4500,4500,4500,18-Jan-25
18255,Idukki,Thodupuzha,Onion,Small,FAQ,3200,3500,3500,15-Jan-25
18256,Thoubal,Thoubal,Onion,Other,FAQ,6500,7000,6750,06-Jan-25
18257,Ernakulam,Thrippunithura,Onion,Big,FAQ,3600,4400,3600,14-Jan-25
18258,Ernakulam,Thrippunithura,Onion,Big,FAQ,3800,4200,3800,18-Jan-25
18259,Thirssur,Thrissur,Onion,Onion,FAQ,7000,7500,7300,31-Jan-25
18260,Thiruchirappalli,Thuraiyur,Onion,Bellary,Local,5000,5600,5600,05-Jan-25
18261,Thiruchirappalli,Thuraiyur,Onion,Bellary,Local,5000,5600,5600,08-Jan-25
18262,Khiri (Lakhimpur),Tikonia,Onion,Red,FAQ,2340,2410,2370,17-Jan-25
18263,Shahjahanpur,Tilhar,Onion,Red,FAQ,2200,2300,2250,27-Jan-25
18264,Harda,Timarni(F&V),Onion,Local,FAQ,2000,2000,2000,07-Jan-25
18265,Villupuram,Tindivanam,Onion,Bellary,Local,4000,4500,4500,29-Jan-25
18266,Villupuram,Tindivanam,Onion,Bellary,Local,4000,4800,4800,01-Feb-25
18267,Villupuram,Tindivanam,Onion,Bellary,Local,4000,5000,5000,08-Jan-25
18268,Namakkal,Tiruchengode,Onion,Bellary,Local,5000,6000,6000,20-Jan-25
18269,Sivaganga,Tirupatthur(Uzhavar Sandhai ),Onion,Bellary,Local,5500,5800,5800,08-Jan-25
18270,Thirupur,Tiruppur (North) (Uzhavar Sandhai ),Onion,Bellary,Local,3600,4000,4000,02-Jan-25
18271,Thirupur,Tiruppur (North) (Uzhavar Sandhai ),Onion,Bellary,Local,3600,4000,4000,05-Jan-25
18272,Thirupur,Tiruppur (South) (Uzhavar Sandhai ),Onion,Bellary,Local,3000,3500,3500,02-Jan-25
18273,Thirupur,Tiruppur (South) (Uzhavar Sandhai ),Onion,Bellary,Local,3000,4000,4000,28-Jan-25
18274,Thiruvellore,Tiruvallur(Uzhavar Sandhai ),Onion,Bellary,Local,4500,4500,4500,02-Jan-25
18275,Thiruvannamalai,Tiruvannamalai(Uzhavar Sandhai ),Onion,Bellary,Local,4000,5000,5000,08-Jan-25
18276,Fatehabad,Tohana(New Veg Market),Onion,Onion,FAQ,2000,2500,2200,15-Jan-25
18277,Fatehabad,Tohana(New Veg Market),Onion,Onion,FAQ,2500,2500,2500,14-Jan-25
18278,Fatehabad,Tohana(New Veg Market),Onion,Onion,FAQ,2500,2800,2800,18-Jan-25
18279,Fatehabad,Tohana(New Veg Market),Onion,Onion,FAQ,2600,2600,2600,31-Jan-25
18280,Balrampur,Tulsipur,Onion,Red,FAQ,2210,2270,2240,29-Jan-25
18281,Balrampur,Tulsipur,Onion,Red,FAQ,2400,2480,2440,05-Jan-25
18282,Balrampur,Tulsipur,Onion,Red,FAQ,2470,2570,2520,02-Jan-25
18283,Balrampur,Tulsipur,Onion,Red,FAQ,2520,2620,2570,10-Jan-25
18284,Firozabad,Tundla,Onion,Red,FAQ,2085,2125,2100,30-Jan-25
18285,Firozabad,Tundla,Onion,Red,FAQ,2125,2175,2150,28-Jan-25
18286,Firozabad,Tundla,Onion,Red,FAQ,2200,2250,2225,08-Jan-25
18287,Tuticorin,Tuticorin(Uzhavar Sandhai ),Onion,Bellary,Local,4500,5000,5000,19-Jan-25
18288,Tuticorin,Tuticorin(Uzhavar Sandhai ),Onion,Bellary,Local,4500,5000,5000,28-Jan-25
18289,Mayurbhanja,Udala,Onion,Onion,FAQ,3400,3700,3500,11-Jan-25
18290,The Nilgiris,Udhagamandalam(Uzhavar Sandhai ),Onion,Bellary,Local,4500,4800,4800,05-Jan-25
18291,The Nilgiris,Udhagamandalam(Uzhavar Sandhai ),Onion,Bellary,Local,7800,8200,8200,11-Jan-25
18292,Udhampur,Udhampur,Onion,Other,FAQ,2800,3000,2900,30-Jan-25
18293,Coimbatore,Udumalpet,Onion,Bellary,Local,4500,5000,5000,02-Jan-25
18294,Udupi,Udupi,Onion,Onion,Ref grade-1,3000,3200,3100,31-Jan-25
18295,Badaun,Ujhani,Onion,Red,FAQ,2200,2300,2240,11-Jan-25
18296,Ujjain,Ujjain,Onion,Onion,FAQ,1094,2468,2468,01-Jan-25
18297,Ujjain,Ujjain,Onion,Onion,FAQ,1177,2090,2090,23-Jan-25
18298,Hissar,Uklana,Onion,Onion,FAQ,1800,1800,1800,05-Jan-25
18299,Howrah,Uluberia,Onion,Other,FAQ,3000,3400,3200,25-Jan-25
18300,Villupuram,Ulundurpettai,Onion,Bellary,Local,4000,5000,5000,01-Jan-25
18301,Villupuram,Ulundurpettai,Onion,Bellary,Local,4000,5000,5000,07-Jan-25
18302,Villupuram,Ulundurpettai,Onion,Bellary,Local,4000,5000,5000,09-Jan-25
18303,Villupuram,Ulundurpettai,Onion,Bellary,Local,4000,5000,5000,12-Jan-25
18304,Villupuram,Ulundurpettai,Onion,Bellary,Local,4000,5000,5000,30-Jan-25
18305,Nashik,Umrane,Onion,Red,FAQ,700,2728,1900,20-Jan-25
18306,Una,Una,Onion,Onion,FAQ,2500,3000,2800,18-Jan-25
18307,Una,Una,Onion,Onion,FAQ,2700,3200,2900,10-Jan-25
18308,Una,Una,Onion,Onion,Non-FAQ,2600,3500,3100,28-Jan-25
18309,Unnao,Unnao,Onion,Red,FAQ,2700,2825,2750,04-Jan-25
18310,Madurai,Usilampatty,Onion,Bellary,Local,4500,5000,5000,11-Jan-25
18311,Madurai,Usilampatty,Onion,Bellary,Local,4800,5000,5000,25-Jan-25
18312,Palakad,vadakarapathy,Onion,Small,FAQ,2800,3000,2900,24-Jan-25
18313,Palakad,Vadakkenchery,Onion,Big,FAQ,4500,5000,4750,23-Jan-25
18314,Palakad,Vadakkenchery,Onion,Big,FAQ,4500,5000,4750,28-Jan-25
18315,Palakad,Vadakkenchery,Onion,Small,FAQ,9000,10000,9500,21-Jan-25
18316,Palakad,Vadakkenchery,Onion,Small,FAQ,9500,10000,9750,18-Jan-25
18317,Nagercoil (Kannyiakumari),Vadaseri,Onion,Bellary,Local,4200,4500,4500,20-Jan-25
18318,Nagercoil (Kannyiakumari),Vadaseri,Onion,Bellary,Local,4800,5000,5000,18-Jan-25
18319,Nagercoil (Kannyiakumari),Vadaseri,Onion,Bellary,Local,5000,5500,5500,15-Jan-25
18320,Coimbatore,Vadavalli(Uzhavar Sandhai ),Onion,Bellary,Local,3500,3800,3800,18-Jan-25
18321,Coimbatore,Vadavalli(Uzhavar Sandhai ),Onion,Bellary,Local,3800,4200,4200,05-Jan-25
18322,Coimbatore,Vadavalli(Uzhavar Sandhai ),Onion,Bellary,Local,4200,4600,4600,21-Jan-25
18323,Kolhapur,Vadgaonpeth,Onion,Local,Local,2000,2800,2300,29-Jan-25
18324,Chattrapati Sambhajinagar,Vaijpur,Onion,Red,Local,500,2505,2100,01-Feb-25
18325,Idukki,Vandiperiyar,Onion,Big,FAQ,4400,4500,4500,01-Jan-25
18326,Varanasi,Varanasi,Onion,Red,FAQ,2370,2500,2450,12-Jan-25
18327,Kanpur,Varipaal,Onion,Red,FAQ,1800,2000,1900,15-Jan-25
18328,Mumbai,Vashi New Mumbai,Onion,Other,FAQ,1000,2700,1850,10-Jan-25
18329,Mumbai,Vashi New Mumbai,Onion,Other,FAQ,1000,2800,1900,16-Jan-25
18330,Mumbai,Vashi New Mumbai,Onion,Other,FAQ,1000,3000,2000,08-Jan-25
18331,Dindigul,Vedasanthur(Uzhavar Sandhai ),Onion,Bellary,Local,3600,5000,5000,23-Jan-25
18332,Karur,Velayuthampalayam(Uzhavar Sandhai ),Onion,Bellary,Local,4000,5000,5000,06-Jan-25
18333,Karur,Velayuthampalayam(Uzhavar Sandhai ),Onion,Bellary,Local,4000,5000,5000,25-Jan-25
18334,Karur,Velayuthampalayam(Uzhavar Sandhai ),Onion,Bellary,Local,4500,5000,5000,04-Jan-25
18335,Vellore,Vellore,Onion,Bellary,Local,3800,4000,4000,01-Feb-25
18336,Vellore,Vellore,Onion,Bellary,Local,4000,4400,4400,26-Jan-25
18337,Vellore,Vellore,Onion,Bellary,Local,4200,4400,4400,11-Jan-25
18338,Kozhikode(Calicut),Vengeri(Kozhikode),Onion,Onion,FAQ,3400,3700,3700,27-Jan-25
18339,Dehradoon,Vikasnagar,Onion,Other,FAQ,1100,1800,1800,19-Jan-25
18340,Virudhunagar,Virudhunagar(Uzhavar Sandhai ),Onion,Bellary,Local,2500,3000,3000,09-Jan-25
18341,Virudhunagar,Virudhunagar(Uzhavar Sandhai ),Onion,Bellary,Local,5600,5800,5800,11-Jan-25
18342,Virudhunagar,Virudhunagar(Uzhavar Sandhai ),Onion,Bellary,Local,6600,6700,6700,13-Jan-25
18343,Virudhunagar,Virudhunagar(Uzhavar Sandhai ),Onion,Bellary,Local,6800,7000,7000,15-Jan-25
18344,Cuddalore,Viruthachalam(Uzhavar Sandhai ),Onion,Bellary,Local,4000,4000,4000,18-Jan-25
18345,Kasargod,Kanjangadu,Onion,Big,FAQ,3400,4000,3600,06-Jan-25
18346,Kottayam,Kanjirappally,Onion,Big,FAQ,5000,5500,5200,08-Jan-25
18347,Kottayam,Kanjirappally,Onion,Onion,FAQ,11000,12000,11800,15-Jan-25
18348,Kannuj,Kannauj,Onion,Red,FAQ,2250,2350,2300,21-Jan-25
18349,Kannur,Kannur,Onion,Other,FAQ,3400,3600,3500,18-Jan-25
18350,Kannur,Kannur,Onion,Other,FAQ,4000,4200,4100,20-Jan-25
18351,Kanpur,Kanpur(Grain),Onion,Red,FAQ,2650,2850,2750,02-Jan-25
18352,Satara,Karad,Onion,Other,FAQ,1000,2500,2500,19-Jan-25
18353,Sivaganga,Karaikudi(Uzhavar Sandhai ),Onion,Bellary,Local,4000,5000,5000,02-Jan-25
18354,Sivaganga,Karaikudi(Uzhavar Sandhai ),Onion,Bellary,Local,4000,6000,6000,07-Jan-25
18355,Sivaganga,Karaikudi(Uzhavar Sandhai ),Onion,Bellary,Local,5000,6000,6000,20-Jan-25
18356,Sivaganga,Karaikudi(Uzhavar Sandhai ),Onion,Bellary,Local,5200,6000,6000,28-Jan-25
18357,Nadia,Karimpur,Onion,Nasik,FAQ,1800,1900,1850,28-Jan-25
18358,Nadia,Karimpur,Onion,Nasik,FAQ,2900,3000,2950,03-Jan-25
18359,Nadia,Karimpur,Onion,Nasik,FAQ,2950,3050,3000,02-Jan-25
18360,Nadia,Karimpur,Onion,Nasik,Non-FAQ,2800,3000,2900,22-Jan-25
18361,Ahmednagar,Karjat,Onion,Local,FAQ,500,2800,1700,02-Jan-25
18362,Darjeeling,Karsiyang(Matigara),Onion,Other,FAQ,3200,3500,3300,15-Jan-25
18363,Darjeeling,Karsiyang(Matigara),Onion,Other,FAQ,3200,3500,3300,28-Jan-25
18364,Darjeeling,Karsiyang(Matigara),Onion,Other,FAQ,3800,4000,3900,01-Jan-25
18365,Karur,Karur(Uzhavar Sandhai ),Onion,Bellary,Local,4500,5000,5000,13-Jan-25
18366,Chitrakut,Karvi,Onion,Red,FAQ,2125,2345,2200,27-Jan-25
18367,Kasganj,Kasganj,Onion,Red,FAQ,2210,2500,2330,22-Jan-25
18368,UdhamSinghNagar,Kashipur,Onion,Other,FAQ,1700,1800,1750,12-Jan-25
18369,Puruliya,Kasipur,Onion,Other,FAQ,2800,3000,2900,24-Jan-25
18370,Puruliya,Kasipur,Onion,Other,FAQ,2900,3200,3000,19-Jan-25
18371,Vellore,Katpadi (Uzhavar Sandhai ),Onion,Bellary,Local,4500,4500,4500,21-Jan-25
18372,Vellore,Katpadi (Uzhavar Sandhai ),Onion,Bellary,Local,4800,4800,4800,12-Jan-25
18373,Vellore,Katpadi (Uzhavar Sandhai ),Onion,Bellary,Local,4800,5000,5000,05-Jan-25
18374,Farukhabad,Kayamganj,Onion,Red,FAQ,2100,2200,2150,23-Jan-25
18375,Farukhabad,Kayamganj,Onion,Red,FAQ,2300,2400,2350,11-Jan-25
18376,Farukhabad,Kayamganj,Onion,Red,FAQ,2500,2600,2550,01-Jan-25
18377,Alappuzha,Kayamkulam,Onion,Big,FAQ,3500,3700,3600,30-Jan-25
18378,Alappuzha,Kayamkulam,Onion,Small,FAQ,8500,8700,8600,17-Jan-25
18379,Alappuzha,Kayamkulam,Onion,Small,FAQ,8500,8700,8600,18-Jan-25
18380,Alappuzha,Kayamkulam,Onion,Small,FAQ,8600,8800,8700,03-Jan-25
18381,Thiruvannamalai,Keelpennathur(Uzhavar Sandhai ),Onion,Bellary,Local,2500,3000,3000,31-Jan-25
18382,Keonjhar,Keonjhar,Onion,Other,FAQ,3500,4000,4000,15-Jan-25
18383,Keonjhar,Keonjhar,Onion,Other,Non-FAQ,3500,4000,4000,31-Jan-25
18384,Delhi,Keshopur,Onion,Onion,FAQ,2000,3000,2500,28-Jan-25
18385,Fatehpur,Khaga,Onion,Red,FAQ,1925,2050,2000,10-Jan-25
18386,Fatehpur,Khaga,Onion,Red,FAQ,2000,2150,2090,13-Jan-25
18387,Aligarh,Khair,Onion,Red,FAQ,1800,2500,2000,15-Jan-25
18388,Agra,Khairagarh,Onion,Red,FAQ,3000,3100,3050,07-Jan-25
18389,Fatehgarh,Khamano,Onion,Onion,FAQ,4000,4000,4000,07-Jan-25
18390,Fatehgarh,Khamano,Onion,Onion,FAQ,4000,4000,4000,09-Jan-25
18391,Fatehgarh,Khamano,Onion,Onion,FAQ,4000,4000,4000,27-Jan-25
18392,Anand,Khambhat(Veg Yard Khambhat),Onion,Other,FAQ,1500,2900,2300,21-Jan-25
18393,Anand,Khambhat(Veg Yard Khambhat),Onion,Other,FAQ,2000,2500,2300,30-Jan-25
18394,Anand,Khambhat(Veg Yard Khambhat),Onion,Other,FAQ,2200,3000,2600,11-Jan-25
18395,Anand,Khambhat(Veg Yard Khambhat),Onion,Other,FAQ,2400,3200,2800,09-Jan-25
18396,Shamli,Khandhla,Onion,Red,Non-FAQ,2700,2800,2750,31-Jan-25
18397,Sepahijala,Melaghar,Onion,Red,FAQ,3800,4000,3900,15-Jan-25
18398,Thirunelveli,Melapalayam(Uzhavar Sandhai ),Onion,Bellary,Local,3800,4000,4000,01-Feb-25
18399,Thirunelveli,Melapalayam(Uzhavar Sandhai ),Onion,Bellary,Local,3800,4600,4600,22-Jan-25
18400,Thirunelveli,Melapalayam(Uzhavar Sandhai ),Onion,Bellary,Local,4000,4600,4600,20-Jan-25
18401,Madurai,Melur(Uzhavar Sandhai ),Onion,Bellary,Local,4500,5000,5000,12-Jan-25
18402,Madurai,Melur(Uzhavar Sandhai ),Onion,Bellary,Local,4500,5000,5000,26-Jan-25
18403,Madurai,Melur(Uzhavar Sandhai ),Onion,Bellary,Local,4500,5000,5000,29-Jan-25
18404,Madurai,Melur(Uzhavar Sandhai ),Onion,Bellary,Local,4500,5000,5000,30-Jan-25
18405,Coimbatore,Mettupalayam(Uzhavar Sandhai ),Onion,Bellary,Local,3500,4000,4000,17-Jan-25
18406,Coimbatore,Mettupalayam(Uzhavar Sandhai ),Onion,Bellary,Local,4000,4600,4600,08-Jan-25
18407,Salem,Mettur(Uzhavar Sandhai ),Onion,Bellary,Local,4000,6000,6000,01-Jan-25
18408,Salem,Mettur(Uzhavar Sandhai ),Onion,Bellary,Local,4000,6000,6000,09-Jan-25
18409,Indore,Mhow(F&V),Onion,Onion,FAQ,900,1500,1200,08-Jan-25
18410,Indore,Mhow(F&V),Onion,Onion,FAQ,1300,1650,1500,21-Jan-25
18411,Mirzapur,Mirzapur,Onion,Red,FAQ,2050,2175,2125,01-Feb-25
18412,Mirzapur,Mirzapur,Onion,Red,FAQ,2100,2215,2135,03-Jan-25
18413,Mirzapur,Mirzapur,Onion,Red,FAQ,2200,2300,2250,21-Jan-25
18414,Mirzapur,Mirzapur,Onion,Red,FAQ,2325,2400,2375,17-Jan-25
18415,Mirzapur,Mirzapur,Onion,Red,FAQ,2400,2485,2445,13-Jan-25
18416,Farukhabad,Mohamadabad,Onion,Red,FAQ,2180,2380,2280,19-Jan-25
18417,Farukhabad,Mohamadabad,Onion,Red,FAQ,2260,2460,2360,15-Jan-25
18418,Khiri (Lakhimpur),Mohammdi,Onion,Red,FAQ,2300,2380,2340,21-Jan-25
18419,Mahendragarh-Narnaul,Mohindergarh,Onion,Onion,FAQ,1500,2000,1600,08-Jan-25
18420,Mahendragarh-Narnaul,Mohindergarh,Onion,Onion,FAQ,1600,2300,1800,23-Jan-25
18421,Morbi,Morbi,Onion,Onion,FAQ,500,2200,1350,01-Feb-25
18422,Morbi,Morbi,Onion,Onion,FAQ,500,2200,1350,30-Jan-25
18423,Ropar (Rupnagar),Morinda,Onion,Onion,FAQ,2500,2500,2500,16-Jan-25
18424,Jhansi,Moth,Onion,Red,FAQ,1900,2050,2000,25-Jan-25
18425,Jhansi,Moth,Onion,Red,FAQ,1930,2050,2020,27-Jan-25
18426,Jhansi,Moth,Onion,Red,FAQ,2000,2120,2070,08-Jan-25
18427,Jhansi,Moth,Onion,Red,FAQ,2050,2200,2150,06-Jan-25
18428,Jalpaiguri,Moynaguri,Onion,Nasik,FAQ,2900,3100,3000,11-Jan-25
18429,Hoshiarpur,Mukerian(Talwara),Onion,Onion,FAQ,2200,2800,2500,28-Jan-25
18430,Kozhikode(Calicut),Mukkom,Onion,Onion,FAQ,4600,5000,4800,04-Jan-25
18431,Sambhal,Muradabad,Onion,Red,FAQ,2080,2160,2120,27-Jan-25
18432,Sambhal,Muradabad,Onion,Red,FAQ,2220,2280,2250,20-Jan-25
18433,Sambhal,Muradabad,Onion,Red,FAQ,2250,2350,2300,11-Jan-25
18434,Sambhal,Muradabad,Onion,Red,FAQ,2260,2360,2310,13-Jan-25
18435,Madhepura,Murliganj,Onion,White,FAQ,2500,3250,2850,07-Jan-25
18436,Thiruchirappalli,Musiri(Uzhavar Sandhai ),Onion,Bellary,Local,3600,6500,6500,04-Jan-25
18437,Thiruchirappalli,Musiri(Uzhavar Sandhai ),Onion,Bellary,Local,4000,5500,5500,30-Jan-25
18438,Yamuna Nagar,Mustafabad,Onion,Other,FAQ,1800,2000,1800,29-Jan-25
18439,Yamuna Nagar,Mustafabad,Onion,Other,FAQ,2500,3000,2800,09-Jan-25
18440,Nagercoil (Kannyiakumari),Myladi(Uzhavar Sandhai ),Onion,Bellary,Local,4500,5500,5500,02-Jan-25
18441,Nagercoil (Kannyiakumari),Myladi(Uzhavar Sandhai ),Onion,Bellary,Local,4500,5500,5500,05-Jan-25
18442,Nagercoil (Kannyiakumari),Myladi(Uzhavar Sandhai ),Onion,Bellary,Local,4500,5500,5500,08-Jan-25
18443,Patiala,Nabha,Onion,Other,FAQ,1600,2600,2000,18-Jan-25
18444,Patiala,Nabha,Onion,Other,FAQ,1700,2600,2350,28-Jan-25
18445,Nadia,Nadia,Onion,Other,FAQ,2600,2750,2650,10-Jan-25
18446,Junagarh,Visavadar,Onion,Onion,FAQ,570,1680,1125,28-Jan-25
18447,Pillibhit,Vishalpur,Onion,Red,FAQ,2225,2275,2250,27-Jan-25
18448,Pillibhit,Vishalpur,Onion,Red,FAQ,2230,2280,2250,04-Jan-25
18449,Sangli,Vita,Onion,Other,Local,2000,2800,2500,30-Jan-25
18450,Thirssur,Wadakkanchery,Onion,Onion,FAQ,4200,4500,4500,23-Jan-25
18451,Badaun,Wazirganj,Onion,Red,FAQ,2150,2250,2200,13-Jan-25
18452,Yamuna Nagar,Yamuna Nagar,Onion,Other,FAQ,300,1200,900,18-Jan-25
18453,Yamuna Nagar,Yamuna Nagar,Onion,Other,FAQ,700,2800,1800,08-Jan-25
18454,Yamuna Nagar,Yamuna Nagar,Onion,Other,FAQ,700,2800,1800,13-Jan-25
18455,Jalgaon,Yawal,Onion,Red,FAQ,1230,1600,1500,01-Jan-25
18456,Jalgaon,Yawal,Onion,Red,FAQ,1240,1610,1300,24-Jan-25
18457,Nashik,Yeola,Onion,Red,Local,400,2580,1900,27-Jan-25
18458,Ferozpur,Zira,Onion,Local,FAQ,2000,2500,2300,15-Jan-25
18459,Ferozpur,Zira,Onion,Local,FAQ,2000,3000,2500,13-Jan-25
18460,Ferozpur,Zira,Onion,Local,FAQ,2400,2600,2500,29-Jan-25
18461,Ferozpur,Zira,Onion,Local,FAQ,2400,2600,2500,30-Jan-25
18462,Ferozpur,Zira,Onion,Local,FAQ,2400,2800,2600,07-Jan-25
18463,Khandwa,Khandwa,Onion,Local,FAQ,600,700,700,04-Jan-25
18464,Ludhiana,Khanna,Onion,Other,FAQ,1000,2300,1500,11-Jan-25
18465,Ludhiana,Khanna,Onion,Other,FAQ,1000,2500,1500,20-Jan-25
18466,Mohali,Kharar,Onion,Other,FAQ,2500,2800,2700,23-Jan-25
18467,Mohali,Kharar,Onion,Other,FAQ,2500,2800,2700,25-Jan-25
18468,Nuapada,Khariar,Onion,Dry F.A.Q.,Non-FAQ,3000,3100,3000,18-Jan-25
18469,Nuapada,Khariar Road,Onion,Other,FAQ,2500,3000,3000,01-Jan-25
18470,Nuapada,Khariar Road,Onion,Other,FAQ,3000,3500,3000,15-Jan-25
18471,Nuapada,Khariar Road,Onion,Other,FAQ,3000,3500,3500,14-Jan-25
18472,Muzaffarnagar,Khatauli,Onion,Red,FAQ,1000,1800,1200,09-Jan-25
18473,UdhamSinghNagar,Khateema,Onion,Other,FAQ,1800,2000,1900,11-Jan-25
18474,UdhamSinghNagar,Khateema,Onion,Other,FAQ,2000,2400,2200,09-Jan-25
18475,Pune,Khed(Chakan),Onion,Other,FAQ,1500,3000,2500,19-Jan-25
18476,Pune,Khed(Chakan),Onion,Other,FAQ,2000,2700,2300,05-Jan-25
18477,Pune,Khed(Chakan),Onion,Other,Local,2000,2800,2500,30-Jan-25
18478,Boudh,Khunthabandha,Onion,Other,FAQ,4000,6000,5000,15-Jan-25
18479,Bulandshahar,Khurja,Onion,Red,FAQ,2100,2450,2275,21-Jan-25
18480,Bulandshahar,Khurja,Onion,Red,FAQ,2280,2480,2380,14-Jan-25
18481,Rohtas,Kochas (Balthari),Onion,Medium,FAQ,2100,2300,2200,01-Jan-25
18482,Rohtas,Kochas (Balthari),Onion,Medium,FAQ,2200,2400,2300,11-Jan-25
18483,Rohtas,Kochas (Balthari),Onion,Medium,FAQ,2200,2400,2300,24-Jan-25
18484,Thirssur,Kodungalloor,Onion,Other,FAQ,3800,4000,3900,06-Jan-25
18485,Palakad,Koduvayoor,Onion,Big,FAQ,2900,3300,3100,10-Jan-25
18486,Palakad,Koduvayoor,Onion,Big,FAQ,3400,3800,3600,23-Jan-25
18487,Palakad,Koduvayoor,Onion,Big,FAQ,3500,3900,3700,02-Jan-25
18488,Palakad,Koduvayoor,Onion,Big,FAQ,3800,4200,4000,22-Jan-25
18489,Palakad,Koduvayoor,Onion,Small,FAQ,8500,8900,8700,02-Jan-25
18490,Palakad,Koduvayoor,Onion,Small,FAQ,8500,8900,8700,08-Jan-25
18491,Palakad,Koduvayoor,Onion,Small,FAQ,8500,8900,8700,13-Jan-25
18492,Palakad,Koduvayoor,Onion,Small,FAQ,9500,9900,9700,23-Jan-25
18493,Kolhapur,Kolhapur,Onion,Other,FAQ,800,3400,1800,25-Jan-25
18494,Kolhapur,Kolhapur,Onion,Other,Local,700,2800,1500,30-Jan-25
18495,Palakad,Kollengode,Onion,Big,FAQ,3500,3900,3700,06-Jan-25
18496,Palakad,Kollengode,Onion,Big,FAQ,3500,3900,3700,19-Jan-25
18497,Palakad,Kollengode,Onion,Small,FAQ,5000,5400,5200,30-Jan-25
18498,Palakad,Kollengode,Onion,Small,FAQ,6500,6900,6700,05-Jan-25
18499,Palakad,Kollengode,Onion,Small,FAQ,8500,8900,8700,23-Jan-25
18500,Palakad,Kollengode,Onion,Small,FAQ,8500,8900,8700,25-Jan-25
18501,Mau(Maunathbhanjan),Kopaganj,Onion,Red,FAQ,2000,2200,2100,23-Jan-25
18502,Mau(Maunathbhanjan),Kopaganj,Onion,Red,FAQ,2100,2300,2200,13-Jan-25
18503,Ahmednagar,Kopargaon,Onion,Red,FAQ,700,2226,1975,10-Jan-25
18504,Ahmednagar,Kopargaon,Onion,Red,FAQ,1000,2676,2350,07-Jan-25
18505,Mathura,Kosikalan,Onion,Red,FAQ,2100,2300,2200,27-Jan-25
18506,Mathura,Kosikalan,Onion,Red,FAQ,2300,2370,2340,21-Jan-25
18507,Garhwal (Pauri),Kotadwara,Onion,Other,FAQ,2000,2500,2200,31-Jan-25
18508,Ernakulam,Kothamangalam,Onion,Big,FAQ,3000,4000,3500,17-Jan-25
18509,Ernakulam,Kothamangalam,Onion,Big,FAQ,3000,4000,3500,18-Jan-25
18510,Kotputli- Behror,Kotputli,Onion,Onion,Non-FAQ,750,950,850,16-Jan-25
18511,Kotputli- Behror,Kotputli,Onion,Onion,Non-FAQ,2400,2600,2500,20-Jan-25
18512,Kottayam,Kottayam,Onion,Big,FAQ,4200,4600,4400,06-Jan-25
18513,Kottayam,Kottayam,Onion,Onion,FAQ,8600,9000,8800,10-Jan-25
18514,Tuticorin,Kovilpatti(Uzhavar Sandhai ),Onion,Bellary,Local,4500,5000,5000,01-Jan-25
18515,Tuticorin,Kovilpatti(Uzhavar Sandhai ),Onion,Bellary,Local,4500,5000,5000,07-Jan-25
18516,Nadia,Nadia,Onion,Other,FAQ,2600,2825,2700,15-Jan-25
18517,Nadia,Nadia,Onion,Other,FAQ,2650,2925,2750,23-Jan-25
18518,Nadia,Nadia,Onion,Other,FAQ,2700,2875,2800,18-Jan-25
18519,Nadia,Nadia,Onion,Other,Non-FAQ,2475,2625,2575,17-Jan-25
18520,Nadia,Nadia,Onion,Other,Non-FAQ,2500,2750,2600,26-Jan-25
18521,Kheda,Nadiyad(Piplag),Onion,Onion,Non-FAQ,1300,1600,1400,22-Jan-25
18522,Nagapattinam,Nagapattinam(Uzhavar Sandhai ),Onion,Bellary,Local,2500,3000,3000,12-Jan-25
18523,Nagpur,Nagpur,Onion,Red,FAQ,1500,2500,2250,18-Jan-25
18524,Nagpur,Nagpur,Onion,Red,FAQ,1600,2800,2500,02-Jan-25
18525,Nagpur,Nagpur,Onion,Red,FAQ,1600,2800,2500,08-Jan-25
18526,Bijnor,Najibabad,Onion,Red,FAQ,1400,1800,1600,08-Jan-25
18527,Bijnor,Najibabad,Onion,Red,Non-FAQ,700,900,800,23-Jan-25
18528,Namakkal,Namakkal(Uzhavar Sandhai ),Onion,Bellary,Local,3500,4000,4000,24-Jan-25
18529,Namakkal,Namakkal(Uzhavar Sandhai ),Onion,Bellary,Local,4000,4700,4700,28-Jan-25
18530,Nashik,Nandgaon,Onion,Red,Local,200,2500,1750,30-Jan-25
18531,Chengalpattu,Nanganallur(Uzhavar Sandhai ),Onion,Bellary,Local,3000,3600,3600,10-Jan-25
18532,Chengalpattu,Nanganallur(Uzhavar Sandhai ),Onion,Bellary,Local,3500,4500,4500,17-Jan-25
18533,Chengalpattu,Nanganallur(Uzhavar Sandhai ),Onion,Bellary,Local,3500,4500,4500,18-Jan-25
18534,Ambala,Naraingarh,Onion,Onion,FAQ,2000,2800,2600,06-Jan-25
18535,Thiruvellore,Naravarikuppam(Uzhavar Sandhai ),Onion,Bellary,Local,4000,4000,4000,31-Jan-25
18536,Thiruvellore,Naravarikuppam(Uzhavar Sandhai ),Onion,Bellary,Local,4500,4500,4500,27-Jan-25
18537,Thiruvellore,Naravarikuppam(Uzhavar Sandhai ),Onion,Bellary,Local,5000,5000,5000,11-Jan-25
18538,Mahendragarh-Narnaul,Narnaul,Onion,Onion,Non-FAQ,1500,1500,1500,31-Jan-25
18539,Mahendragarh-Narnaul,Narnaul,Onion,Other,FAQ,1200,2000,2000,10-Jan-25
18540,Mahendragarh-Narnaul,Narnaul,Onion,Other,FAQ,1600,2500,2200,20-Jan-25
18541,Rajgarh,Narsinghgarh,Onion,Onion,FAQ,1470,1470,1470,10-Jan-25
18542,Rajgarh,Narsinghgarh,Onion,Onion,Non-FAQ,440,1960,1960,01-Feb-25
18543,Jind,Narwana,Onion,Other,FAQ,2000,2000,2000,01-Feb-25
18544,Jind,Narwana,Onion,Other,FAQ,2500,2500,2500,01-Jan-25
18545,Nashik,Nasik,Onion,Pole,Local,1000,2551,1900,27-Jan-25
18546,Nashik,Nasik,Onion,Pole,Local,1150,2900,2200,30-Jan-25
18547,Thirupathur,Natrampalli(Uzhavar Sandhai ),Onion,Bellary,Local,4000,4000,4000,20-Jan-25
18548,Thirupathur,Natrampalli(Uzhavar Sandhai ),Onion,Bellary,Local,4000,4000,4000,28-Jan-25
18549,Thirupathur,Natrampalli(Uzhavar Sandhai ),Onion,Bellary,Local,4000,4500,4500,23-Jan-25
18550,Thirupathur,Natrampalli(Uzhavar Sandhai ),Onion,Bellary,Local,5500,6000,6000,03-Jan-25
18551,Thirupathur,Natrampalli(Uzhavar Sandhai ),Onion,Bellary,Local,5500,6000,6000,12-Jan-25
18552,Maharajganj,Nautnava,Onion,Red,FAQ,2300,2500,2400,18-Jan-25
18553,Gonda,Nawabganj,Onion,Red,FAQ,2200,2300,2250,19-Jan-25
18554,Gonda,Nawabganj,Onion,Red,FAQ,2450,2550,2500,07-Jan-25
18555,Gonda,Nawabganj,Onion,Red,FAQ,2450,2550,2500,09-Jan-25
18556,Gonda,Nawabganj,Onion,Red,FAQ,2490,2550,2510,08-Jan-25
18557,Jhunjhunu,Nawalgarh,Onion,Red,FAQ,1000,1200,1100,25-Jan-25
18558,Nawanshahr,Nawan Shahar(Subzi Mandi),Onion,Other,FAQ,2400,2600,2500,30-Jan-25
18559,Kasargod,Neeleswaram,Onion,Big,FAQ,3600,4000,3800,17-Jan-25
18560,Kasargod,Neeleswaram,Onion,Big,FAQ,3800,4200,4000,04-Jan-25
18561,Kasargod,Neeleswaram,Onion,Big,FAQ,3800,4200,4000,19-Jan-25
18562,Neemuch,Neemuch,Onion,Onion,FAQ,200,1491,1491,24-Jan-25
18563,Neemuch,Neemuch,Onion,Onion,FAQ,204,1801,1801,17-Jan-25
18564,Neemuch,Neemuch,Onion,Onion,FAQ,400,2300,1400,23-Jan-25
18565,Neemuch,Neemuch,Onion,Onion,FAQ,1190,1811,1811,16-Jan-25
18566,Tuticorin,Kovilpatti(Uzhavar Sandhai ),Onion,Bellary,Local,4500,5000,5000,31-Jan-25
18567,Tuticorin,Kovilpatti(Uzhavar Sandhai ),Onion,Bellary,Local,4500,5200,5200,06-Jan-25
18568,Krishnagiri,Krishnagiri(Uzhavar Sandhai ),Onion,Bellary,Local,4000,4500,4500,11-Jan-25
18569,Krishnagiri,Krishnagiri(Uzhavar Sandhai ),Onion,Bellary,Local,4000,4500,4500,24-Jan-25
18570,Karur,Kulithalai(Uzhavar Sandhai ),Onion,Bellary,Local,4000,5000,5000,01-Feb-25
18571,Namakkal,Kumarapalayam(Uzhavar Sandhai ),Onion,Bellary,Local,4000,5000,5000,18-Jan-25
18572,Thanjavur,Kumbakonam (Uzhavar Sandhai ),Onion,Bellary,Local,3600,4800,4800,07-Jan-25
18573,Thanjavur,Kumbakonam (Uzhavar Sandhai ),Onion,Bellary,Local,3600,4800,4800,09-Jan-25
18574,Thanjavur,Kumbakonam (Uzhavar Sandhai ),Onion,Bellary,Local,3600,4800,4800,31-Jan-25
18575,Thanjavur,Kumbakonam (Uzhavar Sandhai ),Onion,Bellary,Local,4000,5000,5000,20-Jan-25
18576,Kancheepuram,Kundrathur(Uzhavar Sandhai ),Onion,Bellary,Local,4000,5000,5000,14-Jan-25
18577,Kancheepuram,Kundrathur(Uzhavar Sandhai ),Onion,Bellary,Local,4000,5000,5000,16-Jan-25
18578,Kancheepuram,Kundrathur(Uzhavar Sandhai ),Onion,Bellary,Local,4000,5000,5000,17-Jan-25
18579,Coimbatore,Kurichi(Uzhavar Sandhai ),Onion,Bellary,Local,3400,3800,3800,31-Jan-25
18580,Coimbatore,Kurichi(Uzhavar Sandhai ),Onion,Bellary,Local,3800,4200,4200,09-Jan-25
18581,Coimbatore,Kurichi(Uzhavar Sandhai ),Onion,Bellary,Local,4000,4200,4200,12-Jan-25
18582,Kurnool,Kurnool,Onion,Local,FAQ,629,2410,1625,10-Jan-25
18583,Kurnool,Kurnool,Onion,Local,FAQ,1045,3019,2385,07-Jan-25
18584,Kurnool,Kurnool,Onion,Local,FAQ,1105,2459,1885,09-Jan-25
18585,Kottayam,Kuruppanthura,Onion,Onion,FAQ,9000,10500,10000,15-Jan-25
18586,Kurukshetra,Ladwa,Onion,Onion,FAQ,2000,2500,2300,04-Jan-25
18587,Kurukshetra,Ladwa,Onion,Onion,FAQ,2000,2500,2300,25-Jan-25
18588,Kurukshetra,Ladwa,Onion,Onion,FAQ,2200,2200,2200,12-Jan-25
18589,Kurukshetra,Ladwa,Onion,Onion,FAQ,2300,2800,2500,19-Jan-25
18590,Lakhimpur,Lakhimpur,Onion,Red,FAQ,2420,2520,2480,15-Jan-25
18591,Lakhimpur,Lakhimpur,Onion,Red,FAQ,2660,2870,2700,10-Jan-25
18592,Raebarelli,Lalganj,Onion,Red,FAQ,2300,2400,2350,18-Jan-25
18593,Raebarelli,Lalganj,Onion,Red,FAQ,2350,2450,2400,09-Jan-25
18594,Raebarelli,Lalganj,Onion,Red,FAQ,2350,2450,2400,10-Jan-25
18595,Thiruchirappalli,Lalgudi(Uzhavar Sandhai ),Onion,Bellary,Local,4000,5600,5600,21-Jan-25
18596,Lalitpur,Lalitpur,Onion,Red,FAQ,1900,1970,1950,12-Jan-25
18597,Lalitpur,Lalitpur,Onion,Red,FAQ,1900,1980,1950,05-Jan-25
18598,Lalitpur,Lalitpur,Onion,Red,FAQ,1950,2000,1980,20-Jan-25
18599,Mohali,Lalru,Onion,Other,FAQ,2900,3000,3000,10-Jan-25
18600,Nashik,Lasalgaon,Onion,Red,FAQ,1000,3000,2500,20-Jan-25
18601,Nashik,Lasalgaon(Niphad),Onion,Red,FAQ,1100,2750,2425,25-Jan-25
18602,Nashik,Lasalgaon(Niphad),Onion,Red,FAQ,1160,2760,2551,06-Jan-25
18603,Nashik,Lasalgaon(Niphad),Onion,Red,Local,1100,2525,2250,31-Jan-25
18604,Nashik,Lasalgaon(Vinchur),Onion,Red,FAQ,1000,3050,2500,06-Jan-25
18605,Chattrapati Sambhajinagar,Lasur Station,Onion,Other,FAQ,500,2660,2000,07-Jan-25
18606,Chattrapati Sambhajinagar,Lasur Station,Onion,Other,Local,500,2605,1800,28-Jan-25
18607,Sholapur,Laxmi Sopan Agriculture Produce Marketing Co Ltd,Onion,Other,FAQ,600,3700,2200,01-Jan-25
18608,Bhiwani,Loharu,Onion,Other,FAQ,2000,2500,2500,16-Jan-25
18609,Bhiwani,Loharu,Onion,Other,FAQ,2000,2500,2500,17-Jan-25
18610,Lucknow,Lucknow,Onion,Red,FAQ,2400,2500,2460,12-Jan-25
18611,Ludhiana,Ludhiana,Onion,Other,FAQ,800,2700,1900,11-Jan-25
18612,Ajmer,Madanganj Kishangarh,Onion,1st Sort,FAQ,2400,3000,2700,31-Jan-25
18613,Ajmer,Madanganj Kishangarh,Onion,1st Sort,FAQ,2800,3200,3000,20-Jan-25
18614,Ajmer,Madanganj Kishangarh,Onion,1st Sort,FAQ,3000,3500,3200,13-Jan-25
18615,Fazilka,Fazilka,Onion,Other,FAQ,2000,2500,2200,09-Jan-25
18616,Firozabad,Firozabad,Onion,Red,FAQ,1960,2160,2050,01-Feb-25
18617,Firozabad,Firozabad,Onion,Red,FAQ,2135,2315,2225,09-Jan-25
18618,Firozabad,Firozabad,Onion,Red,FAQ,2175,2340,2250,23-Jan-25
18619,Firozabad,Firozabad,Onion,Red,FAQ,2185,2365,2270,22-Jan-25
18620,Ferozpur,Firozepur City,Onion,Other,FAQ,2000,3000,2500,30-Jan-25
18621,Ferozpur,Firozepur City,Onion,Other,FAQ,3000,3500,3250,01-Jan-25
18622,Ferozpur,Firozepur City,Onion,Other,FAQ,3000,3500,3250,18-Jan-25
18623,Malda,Gajol,Onion,Other,FAQ,2000,2800,2400,23-Jan-25
18624,Malda,Gajol,Onion,Other,FAQ,2400,3000,2700,05-Jan-25
18625,Malda,Gajol,Onion,Other,FAQ,2400,3000,2700,07-Jan-25
18626,Malda,Gajol,Onion,Other,FAQ,2500,3000,2700,11-Jan-25
18627,Malda,Gajol,Onion,Other,FAQ,2500,3000,2700,20-Jan-25
18628,Sonipat,Ganaur,Onion,Onion,FAQ,2600,3000,2800,01-Feb-25
18629,Sonipat,Ganaur,Onion,Onion,FAQ,2800,3000,2800,07-Jan-25
18630,Sonipat,Ganaur,Onion,Onion,FAQ,2800,3000,2800,09-Jan-25
18631,Sonipat,Ganaur,Onion,Onion,FAQ,2800,3000,2800,10-Jan-25
18632,Pudukkottai,Gandarvakottai(Uzhavar Sandhai ),Onion,Bellary,Local,4000,5000,5000,23-Jan-25
18633,Medinipur(W),Garbeta(Medinipur),Onion,Onion,FAQ,2800,3300,3000,11-Jan-25
18634,Hoshiarpur,Garh Shankar,Onion,Other,FAQ,2000,2200,2100,09-Jan-25
18635,Mandsaur,Garoth,Onion,Onion,FAQ,100,2100,1300,15-Jan-25
18636,Ghazipur,Gazipur,Onion,Red,FAQ,2070,2130,2100,30-Jan-25
18637,Ghazipur,Gazipur,Onion,Red,FAQ,2410,2470,2440,13-Jan-25
18638,Karnal,Gharaunda,Onion,Other,FAQ,2000,2800,2800,21-Jan-25
18639,Medinipur(W),Ghatal,Onion,Onion,FAQ,2700,3000,2800,14-Jan-25
18640,Medinipur(W),Ghatal,Onion,Onion,FAQ,2700,3000,2800,16-Jan-25
18641,Medinipur(W),Ghatal,Onion,Onion,FAQ,2700,3000,2800,17-Jan-25
18642,Ghaziabad,Ghaziabad,Onion,Red,FAQ,2300,2380,2340,21-Jan-25
18643,Ghaziabad,Ghaziabad,Onion,Red,FAQ,2350,2440,2390,18-Jan-25
18644,Ghaziabad,Ghaziabad,Onion,Red,FAQ,2525,2625,2575,07-Jan-25
18645,Mainpuri,Ghiraur,Onion,Red,FAQ,2070,2270,2170,10-Jan-25
18646,Mainpuri,Ghiraur,Onion,Red,Non-FAQ,1940,2140,2040,29-Jan-25
18647,Villupuram,Gingee(Uzhavar Sandhai ),Onion,Bellary,Local,4000,4000,4000,21-Jan-25
18648,Erode,Gobichettipalayam(Uzhavar Sandhai ),Onion,Bellary,Local,4200,4500,4500,17-Jan-25
18649,Erode,Gobichettipalayam(Uzhavar Sandhai ),Onion,Bellary,Local,5000,5500,5500,06-Jan-25
18650,Sonipat,Gohana,Onion,Other,FAQ,2000,2500,2200,29-Jan-25
18651,Lakhimpur,Golagokarnath,Onion,Red,FAQ,2700,2800,2770,04-Jan-25
18652,Rajkot,Gondal,Onion,Red,FAQ,555,2255,1655,03-Jan-25
18653,Rajkot,Gondal,Onion,White,FAQ,980,1205,1130,29-Jan-25
18654,Bhadohi(Sant Ravi Nagar),Gopiganj,Onion,Red,FAQ,2200,2300,2240,23-Jan-25
18655,Gorakhpur,Gorakhpur,Onion,Red,FAQ,2175,2275,2225,23-Jan-25
18656,Gorakhpur,Gorakhpur,Onion,Red,FAQ,2250,2470,2350,09-Jan-25
18657,The Nilgiris,Gudalur(Uzhavar Sandhai ),Onion,Bellary,Local,4200,4500,4500,02-Jan-25
18658,The Nilgiris,Gudalur(Uzhavar Sandhai ),Onion,Bellary,Local,4500,5000,5000,25-Jan-25
18659,Vellore,Gudiyatham(Uzhavar Sandhai ),Onion,Bellary,Local,4500,4500,4500,28-Jan-25
18660,Bulandshahar,Gulavati,Onion,Red,FAQ,2900,3100,3000,01-Feb-25
18661,Bulandshahar,Gulavati,Onion,Red,FAQ,2900,3100,3000,28-Jan-25
18662,Bulandshahar,Gulavati,Onion,Red,FAQ,3000,3200,3100,21-Jan-25
18663,Gurdaspur,Gurdaspur,Onion,Other,FAQ,2200,2400,2300,28-Jan-25
18664,Gurgaon,Gurgaon,Onion,Other,FAQ,2000,3000,2500,28-Jan-25
18665,Jhansi,Gurusarai,Onion,Red,FAQ,2040,2120,2085,09-Jan-25
18666,Jhansi,Gurusarai,Onion,Red,FAQ,2080,2125,2100,18-Jan-25
18667,Nashik,Lasalgaon,Onion,Red,Local,1000,2851,2370,27-Jan-25
18668,Nashik,Lasalgaon(Niphad),Onion,Red,FAQ,1000,2852,2500,04-Jan-25
18669,Nashik,Lasalgaon(Niphad),Onion,Red,FAQ,1100,2341,2031,17-Jan-25
18670,Nashik,Lasalgaon(Vinchur),Onion,Red,FAQ,900,2901,2250,18-Jan-25
18671,Chattrapati Sambhajinagar,Lasur Station,Onion,Other,FAQ,550,2722,2000,25-Jan-25
18672,Chattrapati Sambhajinagar,Lasur Station,Onion,Other,FAQ,620,2390,1500,10-Jan-25
18673,Chattrapati Sambhajinagar,Lasur Station,Onion,Other,FAQ,700,2825,2000,24-Jan-25
18674,Chattrapati Sambhajinagar,Lasur Station,Onion,Other,Local,700,2680,2000,27-Jan-25
18675,Sholapur,Laxmi Sopan Agriculture Produce Marketing Co Ltd,Onion,Other,FAQ,400,3500,2000,06-Jan-25
18676,Bhiwani,Loharu,Onion,Other,FAQ,2200,2200,2200,02-Jan-25
18677,Lucknow,Lucknow,Onion,Red,FAQ,2500,2600,2550,01-Jan-25
18678,Ludhiana,Ludhiana,Onion,Other,FAQ,700,2200,1900,31-Jan-25
18679,Ludhiana,Ludhiana,Onion,Other,FAQ,800,2500,1900,28-Jan-25
18680,Ludhiana,Ludhiana,Onion,Other,FAQ,800,2600,2000,24-Jan-25
18681,Ludhiana,Ludhiana,Onion,Other,FAQ,800,2900,1900,01-Jan-25
18682,Ludhiana,Ludhiana,Onion,Other,FAQ,800,3100,2000,07-Jan-25
18683,Ajmer,Madanganj Kishangarh,Onion,1st Sort,FAQ,2500,3500,3000,02-Jan-25
18684,Ajmer,Madanganj Kishangarh,Onion,1st Sort,FAQ,2500,3500,3000,22-Jan-25
18685,Alappuzha,Madhavapuram,Onion,Other,FAQ,6000,6400,6200,31-Jan-25
18686,Alappuzha,Madhavapuram,Onion,Other,FAQ,7000,7500,7400,27-Jan-25
18687,Hardoi,Madhoganj,Onion,Red,FAQ,2280,2350,2310,22-Jan-25
18688,Chengalpattu,Madhuranthagam(Uzhavar Sandhai ),Onion,Bellary,Local,4000,4500,4500,25-Jan-25
18689,Chengalpattu,Madhuranthagam(Uzhavar Sandhai ),Onion,Bellary,Local,4000,5000,5000,30-Jan-25
18690,Panipat,Madlauda,Onion,Other,FAQ,2400,2400,2400,18-Jan-25
18691,Panipat,Madlauda,Onion,Other,FAQ,2500,2500,2500,04-Jan-25
18692,Panipat,Madlauda,Onion,Other,FAQ,2500,2500,2500,05-Jan-25
18693,Panipat,Madlauda,Onion,Other,FAQ,2500,2500,2500,29-Jan-25
18694,Panipat,Madlauda,Onion,Other,FAQ,2600,2600,2600,03-Jan-25
18695,Panipat,Madlauda,Onion,Other,FAQ,2700,2700,2700,01-Jan-25
18696,Hyderabad,Mahboob Manison,Onion,1st Sort,FAQ,3000,3900,3400,06-Jan-25
18697,Hyderabad,Mahboob Manison,Onion,2nd Sort,FAQ,300,2300,2000,11-Jan-25
18698,Hyderabad,Mahboob Manison,Onion,2nd Sort,FAQ,2100,2700,2500,31-Jan-25
18699,Hyderabad,Mahboob Manison,Onion,2nd Sort,FAQ,2200,2600,2500,24-Jan-25
18700,Hyderabad,Mahboob Manison,Onion,2nd Sort,FAQ,2200,2800,2600,22-Jan-25
18701,Ujjain,Mahidpur(F&V),Onion,Onion,FAQ,590,2200,800,30-Jan-25
18702,Bhavnagar,Mahuva(Station Road),Onion,Red,FAQ,750,2845,1800,07-Jan-25
18703,Bhavnagar,Mahuva(Station Road),Onion,Red,FAQ,755,2450,1605,23-Jan-25
18704,Bhavnagar,Mahuva(Station Road),Onion,White,FAQ,1250,2260,1755,11-Jan-25
18705,Bhavnagar,Mahuva(Station Road),Onion,White,FAQ,1355,2320,1875,18-Jan-25
18706,Khiri (Lakhimpur),Maigalganj,Onion,Red,FAQ,2700,2790,2740,16-Jan-25
18707,Mainpuri,Mainpuri,Onion,Red,FAQ,1945,2135,2055,29-Jan-25
18708,Mainpuri,Mainpuri,Onion,Red,FAQ,2145,2335,2255,24-Jan-25
18709,Mainpuri,Mainpuri,Onion,Red,FAQ,2300,2500,2400,15-Jan-25
18710,Muktsar,Malout,Onion,Onion,FAQ,1100,1500,1200,29-Jan-25
18711,Muktsar,Malout,Onion,Onion,FAQ,1200,1800,1400,28-Jan-25
18712,Muktsar,Malout,Onion,Onion,FAQ,1400,1800,1600,09-Jan-25
18713,Muktsar,Malout,Onion,Onion,FAQ,1800,2400,2000,03-Jan-25
18714,Kolar,Malur,Onion,Onion,FAQ,3000,3300,3125,28-Jan-25
18715,Ferozpur,Mamdot,Onion,Other,FAQ,2700,2900,2800,20-Jan-25
18716,Ferozpur,Mamdot,Onion,Other,FAQ,3000,3200,3100,10-Jan-25
18717,Ferozpur,Mamdot,Onion,Other,FAQ,3000,3200,3100,21-Jan-25
18718,Neemuch,Neemuch,Onion,Onion,FAQ,1701,4000,4000,28-Jan-25
18719,Neemuch,Neemuch,Onion,Onion-Organic,FAQ,391,1752,1752,24-Jan-25
18720,Faridabad,"New Grain Market , Faridabad",Onion,Onion,Non-FAQ,2000,2400,2200,30-Jan-25
18721,Panchkula,"New Grain Market , Panchkula",Onion,Other,FAQ,2500,3500,3000,06-Jan-25
18722,Panchkula,"New Grain Market , Panchkula",Onion,Other,FAQ,2500,3500,3000,23-Jan-25
18723,Karnal,"New Grain Market(main), Karnal",Onion,Other,FAQ,1200,2200,1700,19-Jan-25
18724,Karnal,"New Grain Market(main), Karnal",Onion,Other,FAQ,1400,2500,2000,29-Jan-25
18725,Thirunelveli,NGO Colony(Uzhavar Sandhai ),Onion,Bellary,Local,3600,4000,4000,31-Jan-25
18726,Moga,Nihal Singh Wala,Onion,Other,FAQ,2800,3500,3000,03-Jan-25
18727,Ghaziabad,Noida,Onion,Red,FAQ,2200,2350,2220,26-Jan-25
18728,Ghaziabad,Noida,Onion,Red,FAQ,2320,2440,2385,18-Jan-25
18729,Ernakulam,North Paravur,Onion,1st Sort,FAQ,9200,10000,9500,23-Jan-25
18730,Ernakulam,North Paravur,Onion,1st Sort,FAQ,9200,10000,9500,25-Jan-25
18731,Mewat,Nuh,Onion,Other,Non-FAQ,1800,2000,2000,27-Jan-25
18732,Jalaun (Orai),Orai,Onion,Red,FAQ,1800,2300,2050,08-Jan-25
18733,Unokoti,Pabiacherra,Onion,Nasik,FAQ,3900,4100,4000,11-Jan-25
18734,Kancheepuram,Padappai(Uzhavar Sandhai ),Onion,Bellary,Local,4000,4500,4500,26-Jan-25
18735,Kancheepuram,Padappai(Uzhavar Sandhai ),Onion,Bellary,Local,4000,5000,5000,05-Jan-25
18736,Vadodara(Baroda),Padra,Onion,Other,FAQ,2000,3000,2500,09-Jan-25
18737,Vadodara(Baroda),Padra,Onion,Other,FAQ,2000,3000,2500,10-Jan-25
18738,Vadodara(Baroda),Padra,Onion,Other,FAQ,2000,3000,2500,31-Jan-25
18739,Kottayam,Pala,Onion,Big,FAQ,4200,4800,4600,20-Jan-25
18740,Kottayam,Pala,Onion,Big,FAQ,4600,5000,4800,10-Jan-25
18741,Kottayam,Pala,Onion,Big,FAQ,4600,5000,4800,27-Jan-25
18742,Kottayam,Pala,Onion,Big,Non-FAQ,9800,10400,10000,18-Jan-25
18743,Kottayam,Pala,Onion,Big,Non-FAQ,9800,10400,10000,21-Jan-25
18744,Dharmapuri,Palacode(Uzhavar Sandhai ),Onion,Bellary,Local,4500,5000,5000,15-Jan-25
18745,Dharmapuri,Palacode(Uzhavar Sandhai ),Onion,Bellary,Local,4500,5000,5000,22-Jan-25
18746,Dharmapuri,Palacode(Uzhavar Sandhai ),Onion,Bellary,Local,5500,6000,6000,05-Jan-25
18747,Palakad,Palakkad,Onion,Small,FAQ,10000,11000,10600,20-Jan-25
18748,Kangra,Palampur,Onion,Other,FAQ,2600,2700,2650,02-Jan-25
18749,Madurai,Palanganatham(Uzhavar Sandhai ),Onion,Bellary,Local,4000,5000,5000,01-Feb-25
18750,Madurai,Palanganatham(Uzhavar Sandhai ),Onion,Bellary,Local,4000,5000,5000,01-Jan-25
18751,Madurai,Palanganatham(Uzhavar Sandhai ),Onion,Bellary,Local,4500,5000,5000,30-Jan-25
18752,Dindigul,Palani(Uzhavar Sandhai ),Onion,Bellary,Local,3000,4400,4400,18-Jan-25
18753,Dindigul,Palani(Uzhavar Sandhai ),Onion,Bellary,Local,3000,5000,5000,12-Jan-25
18754,Dindigul,Palani(Uzhavar Sandhai ),Onion,Bellary,Local,4000,5400,5400,08-Jan-25
18755,Kozhikode(Calicut),Palayam,Onion,Other,FAQ,2900,3000,2900,14-Jan-25
18756,Kozhikode(Calicut),Palayam,Onion,Other,FAQ,2900,3000,2900,16-Jan-25
18757,Thirunelveli,Palayamkottai(Uzhavar Sandhai ),Onion,Bellary,Local,3400,4300,4300,25-Jan-25
18758,Thirupur,Palladam(Uzhavar Sandhai ),Onion,Bellary,Local,4000,4500,4500,20-Jan-25
18759,Chengalpattu,Pallavaram(Uzhavar Sandhai ),Onion,Bellary,Local,3000,5000,5000,10-Jan-25
18760,Chengalpattu,Pallavaram(Uzhavar Sandhai ),Onion,Bellary,Local,3000,5000,5000,16-Jan-25
18761,Chengalpattu,Pallavaram(Uzhavar Sandhai ),Onion,Bellary,Local,3000,5000,5000,17-Jan-25
18762,Palwal,Palwal,Onion,Onion,FAQ,1800,1800,1800,28-Jan-25
18763,Palwal,Palwal,Onion,Onion,FAQ,1800,2000,1900,30-Jan-25
18764,Hooghly,Pandua,Onion,Nasik,FAQ,2600,2800,2700,12-Jan-25
18765,Hooghly,Pandua,Onion,Nasik,FAQ,2600,2800,2700,30-Jan-25
18766,Hooghly,Pandua,Onion,Nasik,FAQ,2700,2800,2750,28-Jan-25
18767,Panipat,Panipat,Onion,Other,FAQ,900,1300,1100,23-Jan-25
18768,Thiruchirappalli,Manachanallur(Uzhavar Sandhai ),Onion,Bellary,Local,4000,5400,5400,19-Jan-25
18769,Thiruchirappalli,Manachanallur(Uzhavar Sandhai ),Onion,Bellary,Local,5000,6000,6000,03-Jan-25
18770,Thiruchirappalli,Manachanallur(Uzhavar Sandhai ),Onion,Bellary,Local,5400,5400,5400,23-Jan-25
18771,Thiruchirappalli,Manapparai(Uzhavar Sandhai ),Onion,Bellary,Local,4000,5400,5400,18-Jan-25
18772,Thiruchirappalli,Manapparai(Uzhavar Sandhai ),Onion,Bellary,Local,4000,5600,5600,23-Jan-25
18773,Thiruchirappalli,Manapparai(Uzhavar Sandhai ),Onion,Bellary,Local,4000,5600,5600,25-Jan-25
18774,Thiruchirappalli,Manapparai(Uzhavar Sandhai ),Onion,Bellary,Local,5000,5600,5600,01-Jan-25
18775,Thiruchirappalli,Manapparai(Uzhavar Sandhai ),Onion,Bellary,Local,5000,6000,6000,07-Jan-25
18776,Neemuch,Manasa,Onion,Local,FAQ,1202,2000,1601,09-Jan-25
18777,Neemuch,Manasa,Onion,Medium,FAQ,500,1002,1002,21-Jan-25
18778,Dhar,Manawar(F&V),Onion,Onion,Non-FAQ,1690,1890,1790,26-Jan-25
18779,Dhar,Manawar(F&V),Onion,Onion,Non-FAQ,1800,2000,1900,20-Jan-25
18780,Pune,Manchar,Onion,Other,FAQ,2500,3300,2900,19-Jan-25
18781,Mandi,Mandi(Mandi),Onion,Onion,FAQ,2500,3200,2800,25-Jan-25
18782,Mandi,Mandi(Mandi),Onion,Onion,FAQ,2600,3000,2800,22-Jan-25
18783,Mandi,Mandi(Mandi),Onion,Onion,FAQ,2800,3200,3000,27-Jan-25
18784,Mandi,Mandi(Takoli),Onion,Other,FAQ,2000,3000,2500,23-Jan-25
18785,Mandi,Mandi(Takoli),Onion,Other,FAQ,2500,3000,3000,20-Jan-25
18786,Mandsaur,Mandsaur,Onion,Onion,FAQ,301,2323,1700,30-Jan-25
18787,Mandsaur,Mandsaur,Onion,Onion,Non-FAQ,300,2322,1300,31-Jan-25
18788,Mandsaur,Mandsaur,Onion,Onion-Organic,FAQ,2153,2210,2210,21-Jan-25
18789,Sholapur,Mangal Wedha,Onion,Local,FAQ,400,3100,2300,13-Jan-25
18790,Haridwar,Manglaur,Onion,Other,FAQ,1500,1600,1550,24-Jan-25
18791,Malappuram,Manjeri,Onion,Other,FAQ,3700,3800,3750,20-Jan-25
18792,Malappuram,Manjeri,Onion,Other,FAQ,3900,4000,3950,02-Jan-25
18793,Malappuram,Manjeri,Onion,Other,FAQ,3900,4000,3950,06-Jan-25
18794,Kaushambi,Manjhanpur,Onion,Red,FAQ,1800,1970,1880,24-Jan-25
18795,Kaushambi,Manjhanpur,Onion,Red,FAQ,2035,2200,2115,10-Jan-25
18796,Kaushambi,Manjhanpur,Onion,Red,FAQ,2055,2230,2140,13-Jan-25
18797,Nashik,Manmad,Onion,White,FAQ,1256,1800,1600,23-Jan-25
18798,Nashik,Manmad,Onion,White,FAQ,1700,2260,2100,06-Jan-25
18799,Thiruvarur,Mannargudi II(Uzhavar Sandhai ),Onion,Bellary,Local,4400,5600,5600,07-Jan-25
18800,Thiruvarur,Mannargudi II(Uzhavar Sandhai ),Onion,Bellary,Local,4400,6000,6000,19-Jan-25
18801,Thiruvarur,Mannargudi II(Uzhavar Sandhai ),Onion,Bellary,Local,6000,6000,6000,22-Jan-25
18802,North Goa,Mapusa,Onion,Onion,FAQ,2500,2500,2500,19-Jan-25
18803,North Goa,Mapusa,Onion,Onion,FAQ,2500,2500,2500,27-Jan-25
18804,North Goa,Mapusa,Onion,Onion,FAQ,3000,3000,3000,21-Jan-25
18805,Mathura,Mathura,Onion,Red,FAQ,1900,2240,2100,28-Jan-25
18806,Mathura,Mathura,Onion,Red,FAQ,2200,2450,2360,20-Jan-25
18807,Jhansi,Mauranipur,Onion,Red,FAQ,2000,2120,2085,08-Jan-25
18808,Jhansi,Mauranipur,Onion,Red,FAQ,2030,2100,2085,16-Jan-25
18809,Jhansi,Mauranipur,Onion,Red,FAQ,2100,2200,2140,01-Jan-25
18810,Nagapattinam,Mayiladuthurai(Uzhavar Sandhai ),Onion,Bellary,Local,3000,3500,3500,05-Jan-25
18811,Nagapattinam,Mayiladuthurai(Uzhavar Sandhai ),Onion,Bellary,Local,3500,4000,4000,21-Jan-25
18812,Nagapattinam,Mayiladuthurai(Uzhavar Sandhai ),Onion,Bellary,Local,4000,4500,4500,29-Jan-25
18813,Chengalpattu,Medavakkam(Uzhavar Sandhai ),Onion,Bellary,Local,3400,3600,3600,10-Jan-25
18814,Medinipur(W),Medinipur(West),Onion,Onion,FAQ,2800,3300,3000,15-Jan-25
18815,Meerut,Meerut,Onion,Red,FAQ,2550,2650,2600,04-Jan-25
18816,Sitapur,Mehmoodabad,Onion,Red,FAQ,2215,2270,2240,27-Jan-25
18817,Hardoi,Madhoganj,Onion,Red,FAQ,2200,2250,2230,29-Jan-25
18818,Chengalpattu,Madhuranthagam(Uzhavar Sandhai ),Onion,Bellary,Local,4000,4500,4500,18-Jan-25
18819,Chengalpattu,Madhuranthagam(Uzhavar Sandhai ),Onion,Bellary,Local,4000,4500,4500,21-Jan-25
18820,Hyderabad,Mahboob Manison,Onion,1st Sort,FAQ,2500,3500,2700,17-Jan-25
18821,Hyderabad,Mahboob Manison,Onion,1st Sort,FAQ,3000,4200,3400,04-Jan-25
18822,Hyderabad,Mahboob Manison,Onion,2nd Sort,Non-FAQ,300,2600,1800,31-Jan-25
18823,Hyderabad,Mahboob Manison,Onion,2nd Sort,Non-FAQ,400,2400,1800,20-Jan-25
18824,Mahoba,Mahoba,Onion,Red,FAQ,2300,2400,2320,23-Jan-25
18825,Bhavnagar,Mahuva(Station Road),Onion,Red,FAQ,750,2505,1750,18-Jan-25
18826,Bhavnagar,Mahuva(Station Road),Onion,White,FAQ,1270,2500,1875,17-Jan-25
18827,Bhavnagar,Mahuva(Station Road),Onion,White,FAQ,1445,2135,1790,22-Jan-25
18828,Khiri (Lakhimpur),Maigalganj,Onion,Red,FAQ,2800,2890,2840,23-Jan-25
18829,Khiri (Lakhimpur),Maigalganj,Onion,Red,FAQ,2840,2880,2860,21-Jan-25
18830,Khiri (Lakhimpur),Maigalganj,Onion,Red,FAQ,2900,2960,2940,04-Jan-25
18831,Khiri (Lakhimpur),Maigalganj,Onion,Red,FAQ,2900,3000,2950,18-Jan-25
18832,Mainpuri,Mainpuri,Onion,Red,FAQ,2060,2250,2165,09-Jan-25
18833,Mainpuri,Mainpuri,Onion,Red,Non-FAQ,1600,1700,1650,30-Jan-25
18834,Mainpuri,Mainpuri,Onion,Red,Non-FAQ,1600,1700,1650,31-Jan-25
18835,Sangrur,Malerkotla,Onion,Other,FAQ,1500,2200,1800,23-Jan-25
18836,Sangrur,Malerkotla,Onion,Other,FAQ,1500,2500,1800,30-Jan-25
18837,Sangrur,Malerkotla,Onion,Other,FAQ,2200,3000,2500,14-Jan-25
18838,Muktsar,Malout,Onion,Onion,FAQ,1400,1800,1600,25-Jan-25
18839,Muktsar,Malout,Onion,Onion,FAQ,1600,2000,1800,07-Jan-25
18840,Muktsar,Malout,Onion,Onion,FAQ,1900,2300,2100,04-Jan-25
18841,Kolar,Malur,Onion,Onion,FAQ,2800,3200,3000,24-Jan-25
18842,Thiruchirappalli,Manachanallur(Uzhavar Sandhai ),Onion,Bellary,Local,4600,5600,5600,29-Jan-25
18843,Thiruchirappalli,Manapparai(Uzhavar Sandhai ),Onion,Bellary,Local,4000,5400,5400,13-Jan-25
18844,Thiruchirappalli,Manapparai(Uzhavar Sandhai ),Onion,Bellary,Local,4600,5400,5400,04-Jan-25
18845,Thiruchirappalli,Manapparai(Uzhavar Sandhai ),Onion,Bellary,Local,4600,5600,5600,20-Jan-25
18846,Neemuch,Manasa,Onion,Medium,FAQ,251,1300,701,17-Jan-25
18847,Neemuch,Manasa,Onion,Medium,FAQ,580,1030,800,13-Jan-25
18848,Neemuch,Manasa,Onion,Medium,Non-FAQ,200,1060,1060,22-Jan-25
18849,Neemuch,Manasa,Onion,Onion,FAQ,601,1270,1270,16-Jan-25
18850,Dhar,Manawar(F&V),Onion,Onion,Non-FAQ,1800,2000,1900,25-Jan-25
18851,Mandi,Mandi(Mandi),Onion,Onion,FAQ,2700,3000,2800,30-Jan-25
18852,Mandi,Mandi(Mandi),Onion,Onion,FAQ,2800,3200,3000,28-Jan-25
18853,Mandi,Mandi(Takoli),Onion,Other,FAQ,2500,3000,3000,16-Jan-25
18854,Mandi,Mandi(Takoli),Onion,Other,FAQ,2500,3000,3000,26-Jan-25
18855,Mandsaur,Mandsaur,Onion,Medium,FAQ,2222,2222,2222,20-Jan-25
18856,Mandsaur,Mandsaur,Onion,Onion,FAQ,100,2513,1800,07-Jan-25
18857,Mandsaur,Mandsaur,Onion,Onion,FAQ,100,18052,1752,06-Jan-25
18858,Sholapur,Mangal Wedha,Onion,Local,FAQ,300,3200,2420,09-Jan-25
18859,Haridwar,Manglaur,Onion,Other,FAQ,1000,1400,1200,29-Jan-25
18860,Malappuram,Manjeri,Onion,Other,FAQ,3900,4000,3950,01-Jan-25
18861,Malappuram,Manjeri,Onion,Other,FAQ,3900,4000,3950,07-Jan-25
18862,Malappuram,Manjeri,Onion,Other,FAQ,3900,4000,3950,09-Jan-25
18863,Kaushambi,Manjhanpur,Onion,Red,FAQ,2060,2230,2140,09-Jan-25
18864,Nashik,Manmad,Onion,Red,FAQ,400,2381,1800,13-Jan-25
18865,Nashik,Manmad,Onion,White,FAQ,700,1401,1300,11-Jan-25
18866,Nashik,Manmad,Onion,White,FAQ,1352,2461,2200,03-Jan-25
18867,Thiruvarur,Mannargudi I(Uzhavar Sandhai ),Onion,Bellary,Local,4000,5600,5600,01-Jan-25
18868,Hathras,Haathras,Onion,Red,FAQ,2130,2330,2230,08-Jan-25
18869,Hathras,Haathras,Onion,Red,FAQ,2220,2520,2320,20-Jan-25
18870,North 24 Parganas,Habra,Onion,Other,FAQ,3000,3200,3200,01-Jan-25
18871,Hamirpur,Hamirpur,Onion,Other,FAQ,2800,3200,3000,07-Jan-25
18872,Hamirpur,Hamirpur(Nadaun),Onion,Other,FAQ,2800,3200,3000,22-Jan-25
18873,Hamirpur,Hamirpur(Nadaun),Onion,Other,FAQ,3000,3300,3200,29-Jan-25
18874,Hissar,Hansi,Onion,Other,FAQ,1500,2500,2000,01-Feb-25
18875,Hissar,Hansi,Onion,Other,FAQ,1500,3000,2000,14-Jan-25
18876,Hissar,Hansi,Onion,Other,FAQ,1500,3000,2000,15-Jan-25
18877,Hardoi,Hardoi,Onion,Pusa-Red,FAQ,2210,2365,2290,22-Jan-25
18878,Sitapur,Hargaon (Laharpur),Onion,Nasik,FAQ,2300,2500,2400,01-Feb-25
18879,Sitapur,Hargaon (Laharpur),Onion,Nasik,FAQ,2400,2600,2500,20-Jan-25
18880,Sitapur,Hargaon (Laharpur),Onion,Nasik,FAQ,2500,2700,2600,28-Jan-25
18881,Palwal,Hassanpur,Onion,Other,FAQ,1200,1200,1200,21-Jan-25
18882,Palwal,Hassanpur,Onion,Other,FAQ,1500,1500,1500,25-Jan-25
18883,Salem,Hasthampatti(Uzhavar Sandhai ),Onion,Bellary,Local,5000,6000,6000,28-Jan-25
18884,Dhenkanal,Hindol,Onion,Other,Non-FAQ,3000,3500,3200,20-Jan-25
18885,Dhenkanal,Hindol,Onion,Other,Non-FAQ,3000,3500,3200,24-Jan-25
18886,Nagpur,Hingna,Onion,Red,FAQ,2500,3500,2500,03-Jan-25
18887,Hissar,Hissar,Onion,Other,FAQ,1500,2400,2000,19-Jan-25
18888,Hissar,Hissar,Onion,Other,Non-FAQ,1500,2200,1900,23-Jan-25
18889,Hoshangabad,Hoshangabad(F&V),Onion,Onion,FAQ,1150,1960,1510,13-Jan-25
18890,Krishnagiri,Hosur(Uzhavar Sandhai ),Onion,Bellary,Local,4000,4500,4500,10-Jan-25
18891,Krishnagiri,Hosur(Uzhavar Sandhai ),Onion,Bellary,Local,4000,4500,4500,16-Jan-25
18892,Krishnagiri,Hosur(Uzhavar Sandhai ),Onion,Bellary,Local,4000,4500,4500,17-Jan-25
18893,Krishnagiri,Hosur(Uzhavar Sandhai ),Onion,Bellary,Local,4000,4500,4500,27-Jan-25
18894,Dharwad,Hubli (Amaragol),Onion,Puna,FAQ,500,3000,1700,16-Jan-25
18895,Dharwad,Hubli (Amaragol),Onion,Puna,FAQ,500,3900,2200,13-Jan-25
18896,Indore,Indore,Onion,Onion,FAQ,397,2375,2375,16-Jan-25
18897,Indore,Indore,Onion,Onion,FAQ,416,2351,1299,15-Jan-25
18898,Indore,Indore,Onion,Onion,FAQ,878,2502,2502,20-Jan-25
18899,Indore,Indore,Onion,Onion,FAQ,970,2517,2517,22-Jan-25
18900,Indore,Indore,Onion,Onion,FAQ,1061,2378,2378,01-Feb-25
18901,Thirssur,Irinjalakkuda,Onion,Other,FAQ,5000,5000,5000,08-Jan-25
18902,Amethi,Jafarganj,Onion,Red,FAQ,2220,2310,2270,27-Jan-25
18903,Amethi,Jafarganj,Onion,Red,FAQ,2400,2480,2440,07-Jan-25
18904,Yamuna Nagar,Jagadhri,Onion,Other,FAQ,2050,2300,2150,29-Jan-25
18905,Yamuna Nagar,Jagadhri,Onion,Other,FAQ,2100,2600,2450,15-Jan-25
18906,Yamuna Nagar,Jagadhri,Onion,Other,FAQ,2400,2700,2500,06-Jan-25
18907,Ludhiana,Jagraon,Onion,Other,FAQ,1800,2500,2300,20-Jan-25
18908,Ludhiana,Jagraon,Onion,Other,FAQ,1800,2500,2300,21-Jan-25
18909,Ludhiana,Jagraon,Onion,Other,Non-FAQ,1700,2200,2000,27-Jan-25
18910,Madhubani,Jahajharpur,Onion,Medium,FAQ,2800,3000,2900,21-Jan-25
18911,Madhubani,Jahajharpur,Onion,Medium,FAQ,2900,3100,3000,26-Jan-25
18912,Madhubani,Jahajharpur,Onion,Medium,FAQ,3200,3400,3300,12-Jan-25
18913,Bulandshahar,Jahangirabad,Onion,Red,FAQ,2165,2355,2260,20-Jan-25
18914,Madhubani,Jainagar,Onion,Medium,FAQ,3800,4000,3900,06-Jan-25
18915,Madhubani,Jainagar,Onion,Medium,FAQ,3800,4000,3900,08-Jan-25
18916,Jaipur,Jaipur (F&V),Onion,Other,FAQ,1500,2500,2000,23-Jan-25
18917,Salem,Jalagandapuram(Uzhavar Sandhai ),Onion,Bellary,Local,4500,4800,4800,19-Jan-25
18918,Salem,Jalagandapuram(Uzhavar Sandhai ),Onion,Bellary,Local,4500,5000,5000,21-Jan-25
18919,Salem,Jalagandapuram(Uzhavar Sandhai ),Onion,Bellary,Local,5000,5500,5500,03-Jan-25
18920,Fazilka,Jalalabad,Onion,Other,FAQ,2200,2500,2300,04-Jan-25
18921,Fazilka,Jalalabad,Onion,Other,FAQ,2400,2650,2500,01-Feb-25
18922,Fazilka,Jalalabad,Onion,Other,FAQ,2500,2700,2600,28-Jan-25
18923,Fazilka,Jalalabad,Onion,Other,FAQ,2700,3000,2800,09-Jan-25
18924,Jalandhar,Jalandhar City(Jalandhar),Onion,Other,FAQ,400,1400,900,24-Jan-25
18925,Jalaun (Orai),Jalaun,Onion,Red,FAQ,1800,2500,2100,02-Jan-25
18926,Balasore,Jaleswar,Onion,Other,FAQ,2000,2400,2200,18-Jan-25
18927,Jalgaon,Jalgaon,Onion,Red,FAQ,600,2377,1500,18-Jan-25
18928,Jalore,Jalore,Onion,Other,FAQ,2500,2800,2700,05-Jan-25
18929,Jalore,Jalore,Onion,Other,FAQ,2500,3000,2800,02-Jan-25
18930,Jamnagar,Jamnagar,Onion,Other,FAQ,550,2525,1650,31-Jan-25
18931,Jamui,Jamui,Onion,Medium,FAQ,1900,2000,2000,25-Jan-25
18932,Jamui,Jamui,Onion,Medium,FAQ,2500,2700,2600,03-Jan-25
18933,Murshidabad,Jangipur,Onion,Red,FAQ,3350,3400,3370,02-Jan-25
18934,Ratlam,Jaora,Onion,Onion,FAQ,931,2081,2081,24-Jan-25
18935,UdhamSinghNagar,Jaspur(UC),Onion,Other,FAQ,1900,2100,2000,25-Jan-25
18936,Etawah,Jasvantnagar,Onion,Red,FAQ,2310,2410,2360,14-Jan-25
18937,Etawah,Jasvantnagar,Onion,Red,Non-FAQ,2170,2270,2220,28-Jan-25
18938,Etawah,Jasvantnagar,Onion,Red,Non-FAQ,2270,2370,2320,24-Jan-25
18939,Jaunpur,Jaunpur,Onion,Red,FAQ,2140,2230,2180,29-Jan-25
18940,Jaunpur,Jaunpur,Onion,Red,FAQ,2475,2530,2500,15-Jan-25
18941,Raebarelli,Jayas,Onion,Red,FAQ,2250,2360,2280,28-Jan-25
18942,Raebarelli,Jayas,Onion,Red,FAQ,2300,2400,2370,12-Jan-25
18943,Raebarelli,Jayas,Onion,Red,FAQ,2300,2450,2360,11-Jan-25
18944,Rajkot,Jetpur(Dist.Rajkot),Onion,Onion,FAQ,500,1955,1500,15-Jan-25
18945,Rajkot,Jetpur(Dist.Rajkot),Onion,Onion,FAQ,505,2080,1455,04-Jan-25
18946,Rajkot,Jetpur(Dist.Rajkot),Onion,Onion,FAQ,505,2080,1705,11-Jan-25
18947,Rajkot,Jetpur(Dist.Rajkot),Onion,Onion,FAQ,605,1855,1555,29-Jan-25
18948,Rajkot,Jetpur(Dist.Rajkot),Onion,Onion,FAQ,605,2375,1750,20-Jan-25
18949,Ariyalur,Jeyankondam (Uzhavar Sandhai ),Onion,Bellary,Local,4000,4600,4600,12-Jan-25
18950,Ariyalur,Jeyankondam (Uzhavar Sandhai ),Onion,Bellary,Local,4000,4600,4600,29-Jan-25
18951,Jhansi,Jhansi,Onion,Red,FAQ,1950,2100,2000,21-Jan-25
18952,Jodhpur,Jodhpur (F&V),Onion,Other,FAQ,1000,2000,1500,21-Jan-25
18953,Pune,Junnar,Onion,Other,FAQ,2400,2700,2500,26-Jan-25
18954,Pune,Junnar(Alephata),Onion,Other,Local,1100,3210,2300,28-Jan-25
18955,Pune,Junnar(Narayangaon),Onion,Other,FAQ,500,2500,1500,12-Jan-25
18956,North Tripura,Kadamtala,Onion,Nasik,FAQ,3300,3500,3400,26-Jan-25
18957,North Tripura,Kadamtala,Onion,Nasik,FAQ,3500,3600,3550,18-Jan-25
18958,North Tripura,Kadamtala,Onion,Nasik,FAQ,3700,3800,3750,23-Jan-25
18959,Sirsa,kalanwali,Onion,Other,FAQ,500,500,500,15-Jan-25
18960,Sirsa,kalanwali,Onion,Other,FAQ,2000,2000,2000,22-Jan-25
18961,Sirsa,kalanwali,Onion,Other,FAQ,2000,2000,2000,29-Jan-25
18962,Sirsa,kalanwali,Onion,Other,FAQ,2000,2000,2000,30-Jan-25
18963,Shajapur,Kalapipal,Onion,Onion,FAQ,540,1000,1000,28-Jan-25
18964,Shajapur,Kalapipal,Onion,Onion,FAQ,854,1701,1701,30-Jan-25
18965,Shajapur,Kalapipal(F&V),Onion,Onion,FAQ,500,1462,1250,23-Jan-25
18966,Shajapur,Kalapipal(F&V),Onion,Onion,FAQ,660,1480,1135,29-Jan-25
18967,Hooghly,Kalipur,Onion,Nasik,FAQ,2700,2900,2800,27-Jan-25
18968,Kozhikode(Calicut),Kallachi,Onion,Other,FAQ,3200,3600,3400,10-Jan-25
18969,Kozhikode(Calicut),Kallachi,Onion,Other,FAQ,3600,4000,3800,03-Jan-25
18970,Kallakuruchi,Kallakurichi(Uzhavar Sandhai ),Onion,Bellary,Local,500,6000,6000,04-Jan-25
18971,Kallakuruchi,Kallakurichi(Uzhavar Sandhai ),Onion,Bellary,Local,4000,5000,5000,05-Jan-25
18972,Thiruvarur,Mannargudi I(Uzhavar Sandhai ),Onion,Bellary,Local,4400,5600,5600,05-Jan-25
18973,Thiruvarur,Mannargudi I(Uzhavar Sandhai ),Onion,Bellary,Local,4400,6000,6000,04-Jan-25
18974,Thiruvarur,Mannargudi I(Uzhavar Sandhai ),Onion,Bellary,Local,4400,6000,6000,23-Jan-25
18975,Thiruvarur,Mannargudi I(Uzhavar Sandhai ),Onion,Bellary,Local,4400,6000,6000,25-Jan-25
18976,Thiruvarur,Mannargudi I(Uzhavar Sandhai ),Onion,Bellary,Local,6000,6000,6000,18-Jan-25
18977,Thiruvarur,Mannargudi II(Uzhavar Sandhai ),Onion,Bellary,Local,4400,5600,5600,01-Feb-25
18978,Thiruvarur,Mannargudi II(Uzhavar Sandhai ),Onion,Bellary,Local,4400,5600,5600,03-Jan-25
18979,Thiruvarur,Mannargudi II(Uzhavar Sandhai ),Onion,Bellary,Local,4400,5600,5600,30-Jan-25
18980,Thiruvarur,Mannargudi II(Uzhavar Sandhai ),Onion,Bellary,Local,4400,6000,6000,18-Jan-25
18981,North Goa,Mapusa,Onion,Onion,FAQ,2500,2500,2500,15-Jan-25
18982,North Goa,Mapusa,Onion,Onion,FAQ,2500,2500,2500,28-Jan-25
18983,Mathura,Mathura,Onion,Red,FAQ,2200,2450,2380,15-Jan-25
18984,Bhatinda,Maur,Onion,Other,FAQ,2600,3000,2800,25-Jan-25
18985,Bhatinda,Maur,Onion,Other,FAQ,2600,3200,2800,11-Jan-25
18986,Jhansi,Mauranipur,Onion,Red,FAQ,2020,2085,2050,29-Jan-25
18987,Nagapattinam,Mayiladuthurai(Uzhavar Sandhai ),Onion,Bellary,Local,3000,3500,3500,28-Jan-25
18988,Chengalpattu,Medavakkam(Uzhavar Sandhai ),Onion,Bellary,Local,4200,4600,4600,07-Jan-25
18989,Medinipur(W),Medinipur(West),Onion,Onion,FAQ,2400,2800,2600,05-Jan-25
18990,Medinipur(W),Medinipur(West),Onion,Onion,FAQ,2400,2800,2600,18-Jan-25
18991,Medinipur(W),Medinipur(West),Onion,Onion,FAQ,2400,2800,2600,21-Jan-25
18992,Meerut,Meerut,Onion,Red,FAQ,2300,2460,2380,16-Jan-25
18993,Sitapur,Mehmoodabad,Onion,Red,FAQ,2410,2455,2430,11-Jan-25
18994,Sitapur,Mehmoodabad,Onion,Red,FAQ,2515,2565,2540,07-Jan-25
18995,Ranga Reddy,Mehndipatnam(Rythu Bazar),Onion,1st Sort,FAQ,4000,4000,4000,08-Jan-25
18996,Coochbehar,Mekhliganj,Onion,Other,FAQ,2600,3000,2800,09-Jan-25
18997,Sepahijala,Melaghar,Onion,Red,FAQ,3300,3500,3400,01-Jan-25
18998,Sepahijala,Melaghar,Onion,Red,FAQ,3900,4100,4000,14-Jan-25
18999,Sepahijala,Melaghar,Onion,Small,FAQ,3500,3700,3600,01-Feb-25
19000,Thirunelveli,Melapalayam(Uzhavar Sandhai ),Onion,Bellary,Local,3800,4000,4000,13-Jan-25
19001,Madurai,Melur(Uzhavar Sandhai ),Onion,Bellary,Local,4500,5200,5200,18-Jan-25
19002,Madurai,Melur(Uzhavar Sandhai ),Onion,Bellary,Local,4500,5200,5200,21-Jan-25
19003,Madurai,Melur(Uzhavar Sandhai ),Onion,Bellary,Local,4800,5200,5200,09-Jan-25
19004,Madurai,Melur(Uzhavar Sandhai ),Onion,Bellary,Local,5000,5400,5400,02-Jan-25
19005,Coimbatore,Mettupalayam(Uzhavar Sandhai ),Onion,Bellary,Local,4000,4600,4600,04-Jan-25
19006,Coimbatore,Mettupalayam(Uzhavar Sandhai ),Onion,Bellary,Local,4400,4800,4800,23-Jan-25
19007,Indore,Mhow(F&V),Onion,Onion,FAQ,1100,1700,1425,17-Jan-25
19008,Indore,Mhow(F&V),Onion,Onion,FAQ,1100,2000,1500,10-Jan-25
19009,Indore,Mhow(F&V),Onion,Onion,FAQ,1100,2500,1500,11-Jan-25
19010,Indore,Mhow(F&V),Onion,Onion,FAQ,1300,1650,1500,20-Jan-25
19011,Rampur,Milak,Onion,Red,FAQ,2235,2320,2280,17-Jan-25
19012,Mirzapur,Mirzapur,Onion,Red,FAQ,2050,2145,2100,30-Jan-25
19013,Farukhabad,Mohamadabad,Onion,Red,FAQ,2250,2450,2350,16-Jan-25
19014,Farukhabad,Mohamadabad,Onion,Red,FAQ,2280,2480,2380,13-Jan-25
19015,Farukhabad,Mohamadabad,Onion,Red,FAQ,2420,2620,2520,03-Jan-25
19016,Khiri (Lakhimpur),Mohammdi,Onion,Red,FAQ,2400,2500,2455,17-Jan-25
19017,Khiri (Lakhimpur),Mohammdi,Onion,Red,FAQ,2680,2770,2730,14-Jan-25
19018,Namakkal,Mohanur(Uzhavar Sandhai ),Onion,Bellary,Local,3200,4000,4000,14-Jan-25
19019,Namakkal,Mohanur(Uzhavar Sandhai ),Onion,Bellary,Local,3600,5000,5000,27-Jan-25
19020,Namakkal,Mohanur(Uzhavar Sandhai ),Onion,Bellary,Local,4200,5000,5000,28-Jan-25
19021,North Tripura,Panisagar,Onion,Nasik,FAQ,3400,3500,3450,25-Jan-25
19022,North Tripura,Panisagar,Onion,Nasik,FAQ,3700,3800,3750,22-Jan-25
19023,North Tripura,Panisagar,Onion,Nasik,FAQ,3900,4000,3950,16-Jan-25
19024,Cuddalore,Panruti(Uzhavar Sandhai ),Onion,Bellary,Local,3500,5000,5000,31-Jan-25
19025,Sirmore,Paonta Sahib,Onion,Other,FAQ,2000,2500,2500,21-Jan-25
19026,Sirmore,Paonta Sahib,Onion,Other,FAQ,2400,2600,2500,30-Jan-25
19027,Thanjavur,Papanasam(Uzhavar Sandhai ),Onion,Bellary,Local,3600,4800,4800,01-Feb-25
19028,Thanjavur,Papanasam(Uzhavar Sandhai ),Onion,Bellary,Local,3600,4800,4800,03-Jan-25
19029,Dharashiv(Usmanabad),Paranda,Onion,Red,FAQ,700,2100,1800,12-Jan-25
19030,Malappuram,Parappanangadi,Onion,Other,FAQ,3500,3600,3600,27-Jan-25
19031,Malappuram,Parappanangadi,Onion,Other,FAQ,3650,3650,3650,09-Jan-25
19032,Malappuram,Parappanangadi,Onion,Small,FAQ,6000,6100,6100,03-Jan-25
19033,Malappuram,Parappanangadi,Onion,Small,FAQ,7500,7600,7600,06-Jan-25
19034,Malappuram,Parappanangadi,Onion,Small,FAQ,8000,8100,8100,07-Jan-25
19035,Malappuram,Parappanangadi,Onion,Small,FAQ,9800,9900,9900,18-Jan-25
19036,Maharajganj,Partaval,Onion,Red,FAQ,2275,2430,2355,08-Jan-25
19037,Gurgaon,Pataudi,Onion,Other,FAQ,2000,2300,2100,17-Jan-25
19038,Gurgaon,Pataudi,Onion,Other,FAQ,2000,2300,2200,21-Jan-25
19039,Gurgaon,Pataudi,Onion,Other,FAQ,2300,2500,2400,22-Jan-25
19040,Gurgaon,Pataudi,Onion,Other,FAQ,2400,2600,2500,01-Jan-25
19041,Patiala,Patran,Onion,Other,FAQ,900,2000,1670,29-Jan-25
19042,Patiala,Patran,Onion,Other,FAQ,1000,2200,1980,06-Jan-25
19043,Patiala,Patran,Onion,Other,FAQ,1600,2000,1670,28-Jan-25
19044,Palakad,Pattambi,Onion,Big,FAQ,3400,3800,3600,14-Jan-25
19045,Palakad,Pattambi,Onion,Small,FAQ,8000,8500,8200,14-Jan-25
19046,Tarntaran,Patti,Onion,Other,FAQ,1800,2200,2000,30-Jan-25
19047,Thanjavur,Pattukottai(Uzhavar Sandhai ),Onion,Bellary,Local,4000,5000,5000,20-Jan-25
19048,Shravasti,Payagpur,Onion,Red,FAQ,1800,2200,1900,08-Jan-25
19049,Shravasti,Payagpur,Onion,Red,FAQ,1900,2500,2200,06-Jan-25
19050,Shravasti,Payagpur,Onion,Red,FAQ,3000,3500,3200,29-Jan-25
19051,Dharmapuri,Pennagaram(Uzhavar Sandhai ),Onion,Bellary,Local,4000,4800,4800,29-Jan-25
19052,Dharmapuri,Pennagaram(Uzhavar Sandhai ),Onion,Bellary,Local,5000,5500,5500,12-Jan-25
19053,Perambalur,Perambalur(Uzhavar Sandhai ),Onion,Bellary,Local,5400,5400,5400,22-Jan-25
19054,Perambalur,Perambalur(Uzhavar Sandhai ),Onion,Bellary,Local,5400,5400,5400,25-Jan-25
19055,Perambalur,Perambalur(Uzhavar Sandhai ),Onion,Bellary,Local,5400,6200,6200,21-Jan-25
19056,Kozhikode(Calicut),Perambra,Onion,Other,FAQ,3400,3600,3500,01-Feb-25
19057,Malappuram,Perinthalmanna,Onion,Onion,FAQ,2800,3800,3200,14-Jan-25
19058,Theni,Periyakulam(Uzhavar Sandhai ),Onion,Bellary,Local,4000,4000,4000,15-Jan-25
19059,Theni,Periyakulam(Uzhavar Sandhai ),Onion,Bellary,Local,4000,4500,4500,04-Jan-25
19060,Theni,Periyakulam(Uzhavar Sandhai ),Onion,Bellary,Local,4000,4800,4800,06-Jan-25
19061,Theni,Periyakulam(Uzhavar Sandhai ),Onion,Bellary,Local,4200,4600,4600,23-Jan-25
19062,Theni,Periyakulam(Uzhavar Sandhai ),Onion,Bellary,Local,4200,4600,4600,25-Jan-25
19063,Ernakulam,Perumbavoor,Onion,Onion,FAQ,3000,4000,3500,18-Jan-25
19064,Erode,Perundurai(Uzhavar Sandhai ),Onion,Bellary,Local,4500,5100,5100,01-Jan-25
19065,Erode,Perundurai(Uzhavar Sandhai ),Onion,Bellary,Local,7500,8000,8000,12-Jan-25
19066,kapurthala,Phagwara,Onion,Other,FAQ,1500,2500,2300,01-Jan-25
19067,kapurthala,Phagwara,Onion,Other,FAQ,2100,3000,2100,13-Jan-25
19068,Jalandhar,Phillaur(Apra Mandi),Onion,Other,FAQ,2500,2500,2500,05-Jan-25
19069,Jalandhar,Phillaur(Apra Mandi),Onion,Other,FAQ,2500,2500,2500,21-Jan-25
19070,Pillibhit,Pilibhit,Onion,Red,FAQ,2300,2400,2350,02-Jan-25
19071,Namakkal,Mohanur(Uzhavar Sandhai ),Onion,Bellary,Local,4500,5000,5000,21-Jan-25
19072,Namakkal,Mohanur(Uzhavar Sandhai ),Onion,Bellary,Local,4800,5500,5500,07-Jan-25
19073,Morbi,Morbi,Onion,Onion,FAQ,500,2200,1350,13-Jan-25
19074,Morbi,Morbi,Onion,Onion,FAQ,500,2200,1350,28-Jan-25
19075,Morena,Morena,Onion,Onion,FAQ,1200,1200,1200,10-Jan-25
19076,Ropar (Rupnagar),Morinda,Onion,Onion,FAQ,2500,2500,2500,15-Jan-25
19077,Jhansi,Moth,Onion,Red,FAQ,2080,2200,2150,18-Jan-25
19078,Jalpaiguri,Moynaguri,Onion,Nasik,FAQ,2900,3000,3000,08-Jan-25
19079,Jaunpur,Mugrabaadshahpur,Onion,Red,FAQ,2110,2310,2210,24-Jan-25
19080,Jaunpur,Mugrabaadshahpur,Onion,Red,FAQ,2440,2640,2540,13-Jan-25
19081,Jaunpur,Mugrabaadshahpur,Onion,Red,FAQ,2460,2660,2560,06-Jan-25
19082,Jaunpur,Mugrabaadshahpur,Onion,Red,FAQ,2485,2685,2585,08-Jan-25
19083,Hoshiarpur,Mukerian(Talwara),Onion,Onion,FAQ,2400,2800,2600,21-Jan-25
19084,Hoshiarpur,Mukerian(Talwara),Onion,Onion,FAQ,2400,2800,2600,24-Jan-25
19085,Hoshiarpur,Mukerian(Talwara),Onion,Onion,FAQ,2400,3000,2700,23-Jan-25
19086,Idukki,Munnar,Onion,Small,FAQ,5000,6500,6000,09-Jan-25
19087,Sambhal,Muradabad,Onion,Red,FAQ,2100,2200,2150,01-Feb-25
19088,Sambhal,Muradabad,Onion,Red,FAQ,2120,2200,2160,24-Jan-25
19089,Sambhal,Muradabad,Onion,Red,FAQ,2140,2240,2190,23-Jan-25
19090,Sambhal,Muradabad,Onion,Red,FAQ,2240,2340,2280,09-Jan-25
19091,Madhepura,Murliganj,Onion,White,FAQ,2800,3100,3000,28-Jan-25
19092,Thiruchirappalli,Musiri(Uzhavar Sandhai ),Onion,Bellary,Local,3500,5000,5000,01-Feb-25
19093,Thiruchirappalli,Musiri(Uzhavar Sandhai ),Onion,Bellary,Local,4000,5600,5600,06-Jan-25
19094,Thiruchirappalli,Musiri(Uzhavar Sandhai ),Onion,Bellary,Local,4500,5000,5000,28-Jan-25
19095,Hamirpur,Muskara,Onion,Red,FAQ,2220,2420,2320,22-Jan-25
19096,Thiruvarur,Muthupettai(Uzhavar Sandhai ),Onion,Bellary,Local,5000,5000,5000,06-Jan-25
19097,Thiruvarur,Muthupettai(Uzhavar Sandhai ),Onion,Bellary,Local,5000,5000,5000,25-Jan-25
19098,Nagercoil (Kannyiakumari),Myladi(Uzhavar Sandhai ),Onion,Bellary,Local,4500,5000,5000,01-Feb-25
19099,Nagercoil (Kannyiakumari),Myladi(Uzhavar Sandhai ),Onion,Bellary,Local,4500,5000,5000,29-Jan-25
19100,Nadia,Nadia,Onion,Other,FAQ,2400,2550,2450,16-Jan-25
19101,Nadia,Nadia,Onion,Other,FAQ,2500,2750,2600,09-Jan-25
19102,Nadia,Nadia,Onion,Other,FAQ,2700,2850,2750,30-Jan-25
19103,Kheda,Nadiyad(Piplag),Onion,Onion,Non-FAQ,900,1300,1200,31-Jan-25
19104,Kheda,Nadiyad(Piplag),Onion,Onion,Non-FAQ,1300,1500,1400,28-Jan-25
19105,Bijnor,Nagina,Onion,Red,FAQ,1000,1800,1500,15-Jan-25
19106,Bijnor,Najibabad,Onion,Red,FAQ,800,1200,1000,25-Jan-25
19107,Bijnor,Najibabad,Onion,Red,FAQ,1400,1800,1600,06-Jan-25
19108,Namakkal,Namakkal(Uzhavar Sandhai ),Onion,Bellary,Local,4000,4400,4400,12-Jan-25
19109,Nashik,Nampur,Onion,Red,FAQ,300,2455,1800,17-Jan-25
19110,Nashik,Nampur,Onion,Red,FAQ,500,2695,2000,03-Jan-25
19111,Nashik,Nandgaon,Onion,Red,FAQ,200,2502,1750,22-Jan-25
19112,Chengalpattu,Nanganallur(Uzhavar Sandhai ),Onion,Bellary,Local,2500,3000,3000,01-Feb-25
19113,Chengalpattu,Nanganallur(Uzhavar Sandhai ),Onion,Bellary,Local,3500,4000,4000,23-Jan-25
19114,Chengalpattu,Nanganallur(Uzhavar Sandhai ),Onion,Bellary,Local,3500,4500,4500,15-Jan-25
19115,Chengalpattu,Nanganallur(Uzhavar Sandhai ),Onion,Bellary,Local,4500,5000,5000,06-Jan-25
19116,Ambala,Naraingarh,Onion,Onion,FAQ,1800,2500,2300,02-Jan-25
19117,Ambala,Naraingarh,Onion,Onion,FAQ,2000,2200,2100,17-Jan-25
19118,Thiruvellore,Naravarikuppam(Uzhavar Sandhai ),Onion,Bellary,Local,4500,4500,4500,05-Jan-25
19119,Mahendragarh-Narnaul,Narnaul,Onion,Other,FAQ,1300,2500,2500,04-Jan-25
19120,Mahendragarh-Narnaul,Narnaul,Onion,Other,FAQ,1500,2000,2000,11-Jan-25
19121,Kallakuruchi,Kallakurichi(Uzhavar Sandhai ),Onion,Bellary,Local,4000,5000,5000,26-Jan-25
19122,Kallakuruchi,Kallakurichi(Uzhavar Sandhai ),Onion,Bellary,Local,4000,5000,5000,31-Jan-25
19123,Purba Bardhaman,Kalna,Onion,Other,FAQ,2500,2700,2600,17-Jan-25
19124,Purba Bardhaman,Kalna,Onion,Other,FAQ,2800,3100,3000,07-Jan-25
19125,Nashik,Kalvan,Onion,Red,FAQ,800,2295,1850,13-Jan-25
19126,Nashik,Kalvan,Onion,Red,FAQ,1000,2600,2150,09-Jan-25
19127,Thane,Kalyan,Onion,1st Sort,FAQ,2800,3000,2900,13-Jan-25
19128,Thane,Kalyan,Onion,1st Sort,Local,2300,2500,2400,26-Jan-25
19129,Thane,Kalyan,Onion,1st Sort,Local,2300,2500,2400,30-Jan-25
19130,Thane,Kalyan,Onion,2nd Sort,FAQ,2000,2200,2100,01-Jan-25
19131,Thane,Kalyan,Onion,2nd Sort,FAQ,2200,2400,2300,23-Jan-25
19132,Nadia,Kalyani,Onion,Onion,FAQ,2800,3000,2900,22-Jan-25
19133,Nadia,Kalyani,Onion,Onion,FAQ,3000,3200,3100,04-Jan-25
19134,Nadia,Kalyani,Onion,Onion,FAQ,3100,3300,3200,14-Jan-25
19135,Nadia,Kalyani,Onion,Onion,FAQ,3100,3300,3200,15-Jan-25
19136,Dhenkanal,Kamakhyanagar,Onion,Onion,FAQ,3000,4000,3500,14-Jan-25
19137,Theni,Kambam(Uzhavar Sandhai ),Onion,Bellary,Local,4400,4400,4400,21-Jan-25
19138,Farukhabad,Kamlaganj,Onion,Red,FAQ,1000,1100,1050,17-Jan-25
19139,Nagpur,Kamthi,Onion,Local,FAQ,1500,2500,2000,12-Jan-25
19140,Nagpur,Kamthi,Onion,Local,FAQ,2000,3000,2500,05-Jan-25
19141,Nagpur,Kamthi,Onion,Local,FAQ,2000,3000,2500,07-Jan-25
19142,Kancheepuram,Kancheepuram(Uzhavar Sandhai ),Onion,Bellary,Local,4000,5000,5000,09-Jan-25
19143,Thirunelveli,Kandiyaperi(Uzhavar Sandhai ),Onion,Bellary,Local,2000,4000,4000,28-Jan-25
19144,Thirunelveli,Kandiyaperi(Uzhavar Sandhai ),Onion,Bellary,Local,3500,4000,4000,26-Jan-25
19145,Thirupur,Kangayam(Uzhavar Sandhai ),Onion,Bellary,Local,4500,5000,5000,13-Jan-25
19146,Kangra,Kangra,Onion,Other,FAQ,3000,3300,3200,23-Jan-25
19147,Kangra,Kangra,Onion,Other,FAQ,3000,3300,3200,24-Jan-25
19148,Kangra,Kangra,Onion,Other,FAQ,3200,3300,3300,28-Jan-25
19149,Kangra,Kangra(Baijnath),Onion,Onion,FAQ,3200,3400,3300,06-Jan-25
19150,Kangra,Kangra(Jaisinghpur),Onion,1st Sort,FAQ,3000,3400,3200,10-Jan-25
19151,Kangra,Kangra(Jaisinghpur),Onion,1st Sort,FAQ,3400,3600,3500,07-Jan-25
19152,Kangra,Kangra(Jassour),Onion,Other,FAQ,2500,2800,2700,24-Jan-25
19153,Kangra,Kangra(Jassour),Onion,Other,FAQ,2500,3000,2700,13-Jan-25
19154,Kangra,Kangra(Nagrota Bagwan),Onion,Other,FAQ,3000,3200,3100,20-Jan-25
19155,Kottayam,Kanjirappally,Onion,Big,FAQ,4000,4500,4200,20-Jan-25
19156,Kannuj,Kannauj,Onion,Red,FAQ,2250,2350,2300,09-Jan-25
19157,Kannur,Kannur,Onion,Other,FAQ,3400,3600,3500,15-Jan-25
19158,Kannur,Kannur,Onion,Other,FAQ,3600,3800,3700,30-Jan-25
19159,Kannur,Kannur,Onion,Other,FAQ,4100,4300,4200,21-Jan-25
19160,Kanpur,Kanpur(Grain),Onion,Red,FAQ,2210,2410,2310,23-Jan-25
19161,Kanpur,Kanpur(Grain),Onion,Red,FAQ,2300,2500,2400,08-Jan-25
19162,Kheda,Kapadvanj,Onion,Other,FAQ,1300,2500,1900,29-Jan-25
19163,Kheda,Kapadvanj,Onion,Other,FAQ,1500,2400,1950,16-Jan-25
19164,Kheda,Kapadvanj,Onion,Other,FAQ,2000,2500,2200,09-Jan-25
19165,Sivaganga,Karaikudi(Uzhavar Sandhai ),Onion,Bellary,Local,4000,5000,5000,17-Jan-25
19166,Pudukkottai,Karambakkudi(Uzhavar Sandhai ),Onion,Bellary,Local,4000,5000,5000,05-Jan-25
19167,Pudukkottai,Karambakkudi(Uzhavar Sandhai ),Onion,Bellary,Local,4500,5000,5000,01-Jan-25
19168,Virudhunagar,Kariyapatti(Uzhavar Sandhai ),Onion,Bellary,Local,2500,3000,3000,12-Jan-25
19169,Virudhunagar,Kariyapatti(Uzhavar Sandhai ),Onion,Bellary,Local,3500,4000,4000,24-Jan-25
19170,Virudhunagar,Kariyapatti(Uzhavar Sandhai ),Onion,Bellary,Local,4000,4500,4500,25-Jan-25
19171,Virudhunagar,Kariyapatti(Uzhavar Sandhai ),Onion,Bellary,Local,4500,5000,5000,01-Jan-25
19172,Ahmednagar,Karjat,Onion,Local,FAQ,300,2500,1500,16-Jan-25
19173,Ahmednagar,Karjat,Onion,Local,FAQ,500,2500,1500,11-Jan-25
19174,Ahmednagar,Karjat,Onion,Local,FAQ,500,2800,1500,04-Jan-25
19175,Ahmednagar,Karjat,Onion,Local,FAQ,1000,3000,1500,23-Jan-25
19176,Darjeeling,Karsiyang(Matigara),Onion,Other,FAQ,3200,3500,3300,25-Jan-25
19177,Karur,Karur(Uzhavar Sandhai ),Onion,Bellary,Local,4500,5000,5000,14-Jan-25
19178,Karur,Karur(Uzhavar Sandhai ),Onion,Bellary,Local,4500,5000,5000,15-Jan-25
19179,Karur,Karur(Uzhavar Sandhai ),Onion,Bellary,Local,4500,5000,5000,30-Jan-25
19180,Chitrakut,Karvi,Onion,Red,FAQ,2335,2545,2435,08-Jan-25
19181,UdhamSinghNagar,Kashipur,Onion,Other,FAQ,1600,2000,1800,24-Jan-25
19182,Puruliya,Kasipur,Onion,Other,FAQ,2800,3000,2900,31-Jan-25
19183,Idukki,Kattappana,Onion,Big,FAQ,4000,4500,4500,31-Jan-25
19184,Purba Bardhaman,Katwa,Onion,Other,FAQ,2400,2600,2500,14-Jan-25
19185,Purba Bardhaman,Katwa,Onion,Other,FAQ,2400,2600,2500,16-Jan-25
19186,Purba Bardhaman,Katwa,Onion,Other,FAQ,2400,2600,2500,22-Jan-25
19187,Purba Bardhaman,Katwa,Onion,Other,FAQ,2400,2600,2500,27-Jan-25
19188,Krishnagiri,Kaveripattinam(Uzhavar Sandhai ),Onion,Bellary,Local,4000,5000,5000,20-Jan-25
19189,Farukhabad,Kayamganj,Onion,Red,FAQ,2250,2350,2300,21-Jan-25
19190,Farukhabad,Kayamganj,Onion,Red,FAQ,2300,2400,2350,09-Jan-25
19191,Alappuzha,Kayamkulam,Onion,Big,FAQ,2900,3100,3000,10-Jan-25
19192,Alappuzha,Kayamkulam,Onion,Big,FAQ,2900,3100,3000,11-Jan-25
19193,Alappuzha,Kayamkulam,Onion,Big,FAQ,3000,3200,3100,08-Jan-25
19194,Alappuzha,Kayamkulam,Onion,Big,FAQ,3100,3300,3200,21-Jan-25
19195,Alappuzha,Kayamkulam,Onion,Big,FAQ,3200,3400,3300,06-Jan-25
19196,Alappuzha,Kayamkulam,Onion,Big,FAQ,3400,3600,3500,24-Jan-25
19197,Alappuzha,Kayamkulam,Onion,Small,FAQ,5400,5600,5500,29-Jan-25
19198,Alappuzha,Kayamkulam,Onion,Small,FAQ,8800,9000,8900,20-Jan-25
19199,Alappuzha,Kayamkulam,Onion,Small,FAQ,10400,10600,10500,23-Jan-25
19200,Thiruvannamalai,Keelpennathur(Uzhavar Sandhai ),Onion,Bellary,Local,3500,4500,4500,05-Jan-25
19201,Keonjhar,Keonjhar,Onion,Other,FAQ,3500,4000,3500,01-Jan-25
19202,Keonjhar,Keonjhar,Onion,Other,Non-FAQ,2500,3000,3000,30-Jan-25
19203,Delhi,Keshopur,Onion,Onion,FAQ,1600,2500,2200,10-Jan-25
19204,Delhi,Keshopur,Onion,Onion,FAQ,2000,2500,2200,14-Jan-25
19205,Kalahandi,Kesinga,Onion,Other,FAQ,6500,7000,6800,29-Jan-25
19206,Aligarh,Khair,Onion,Red,Non-FAQ,1800,2400,2000,27-Jan-25
19207,Fatehgarh,Khamano,Onion,Onion,FAQ,3000,3000,3000,25-Jan-25
19208,Anand,Khambhat(Veg Yard Khambhat),Onion,Other,FAQ,2500,3200,2850,07-Jan-25
19209,Khandwa,Khandwa,Onion,Local,FAQ,600,1500,600,26-Jan-25
19210,Khandwa,Khandwa,Onion,Local,FAQ,1400,1400,1400,03-Jan-25
19211,Mohali,Kharar,Onion,Other,FAQ,2600,3000,2700,12-Jan-25
19212,Nuapada,Khariar,Onion,Dry F.A.Q.,FAQ,2500,3000,2500,01-Jan-25
19213,Nuapada,Khariar,Onion,Dry F.A.Q.,FAQ,3500,4000,3500,13-Jan-25
19214,Nuapada,Khariar Road,Onion,Other,FAQ,3000,3500,3500,13-Jan-25
19215,UdhamSinghNagar,Khateema,Onion,Other,FAQ,2000,2200,2100,13-Jan-25
19216,Pune,Khed(Chakan),Onion,Other,FAQ,1500,2200,1700,12-Jan-25
19217,Rohtas,Kochas (Balthari),Onion,Medium,FAQ,2200,2400,2300,09-Jan-25
19218,Rohtas,Kochas (Balthari),Onion,Medium,FAQ,2200,2400,2300,26-Jan-25
19219,Rohtas,Kochas (Balthari),Onion,Medium,FAQ,2200,2400,2300,31-Jan-25
19220,Thirssur,Kodungalloor,Onion,Other,FAQ,3900,4200,4000,03-Jan-25
19221,Palakad,Koduvayoor,Onion,Big,FAQ,3200,3600,3400,08-Jan-25
19222,Palakad,Koduvayoor,Onion,Small,FAQ,8500,8900,8700,06-Jan-25
19223,Shivpuri,Kolaras(F&V),Onion,Onion,FAQ,1500,2000,1800,04-Jan-25
19224,Nashik,Pimpalgaon Baswant(Saykheda),Onion,Red,FAQ,700,1900,1600,11-Jan-25
19225,Nashik,Pimpalgaon Baswant(Saykheda),Onion,Red,FAQ,700,2101,1700,10-Jan-25
19226,Coimbatore,Pollachi(Uzhavar Sandhai ),Onion,Bellary,Local,4000,4400,4400,23-Jan-25
19227,Coimbatore,Pollachi(Uzhavar Sandhai ),Onion,Bellary,Local,4000,4400,4400,25-Jan-25
19228,Coimbatore,Pollachi(Uzhavar Sandhai ),Onion,Bellary,Local,4000,4800,4800,12-Jan-25
19229,Thiruvannamalai,Polur(Uzhavar Sandhai ),Onion,Bellary,Local,3300,4000,4000,04-Jan-25
19230,Thiruvannamalai,Polur(Uzhavar Sandhai ),Onion,Bellary,Local,3300,4000,4000,19-Jan-25
19231,Porbandar,Porbandar,Onion,Other,FAQ,1250,1500,1375,13-Jan-25
19232,Porbandar,Porbandar,Onion,Other,FAQ,1500,2000,1750,07-Jan-25
19233,Porbandar,Porbandar,Onion,Other,FAQ,1500,2000,1750,09-Jan-25
19234,Porbandar,Porbandar,Onion,Other,FAQ,1500,2000,1750,31-Jan-25
19235,Morena,Porsa,Onion,Local,FAQ,800,800,800,04-Jan-25
19236,Thiruvananthapuram,Pothencode,Onion,Other,FAQ,52000,52080,52040,18-Jan-25
19237,Thiruvananthapuram,Pothencode,Onion,Other,FAQ,55250,55300,55280,11-Jan-25
19238,Pratapgarh,Pratapgarh,Onion,Other,FAQ,600,2140,1370,10-Jan-25
19239,Pratapgarh,Pratapgarh,Onion,Other,FAQ,800,2590,1695,07-Jan-25
19240,Pratapgarh,Pratapgarh,Onion,Red,FAQ,2100,2250,2130,12-Jan-25
19241,Pratapgarh,Pratapgarh,Onion,Red,FAQ,2100,2250,2150,13-Jan-25
19242,Pudukkottai,Pudukottai(Uzhavar Sandhai ),Onion,Bellary,Local,5000,6000,6000,15-Jan-25
19243,Pudukkottai,Pudukottai(Uzhavar Sandhai ),Onion,Bellary,Local,5000,6000,6000,22-Jan-25
19244,Kanpur Dehat,Pukharayan,Onion,Red,FAQ,2100,2125,2110,31-Jan-25
19245,Kanpur Dehat,Pukharayan,Onion,Red,FAQ,2490,2515,2500,07-Jan-25
19246,Kaithal,Pundri,Onion,Other,FAQ,2300,2400,2350,15-Jan-25
19247,Kaithal,Pundri,Onion,Other,Non-FAQ,1500,1600,1550,26-Jan-25
19248,Pune,Pune,Onion,Local,FAQ,1400,2600,2000,15-Jan-25
19249,Pune,Pune,Onion,Local,FAQ,1500,3200,2350,06-Jan-25
19250,Pune,Pune,Onion,Local,FAQ,1500,3200,2350,23-Jan-25
19251,Pune,Pune(Khadiki),Onion,Local,Local,1600,2400,2000,29-Jan-25
19252,Pune,Pune(Moshi),Onion,Local,FAQ,1000,2000,1500,13-Jan-25
19253,Pune,Pune(Moshi),Onion,Local,Local,800,2000,1400,01-Feb-25
19254,Mewat,Punhana,Onion,Other,FAQ,1500,1500,1500,10-Jan-25
19255,Mewat,Punhana,Onion,Other,FAQ,1500,1500,1500,31-Jan-25
19256,Pillibhit,Puranpur,Onion,Red,FAQ,2200,2280,2240,24-Jan-25
19257,Pillibhit,Puranpur,Onion,Red,FAQ,2280,2360,2320,03-Jan-25
19258,Pillibhit,Puranpur,Onion,Red,Non-FAQ,2180,2280,2230,21-Jan-25
19259,Pillibhit,Puranpur,Onion,Red,Non-FAQ,2210,2290,2250,28-Jan-25
19260,Puruliya,Purulia,Onion,Other,FAQ,2500,3300,2800,11-Jan-25
19261,Shahjahanpur,Puwaha,Onion,Red,FAQ,2150,2350,2250,06-Jan-25
19262,Shahjahanpur,Puwaha,Onion,Red,FAQ,2150,2350,2250,23-Jan-25
19263,Shahjahanpur,Puwaha,Onion,Red,FAQ,2150,2350,2350,25-Jan-25
19264,Kozhikode(Calicut),Quilandy,Onion,Other,FAQ,4700,4800,4800,20-Jan-25
19265,Yamuna Nagar,Radaur,Onion,Other,FAQ,2000,2500,2200,08-Jan-25
19266,Yamuna Nagar,Radaur,Onion,Other,FAQ,2100,2500,2200,31-Jan-25
19267,Ahmednagar,Rahuri,Onion,Other,FAQ,200,3100,1650,19-Jan-25
19268,Ahmednagar,Rahuri,Onion,Other,FAQ,200,3325,1750,24-Jan-25
19269,Ahmednagar,Rahuri(Vambori),Onion,Other,Local,200,2600,1800,01-Feb-25
19270,Raebarelli,Raibareilly,Onion,Red,FAQ,2250,2300,2275,30-Jan-25
19271,Raebarelli,Raibareilly,Onion,Red,FAQ,2350,2400,2375,18-Jan-25
19272,Raigarh,Raigarh,Onion,Local,Local,2000,2600,2300,08-Jan-25
19273,Raigarh,Raigarh,Onion,Local,Local,2200,2600,2400,18-Jan-25
19274,Raigarh,Raigarh,Onion,Local,Local,2400,3200,2800,05-Jan-25
19275,Mahendragarh-Narnaul,Narnaul,Onion,Other,FAQ,1600,2500,2000,22-Jan-25
19276,Mahendragarh-Narnaul,Narnaul,Onion,Other,FAQ,2000,2500,2500,16-Jan-25
19277,Rajgarh,Narsinghgarh,Onion,Onion,Non-FAQ,270,4000,1780,30-Jan-25
19278,Rajgarh,Narsinghgarh,Onion,Onion,Non-FAQ,390,1720,1720,22-Jan-25
19279,Jammu,Narwal Jammu (F&V),Onion,Other,FAQ,2300,2700,2500,16-Jan-25
19280,Jammu,Narwal Jammu (F&V),Onion,Other,FAQ,2400,2800,2600,14-Jan-25
19281,Jammu,Narwal Jammu (F&V),Onion,Other,FAQ,2700,2900,2800,29-Jan-25
19282,Jind,Narwana,Onion,Other,FAQ,2000,2000,2000,18-Jan-25
19283,Nashik,Nasik,Onion,Pole,FAQ,900,2000,1500,13-Jan-25
19284,Thirupathur,Natrampalli(Uzhavar Sandhai ),Onion,Bellary,Local,5500,6000,6000,02-Jan-25
19285,Thirupathur,Natrampalli(Uzhavar Sandhai ),Onion,Bellary,Local,5500,6000,6000,08-Jan-25
19286,Thirupathur,Natrampalli(Uzhavar Sandhai ),Onion,Bellary,Local,5500,6000,6000,13-Jan-25
19287,Maharajganj,Nautnava,Onion,Red,FAQ,2300,2500,2400,01-Feb-25
19288,Gonda,Nawabganj,Onion,Red,FAQ,2200,2300,2250,24-Jan-25
19289,Gonda,Nawabganj,Onion,Red,FAQ,2250,2350,2300,04-Jan-25
19290,Nawanshahr,Nawan Shahar(Subzi Mandi),Onion,Other,FAQ,2400,2600,2500,28-Jan-25
19291,Nawanshahr,Nawan Shahar(Subzi Mandi),Onion,Other,FAQ,2400,2700,2600,06-Jan-25
19292,Nawanshahr,Nawan Shahar(Subzi Mandi),Onion,Other,FAQ,2500,2700,2600,07-Jan-25
19293,Thiruvarur,Needamangalam(Uzhavar Sandhai ),Onion,Bellary,Local,5400,5400,5400,31-Jan-25
19294,Thiruvarur,Needamangalam(Uzhavar Sandhai ),Onion,Bellary,Local,5600,5600,5600,04-Jan-25
19295,Thiruvarur,Needamangalam(Uzhavar Sandhai ),Onion,Bellary,Local,5600,5600,5600,06-Jan-25
19296,Thiruvarur,Needamangalam(Uzhavar Sandhai ),Onion,Bellary,Local,5800,5800,5800,18-Jan-25
19297,Thiruvarur,Needamangalam(Uzhavar Sandhai ),Onion,Bellary,Local,5800,5800,5800,21-Jan-25
19298,Kasargod,Neeleswaram,Onion,Big,FAQ,3400,3800,3600,18-Jan-25
19299,Kasargod,Neeleswaram,Onion,Big,FAQ,3600,4000,3800,23-Jan-25
19300,Kasargod,Neeleswaram,Onion,Big,FAQ,3800,4200,4000,11-Jan-25
19301,Neemuch,Neemuch,Onion,Onion,FAQ,200,2381,400,02-Jan-25
19302,Neemuch,Neemuch,Onion,Onion,FAQ,402,2271,1200,15-Jan-25
19303,Neemuch,Neemuch,Onion,Onion,FAQ,1900,2171,2171,22-Jan-25
19304,Faridabad,"New Grain Market , Faridabad",Onion,Onion,Non-FAQ,700,1200,950,21-Jan-25
19305,Panchkula,"New Grain Market , Panchkula",Onion,Other,FAQ,2500,3500,3000,08-Jan-25
19306,Karnal,"New Grain Market(main), Karnal",Onion,Other,FAQ,1200,2200,1600,21-Jan-25
19307,Karnal,"New Grain Market(main), Karnal",Onion,Other,FAQ,1400,2500,2000,22-Jan-25
19308,Thirunelveli,NGO Colony(Uzhavar Sandhai ),Onion,Bellary,Local,3000,4000,4000,19-Jan-25
19309,Ghaziabad,Noida,Onion,Red,FAQ,2200,2350,2280,23-Jan-25
19310,Ernakulam,North Paravur,Onion,1st Sort,FAQ,8000,9000,8500,09-Jan-25
19311,Ernakulam,North Paravur,Onion,1st Sort,FAQ,8800,10000,9500,14-Jan-25
19312,Ernakulam,North Paravur,Onion,1st Sort,FAQ,8800,10000,9500,17-Jan-25
19313,Mewat,Nuh,Onion,Other,Non-FAQ,2000,2000,2000,19-Jan-25
19314,Mewat,Nuh,Onion,Other,Non-FAQ,2000,2000,2000,29-Jan-25
19315,Jalaun (Orai),Orai,Onion,Red,FAQ,1650,2500,2000,23-Jan-25
19316,Jalaun (Orai),Orai,Onion,Red,FAQ,1800,2400,2050,09-Jan-25
19317,Jalaun (Orai),Orai,Onion,Red,FAQ,1900,2400,2120,27-Jan-25
19318,Jalaun (Orai),Orai,Onion,Red,FAQ,2000,2550,2300,13-Jan-25
19319,Unokoti,Pabiacherra,Onion,Nasik,FAQ,3700,3900,3800,05-Jan-25
19320,Unokoti,Pabiacherra,Onion,Nasik,FAQ,3800,4000,3900,04-Jan-25
19321,Kancheepuram,Padappai(Uzhavar Sandhai ),Onion,Bellary,Local,2500,3500,3500,10-Jan-25
19322,Kancheepuram,Padappai(Uzhavar Sandhai ),Onion,Bellary,Local,3500,4000,4000,01-Jan-25
19323,Kancheepuram,Padappai(Uzhavar Sandhai ),Onion,Bellary,Local,4000,5000,5000,31-Jan-25
19324,Kolhapur,Kolhapur,Onion,Other,FAQ,800,3000,2000,10-Jan-25
19325,Kolhapur,Kolhapur,Onion,Other,FAQ,800,3300,1800,23-Jan-25
19326,Palakad,Kollengode,Onion,Big,FAQ,3500,3900,3700,22-Jan-25
19327,Palakad,Kollengode,Onion,Big,FAQ,3500,3900,3700,27-Jan-25
19328,Palakad,Kollengode,Onion,Big,FAQ,4000,4400,4200,11-Jan-25
19329,Jalaun (Orai),Konch,Onion,Red,FAQ,1350,1450,1400,17-Jan-25
19330,Mau(Maunathbhanjan),Kopaganj,Onion,Red,FAQ,2000,2100,2050,09-Jan-25
19331,Mau(Maunathbhanjan),Kopaganj,Onion,Red,FAQ,2000,2500,2200,14-Jan-25
19332,Ahmednagar,Kopargaon,Onion,Red,FAQ,1000,2500,2200,18-Jan-25
19333,Mathura,Kosikalan,Onion,Red,FAQ,2300,2370,2335,20-Jan-25
19334,Mathura,Kosikalan,Onion,Red,FAQ,2345,2390,2375,15-Jan-25
19335,Garhwal (Pauri),Kotadwara,Onion,Other,Non-FAQ,1500,2200,1800,18-Jan-25
19336,Malappuram,Kottakkal,Onion,Other,FAQ,3500,3700,3600,24-Jan-25
19337,Malappuram,Kottakkal,Onion,Other,FAQ,3600,3800,3700,22-Jan-25
19338,Tuticorin,Kovilpatti(Uzhavar Sandhai ),Onion,Bellary,Local,4000,4500,4500,23-Jan-25
19339,Tuticorin,Kovilpatti(Uzhavar Sandhai ),Onion,Bellary,Local,4000,4500,4500,25-Jan-25
19340,Krishnagiri,Krishnagiri(Uzhavar Sandhai ),Onion,Bellary,Local,4000,4500,4500,09-Jan-25
19341,Krishnagiri,Krishnagiri(Uzhavar Sandhai ),Onion,Bellary,Local,4000,4500,4500,31-Jan-25
19342,Ranga Reddy,Kukatpally(Rythu Bazar),Onion,1st Sort,FAQ,3400,3400,3400,27-Jan-25
19343,Karur,Kulithalai(Uzhavar Sandhai ),Onion,Bellary,Local,4000,5000,5000,12-Jan-25
19344,Karur,Kulithalai(Uzhavar Sandhai ),Onion,Bellary,Local,4000,5000,5000,28-Jan-25
19345,Kullu,Kullu,Onion,Other,FAQ,2800,3200,3000,24-Jan-25
19346,Namakkal,Kumarapalayam(Uzhavar Sandhai ),Onion,Bellary,Local,4500,5000,5000,22-Jan-25
19347,Thanjavur,Kumbakonam (Uzhavar Sandhai ),Onion,Bellary,Local,3600,4800,4800,11-Jan-25
19348,Kancheepuram,Kundrathur(Uzhavar Sandhai ),Onion,Bellary,Local,4000,4000,4000,04-Jan-25
19349,Sholapur,Kurdwadi(Modnimb),Onion,Red,FAQ,351,2625,1400,16-Jan-25
19350,Sholapur,Kurdwadi(Modnimb),Onion,Red,FAQ,800,2900,1500,23-Jan-25
19351,Kottayam,Kuruppanthura,Onion,Onion,FAQ,9000,10000,9500,16-Jan-25
19352,Kurukshetra,Ladwa,Onion,Onion,FAQ,2000,2500,2200,26-Jan-25
19353,Lakhimpur,Lakhimpur,Onion,Red,FAQ,2050,2100,2080,30-Jan-25
19354,Lakhimpur,Lakhimpur,Onion,Red,FAQ,2220,2330,2280,22-Jan-25
19355,Lakhimpur,Lakhimpur,Onion,Red,FAQ,2920,3040,3000,09-Jan-25
19356,Lalitpur,Lalitpur,Onion,Red,FAQ,1900,1980,1950,16-Jan-25
19357,Lalitpur,Lalitpur,Onion,Red,FAQ,1900,2000,1960,19-Jan-25
19358,Lalitpur,Lalitpur,Onion,Red,FAQ,1970,2000,1980,21-Jan-25
19359,Mohali,Lalru,Onion,Other,FAQ,3000,3000,3000,21-Jan-25
19360,Mohali,Lalru,Onion,Other,FAQ,3000,3000,3000,24-Jan-25
19361,Mohali,Lalru,Onion,Other,FAQ,3000,3100,3100,28-Jan-25
19362,Imphal East,Lamlong Bazaar,Onion,Other,FAQ,3500,4500,4000,31-Jan-25
19363,Nashik,Lasalgaon,Onion,Red,FAQ,1000,3000,2401,02-Jan-25
19364,Nashik,Lasalgaon,Onion,Red,FAQ,1000,3012,2500,04-Jan-25
19365,Nashik,Lasalgaon(Niphad),Onion,Red,FAQ,1000,2320,1850,13-Jan-25
19366,Nashik,Lasalgaon(Vinchur),Onion,Red,FAQ,1200,2700,2450,20-Jan-25
19367,Nashik,Lasalgaon(Vinchur),Onion,Red,Local,1000,2430,2200,31-Jan-25
19368,Chattrapati Sambhajinagar,Lasur Station,Onion,Other,FAQ,505,2440,1600,09-Jan-25
19369,Chattrapati Sambhajinagar,Lasur Station,Onion,Other,FAQ,560,2155,1475,14-Jan-25
19370,Chattrapati Sambhajinagar,Lasur Station,Onion,Other,Local,600,2480,1650,01-Feb-25
19371,Sholapur,Laxmi Sopan Agriculture Produce Marketing Co Ltd,Onion,Other,FAQ,500,3400,2300,22-Jan-25
19372,Sangrur,Lehra Gaga,Onion,Other,FAQ,1800,2000,1800,31-Jan-25
19373,Sangrur,Lehra Gaga,Onion,Other,FAQ,2400,2700,2400,06-Jan-25
19374,Vadodara(Baroda),Padra,Onion,Other,FAQ,1500,2500,2000,18-Jan-25
19375,Kottayam,Pala,Onion,Big,Non-FAQ,0,10500,9800,30-Jan-25
19376,Kottayam,Pala,Onion,Big,Non-FAQ,9800,11000,10500,25-Jan-25
19377,Dharmapuri,Palacode(Uzhavar Sandhai ),Onion,Bellary,Local,4500,5000,5000,14-Jan-25
19378,Dharmapuri,Palacode(Uzhavar Sandhai ),Onion,Bellary,Local,4500,5000,5000,16-Jan-25
19379,Dharmapuri,Palacode(Uzhavar Sandhai ),Onion,Bellary,Local,4500,5000,5000,17-Jan-25
19380,Palakad,Palakkad,Onion,Big,FAQ,4200,5000,4700,09-Jan-25
19381,Palakad,Palakkad,Onion,Big,FAQ,4200,5000,4700,10-Jan-25
19382,Palakad,Palakkad,Onion,Small,FAQ,6000,7000,6600,30-Jan-25
19383,Kangra,Palampur,Onion,Other,FAQ,3400,3500,3450,07-Jan-25
19384,Madurai,Palanganatham(Uzhavar Sandhai ),Onion,Bellary,Local,4500,5000,5000,13-Jan-25
19385,Madurai,Palanganatham(Uzhavar Sandhai ),Onion,Bellary,Local,4500,5200,5200,05-Jan-25
19386,Madurai,Palanganatham(Uzhavar Sandhai ),Onion,Bellary,Local,4500,5500,5500,22-Jan-25
19387,Dindigul,Palani(Uzhavar Sandhai ),Onion,Bellary,Local,3000,4400,4400,01-Feb-25
19388,Dindigul,Palani(Uzhavar Sandhai ),Onion,Bellary,Local,3000,5000,5000,02-Jan-25
19389,Dindigul,Palani(Uzhavar Sandhai ),Onion,Bellary,Local,3500,4800,4800,28-Jan-25
19390,Dindigul,Palani(Uzhavar Sandhai ),Onion,Bellary,Local,4000,5400,5400,06-Jan-25
19391,Kozhikode(Calicut),Palayam,Onion,Other,FAQ,2900,3000,2900,15-Jan-25
19392,Kozhikode(Calicut),Palayam,Onion,Other,FAQ,3100,3100,3100,10-Jan-25
19393,Kozhikode(Calicut),Palayam,Onion,Other,FAQ,3400,3500,3400,27-Jan-25
19394,Thirunelveli,Palayamkottai(Uzhavar Sandhai ),Onion,Bellary,Local,3000,4000,4000,12-Jan-25
19395,Thirunelveli,Palayamkottai(Uzhavar Sandhai ),Onion,Bellary,Local,3800,4400,4400,23-Jan-25
19396,Lakhimpur,Paliakala,Onion,Red,FAQ,2400,2500,2450,01-Feb-25
19397,Bhavnagar,Palitana,Onion,Red,FAQ,1300,2300,1800,27-Jan-25
19398,Chengalpattu,Pallavaram(Uzhavar Sandhai ),Onion,Bellary,Local,3000,5000,5000,06-Jan-25
19399,Chengalpattu,Pallavaram(Uzhavar Sandhai ),Onion,Bellary,Local,3000,5000,5000,23-Jan-25
19400,Chengalpattu,Pallavaram(Uzhavar Sandhai ),Onion,Bellary,Local,3000,5000,5000,25-Jan-25
19401,Palwal,Palwal,Onion,Onion,FAQ,1400,1800,1600,26-Jan-25
19402,Palwal,Palwal,Onion,Onion,FAQ,1700,2000,1850,24-Jan-25
19403,Hooghly,Pandua,Onion,Nasik,FAQ,2800,3000,2900,01-Jan-25
19404,Hooghly,Pandua,Onion,Nasik,FAQ,2800,3000,2900,07-Jan-25
19405,Hooghly,Pandua,Onion,Nasik,FAQ,2800,3000,2900,31-Jan-25
19406,Panipat,Panipat,Onion,Other,FAQ,1000,1600,1300,22-Jan-25
19407,Panipat,Panipat,Onion,Other,FAQ,1500,2000,1750,07-Jan-25
19408,North Tripura,Panisagar,Onion,Nasik,FAQ,3500,3600,3550,20-Jan-25
19409,North Tripura,Panisagar,Onion,Nasik,FAQ,3600,3700,3650,07-Jan-25
19410,Cuddalore,Panruti(Uzhavar Sandhai ),Onion,Bellary,Local,4000,5000,5000,01-Jan-25
19411,Cuddalore,Panruti(Uzhavar Sandhai ),Onion,Bellary,Local,4000,5000,5000,07-Jan-25
19412,Thanjavur,Papanasam(Uzhavar Sandhai ),Onion,Bellary,Local,3600,4800,4800,08-Jan-25
19413,Thanjavur,Papanasam(Uzhavar Sandhai ),Onion,Bellary,Local,3600,5000,5000,19-Jan-25
19414,Namakkal,Paramathivelur(Uzhavar Sandhai ),Onion,Bellary,Local,4500,5000,5000,20-Jan-25
19415,Namakkal,Paramathivelur(Uzhavar Sandhai ),Onion,Bellary,Local,5200,5800,5800,01-Jan-25
19416,Namakkal,Paramathivelur(Uzhavar Sandhai ),Onion,Bellary,Local,5400,6000,6000,09-Jan-25
19417,Namakkal,Paramathivelur(Uzhavar Sandhai ),Onion,Bellary,Local,5400,6000,6000,10-Jan-25
19418,Namakkal,Paramathivelur(Uzhavar Sandhai ),Onion,Bellary,Local,5400,6000,6000,27-Jan-25
19419,Dharashiv(Usmanabad),Paranda,Onion,Red,Local,500,2300,1900,29-Jan-25
19420,Malappuram,Parappanangadi,Onion,Other,FAQ,3000,3100,3100,16-Jan-25
19421,Malappuram,Parappanangadi,Onion,Other,FAQ,3300,3400,3400,30-Jan-25
19422,Malappuram,Parappanangadi,Onion,Small,FAQ,7000,7100,7100,29-Jan-25
19423,Panchkula,Raipur Rai,Onion,Other,FAQ,2800,3000,2800,01-Jan-25
19424,Virudhunagar,Rajapalayam(Uzhavar Sandhai ),Onion,Bellary,Local,4000,4500,4500,01-Jan-25
19425,Virudhunagar,Rajapalayam(Uzhavar Sandhai ),Onion,Bellary,Local,4000,5000,5000,18-Jan-25
19426,Rajkot,Rajkot(Veg.Sub Yard),Onion,Onion,FAQ,650,2500,1850,02-Jan-25
19427,Rajnandgaon,Rajnandgaon,Onion,Onion,Local,2000,2400,2200,15-Jan-25
19428,Rajouri,Rajouri (F&V),Onion,Other,Non-FAQ,3200,3400,3300,17-Jan-25
19429,Patiala,Rajpura,Onion,Local,FAQ,1800,2500,2200,22-Jan-25
19430,Bhatinda,Raman,Onion,Other,FAQ,2310,2370,2335,16-Jan-25
19431,Bhatinda,Raman,Onion,Other,FAQ,2510,2570,2550,07-Jan-25
19432,Bhatinda,Raman,Onion,Other,FAQ,2520,2560,2530,06-Jan-25
19433,Bangalore,Ramanagara,Onion,Onion,FAQ,3000,4000,3600,15-Jan-25
19434,Ramanathapuram,Ramanathapuram(Uzhavar Sandhai ),Onion,Bellary,Local,4500,5000,5000,09-Jan-25
19435,Howrah,Ramkrishanpur(Howrah),Onion,Other,FAQ,3200,3800,3500,08-Jan-25
19436,Nanital,Ramnagar,Onion,Other,FAQ,2000,2500,2250,25-Jan-25
19437,Nanital,Ramnagar,Onion,Other,FAQ,2600,3000,2800,07-Jan-25
19438,Birbhum,Rampurhat,Onion,Local,FAQ,2350,2450,2400,05-Jan-25
19439,Birbhum,Rampurhat,Onion,Local,FAQ,2950,3050,3000,27-Jan-25
19440,Birbhum,Rampurhat,Onion,Nasik,FAQ,2300,2400,2350,24-Jan-25
19441,Birbhum,Rampurhat,Onion,Nasik,FAQ,2400,2500,2450,23-Jan-25
19442,Nagpur,Ramtek,Onion,Other,FAQ,2200,2800,2400,12-Jan-25
19443,Nagpur,Ramtek,Onion,Other,FAQ,2400,2800,2600,18-Jan-25
19444,Nagpur,Ramtek,Onion,Other,Local,2400,2800,2600,28-Jan-25
19445,Nadia,Ranaghat,Onion,Other,FAQ,3000,3200,3100,24-Jan-25
19446,Nadia,Ranaghat,Onion,Other,FAQ,3500,3650,3600,10-Jan-25
19447,Sirsa,Rania,Onion,Other,FAQ,1300,1500,1400,29-Jan-25
19448,Sirsa,Rania,Onion,Other,FAQ,1400,1600,1500,06-Jan-25
19449,Sirsa,Rania,Onion,Other,FAQ,1500,1700,1600,05-Jan-25
19450,Ranipet,Ranipettai(Uzhavar Sandhai ),Onion,Bellary,Local,4000,4500,4500,24-Jan-25
19451,Ballia,Rasda,Onion,Red,FAQ,2150,2235,2190,01-Jan-25
19452,Namakkal,Rasipuram(Uzhavar Sandhai ),Onion,Bellary,Local,4200,5000,5000,29-Jan-25
19453,Namakkal,Rasipuram(Uzhavar Sandhai ),Onion,Bellary,Local,5000,5500,5500,08-Jan-25
19454,Fatehabad,Ratia,Onion,Other,FAQ,1500,1800,1650,17-Jan-25
19455,Fatehabad,Ratia,Onion,Other,FAQ,1800,2000,1900,23-Jan-25
19456,Ratlam,Ratlam,Onion,Nasik,FAQ,500,1700,1400,09-Jan-25
19457,Ratlam,Ratlam,Onion,Nasik,FAQ,1091,2080,1700,03-Jan-25
19458,Ratlam,Ratlam,Onion,Onion,FAQ,120,2551,400,02-Jan-25
19459,Ratlam,Ratlam,Onion,Onion,FAQ,224,2214,2000,18-Jan-25
19460,Ratlam,Ratlam,Onion,Onion,Non-FAQ,700,2433,1901,28-Jan-25
19461,Hanumangarh,Rawatsar,Onion,1st Sort,FAQ,1900,1900,1900,14-Jan-25
19462,Rayagada,Rayagada,Onion,Other,FAQ,3500,3600,3600,04-Jan-25
19463,Rewari,Rewari,Onion,Medium,FAQ,1000,3000,2000,03-Jan-25
19464,Sonbhadra,Robertsganj,Onion,Red,Non-FAQ,2250,2460,2375,18-Jan-25
19465,Shimla,Rohroo,Onion,1st Sort,FAQ,3000,3500,3000,08-Jan-25
19466,Shimla,Rohroo,Onion,1st Sort,FAQ,3500,4000,3500,31-Jan-25
19467,Rohtak,Rohtak,Onion,Other,FAQ,1000,1500,1200,04-Jan-25
19468,Rohtak,Rohtak,Onion,Other,FAQ,1000,1500,1200,19-Jan-25
19469,Haridwar,Roorkee,Onion,Other,FAQ,2000,4000,3000,02-Jan-25
19470,Haridwar,Roorkee,Onion,Other,FAQ,2000,4000,3000,05-Jan-25
19471,Haridwar,Roorkee,Onion,Other,FAQ,2000,4000,3000,08-Jan-25
19472,Ropar (Rupnagar),Ropar,Onion,Other,FAQ,2000,2400,2200,13-Jan-25
19473,Ropar (Rupnagar),Ropar,Onion,Other,FAQ,2500,3500,3000,07-Jan-25
19474,Ropar (Rupnagar),Ropar,Onion,Other,FAQ,2500,3500,3000,09-Jan-25
19475,Coimbatore,RSPuram(Uzhavar Sandhai ),Onion,Bellary,Local,3400,3800,3800,31-Jan-25
19476,Ahmednagar,Parner,Onion,Red,FAQ,500,3500,2000,22-Jan-25
19477,Maharajganj,Partaval,Onion,Red,FAQ,2140,2300,2215,06-Jan-25
19478,Maharajganj,Partaval,Onion,Red,FAQ,2150,2285,2215,01-Feb-25
19479,Maharajganj,Partaval,Onion,Red,FAQ,2160,2315,2235,17-Jan-25
19480,Maharajganj,Partaval,Onion,Red,FAQ,2170,2330,2250,14-Jan-25
19481,Maharajganj,Partaval,Onion,Red,FAQ,2265,2420,2345,07-Jan-25
19482,Thiruvellore,Paruthipattu(Uzhavar Sandhai ),Onion,Bellary,Local,4000,4000,4000,01-Feb-25
19483,Thiruvellore,Paruthipattu(Uzhavar Sandhai ),Onion,Bellary,Local,5000,5000,5000,18-Jan-25
19484,Thiruvellore,Paruthipattu(Uzhavar Sandhai ),Onion,Bellary,Local,5000,5000,5000,21-Jan-25
19485,Pathankot,Pathankot,Onion,Onion,FAQ,2300,2500,2500,07-Jan-25
19486,Pathankot,Pathankot,Onion,Onion,FAQ,2300,2500,2500,09-Jan-25
19487,Ahmednagar,Pathardi,Onion,Red,FAQ,500,2800,1500,17-Jan-25
19488,Patiala,Patiala,Onion,Onion,FAQ,2000,3000,2500,15-Jan-25
19489,Patiala,Patran,Onion,Other,FAQ,1600,2400,1940,14-Jan-25
19490,Palakad,Pattambi,Onion,Big,FAQ,3400,3800,3600,15-Jan-25
19491,Palakad,Pattambi,Onion,Big,FAQ,3600,4000,3800,27-Jan-25
19492,Palakad,Pattambi,Onion,Big,FAQ,3700,4000,3800,09-Jan-25
19493,Palakad,Pattambi,Onion,Big,FAQ,3700,4000,3800,11-Jan-25
19494,Palakad,Pattambi,Onion,Big,FAQ,4200,4500,4300,20-Jan-25
19495,Palakad,Pattambi,Onion,Small,FAQ,8000,8500,8200,02-Jan-25
19496,Palakad,Pattambi,Onion,Small,FAQ,8000,8500,8200,08-Jan-25
19497,Palakad,Pattambi,Onion,Small,FAQ,8000,9000,8500,20-Jan-25
19498,Tarntaran,Patti,Onion,Other,FAQ,2500,2800,2600,18-Jan-25
19499,Tarntaran,Patti,Onion,Other,FAQ,2800,3500,3000,13-Jan-25
19500,Kurnool,Pattikonda,Onion,Local,Non-FAQ,3500,4000,3800,25-Jan-25
19501,Shravasti,Payagpur,Onion,Red,FAQ,2000,3000,2500,09-Jan-25
19502,Shravasti,Payagpur,Onion,Red,FAQ,2200,2500,2300,01-Jan-25
19503,Kurukshetra,Pehowa,Onion,Other,FAQ,2700,2700,2700,14-Jan-25
19504,Dharmapuri,Pennagaram(Uzhavar Sandhai ),Onion,Bellary,Local,4200,4800,4800,28-Jan-25
19505,Dharmapuri,Pennagaram(Uzhavar Sandhai ),Onion,Bellary,Local,5000,5000,5000,15-Jan-25
19506,Perambalur,Perambalur(Uzhavar Sandhai ),Onion,Bellary,Local,4800,5600,5600,15-Jan-25
19507,Kozhikode(Calicut),Perambra,Onion,Other,FAQ,3800,4200,4000,25-Jan-25
19508,Malappuram,Perinthalmanna,Onion,Onion,FAQ,3000,3800,3600,11-Jan-25
19509,Malappuram,Perinthalmanna,Onion,Onion,FAQ,3400,3800,3600,06-Jan-25
19510,Malappuram,Perinthalmanna,Onion,Onion,FAQ,3400,3800,3600,23-Jan-25
19511,Theni,Periyakulam(Uzhavar Sandhai ),Onion,Bellary,Local,4000,4500,4500,11-Jan-25
19512,Theni,Periyakulam(Uzhavar Sandhai ),Onion,Bellary,Local,4200,4400,4400,21-Jan-25
19513,Ernakulam,Perumbavoor,Onion,Onion,FAQ,3200,4200,3700,02-Jan-25
19514,Ernakulam,Perumbavoor,Onion,Onion,FAQ,3500,4500,4000,23-Jan-25
19515,Erode,Perundurai(Uzhavar Sandhai ),Onion,Bellary,Local,4000,4500,4500,17-Jan-25
19516,Erode,Perundurai(Uzhavar Sandhai ),Onion,Bellary,Local,4000,4500,4500,18-Jan-25
19517,Erode,Perundurai(Uzhavar Sandhai ),Onion,Bellary,Local,4000,4500,4500,21-Jan-25
19518,Erode,Perundurai(Uzhavar Sandhai ),Onion,Bellary,Local,4200,4500,4500,05-Jan-25
19519,Erode,Perundurai(Uzhavar Sandhai ),Onion,Bellary,Local,4300,4500,4500,30-Jan-25
19520,Satara,Phaltan,Onion,Hybrid,Local,900,2851,2100,28-Jan-25
19521,Jalandhar,Phillaur(Apra Mandi),Onion,Other,FAQ,2500,2500,2500,31-Jan-25
19522,Pillibhit,Pilibhit,Onion,Red,FAQ,2200,2300,2250,26-Jan-25
19523,Nashik,Pimpalgaon,Onion,Pole,FAQ,990,3080,2350,02-Jan-25
19524,Nashik,Pimpalgaon,Onion,Pole,FAQ,1000,3122,2300,03-Jan-25
19525,Nashik,Pimpalgaon,Onion,Pole,Local,700,2870,2200,29-Jan-25
19526,Nashik,Pimpalgaon Baswant(Saykheda),Onion,Red,FAQ,800,2500,2025,22-Jan-25
19527,Sitapur,Mehmoodabad,Onion,Red,FAQ,2390,2445,2420,12-Jan-25
19528,Sitapur,Mehmoodabad,Onion,Red,FAQ,2410,2455,2430,13-Jan-25
19529,Ranga Reddy,Mehndipatnam(Rythu Bazar),Onion,1st Sort,FAQ,3000,3000,3000,16-Jan-25
19530,Ranga Reddy,Mehndipatnam(Rythu Bazar),Onion,1st Sort,FAQ,3000,3000,3000,17-Jan-25
19531,Ranga Reddy,Mehndipatnam(Rythu Bazar),Onion,1st Sort,Non-FAQ,3000,3000,3000,01-Feb-25
19532,Ranga Reddy,Mehndipatnam(Rythu Bazar),Onion,1st Sort,Non-FAQ,3500,3500,3500,25-Jan-25
19533,Ranga Reddy,Mehndipatnam(Rythu Bazar),Onion,1st Sort,Non-FAQ,3500,3500,3500,26-Jan-25
19534,Mehsana,Mehsana(Mehsana Veg),Onion,Onion,FAQ,700,2500,2000,09-Jan-25
19535,Mehsana,Mehsana(Mehsana Veg),Onion,Onion,FAQ,1250,2500,1900,17-Jan-25
19536,Coochbehar,Mekhliganj,Onion,Other,FAQ,2700,2900,2800,15-Jan-25
19537,Coochbehar,Mekhliganj,Onion,Other,FAQ,2800,3200,3000,27-Jan-25
19538,Sepahijala,Melaghar,Onion,Red,FAQ,3300,3500,3400,02-Jan-25
19539,Sepahijala,Melaghar,Onion,Red,FAQ,3600,3800,3700,12-Jan-25
19540,Sepahijala,Melaghar,Onion,Small,FAQ,3600,3800,3700,28-Jan-25
19541,Thirunelveli,Melapalayam(Uzhavar Sandhai ),Onion,Bellary,Local,4000,4500,4500,01-Jan-25
19542,Coimbatore,Mettupalayam(Uzhavar Sandhai ),Onion,Bellary,Local,4200,4600,4600,06-Jan-25
19543,Indore,Mhow(F&V),Onion,Onion,FAQ,800,1000,880,03-Jan-25
19544,Rampur,Milak,Onion,Red,FAQ,2035,2140,2080,30-Jan-25
19545,Rampur,Milak,Onion,Red,FAQ,2185,2270,2230,21-Jan-25
19546,Mirzapur,Mirzapur,Onion,Red,FAQ,2300,2400,2365,18-Jan-25
19547,Mirzapur,Mirzapur,Onion,Red,FAQ,2400,2500,2450,11-Jan-25
19548,Farukhabad,Mohamadabad,Onion,Red,FAQ,1980,2180,2080,26-Jan-25
19549,Khiri (Lakhimpur),Mohammdi,Onion,Red,FAQ,2040,2120,2085,31-Jan-25
19550,Khiri (Lakhimpur),Mohammdi,Onion,Red,FAQ,2150,2250,2200,27-Jan-25
19551,Khiri (Lakhimpur),Mohammdi,Onion,Red,FAQ,2400,2500,2450,16-Jan-25
19552,Namakkal,Mohanur(Uzhavar Sandhai ),Onion,Bellary,Local,3600,5000,5000,15-Jan-25
19553,Namakkal,Mohanur(Uzhavar Sandhai ),Onion,Bellary,Local,3800,5000,5000,19-Jan-25
19554,Namakkal,Mohanur(Uzhavar Sandhai ),Onion,Bellary,Local,4500,5000,5000,25-Jan-25
19555,Mahendragarh-Narnaul,Mohindergarh,Onion,Onion,FAQ,1500,2200,2000,30-Jan-25
19556,Mahendragarh-Narnaul,Mohindergarh,Onion,Onion,FAQ,1900,2000,2000,13-Jan-25
19557,Mahendragarh-Narnaul,Mohindergarh,Onion,Onion,FAQ,2000,2200,2200,21-Jan-25
19558,Morbi,Morbi,Onion,Onion,FAQ,500,2100,1300,08-Jan-25
19559,Morena,Morena,Onion,Onion,FAQ,1300,1300,1300,25-Jan-25
19560,Jhansi,Moth,Onion,Red,FAQ,1950,2080,2050,30-Jan-25
19561,Jhansi,Moth,Onion,Red,FAQ,1950,2100,2050,23-Jan-25
19562,Jalpaiguri,Moynaguri,Onion,Nasik,FAQ,3000,3100,3100,10-Jan-25
19563,Jalpaiguri,Moynaguri,Onion,Nasik,FAQ,3100,3200,3200,13-Jan-25
19564,Jaunpur,Mugrabaadshahpur,Onion,Red,FAQ,2050,2250,2150,31-Jan-25
19565,Jaunpur,Mugrabaadshahpur,Onion,Red,FAQ,2055,2255,2155,27-Jan-25
19566,Jaunpur,Mugrabaadshahpur,Onion,Red,FAQ,2080,2280,2180,25-Jan-25
19567,Hoshiarpur,Mukerian(Talwara),Onion,Onion,FAQ,2400,2800,2600,16-Jan-25
19568,Kozhikode(Calicut),Mukkom,Onion,Onion,FAQ,3000,3400,3200,16-Jan-25
19569,Kozhikode(Calicut),Mukkom,Onion,Onion,FAQ,4000,4300,4200,15-Jan-25
19570,Muktsar,Muktsar,Onion,Other,FAQ,3000,3500,3200,10-Jan-25
19571,Sambhal,Muradabad,Onion,Red,FAQ,2080,2180,2130,25-Jan-25
19572,Sambhal,Muradabad,Onion,Red,FAQ,2150,2250,2200,22-Jan-25
19573,Sambhal,Muradabad,Onion,Red,FAQ,2300,2380,2340,04-Jan-25
19574,Madhepura,Murliganj,Onion,White,FAQ,2500,3000,2800,29-Jan-25
19575,Hamirpur,Muskara,Onion,Red,FAQ,1900,2100,2000,01-Feb-25
19576,Yamuna Nagar,Mustafabad,Onion,Other,FAQ,2500,3000,2800,13-Jan-25
19577,Nashik,Pimpalgaon Baswant(Saykheda),Onion,Red,FAQ,800,2700,2300,06-Jan-25
19578,Nashik,Pimpalgaon Baswant(Saykheda),Onion,Red,Local,700,2161,1875,01-Feb-25
19579,Nashik,Pimpalgaon Baswant(Saykheda),Onion,Red,Local,700,2430,2050,25-Jan-25
19580,Hoshangabad,Pipariya(F&V),Onion,Onion,FAQ,1200,2800,2000,16-Jan-25
19581,Ernakulam,Piravam,Onion,Big,FAQ,3500,5000,4000,24-Jan-25
19582,Bhojpur,Piro,Onion,Medium,FAQ,3000,3040,3020,09-Jan-25
19583,Bhojpur,Piro,Onion,Medium,FAQ,3000,3040,3020,10-Jan-25
19584,Bhojpur,Piro,Onion,Medium,FAQ,3000,3040,3020,27-Jan-25
19585,Coimbatore,Pollachi(Uzhavar Sandhai ),Onion,Bellary,Local,4000,5500,5500,07-Jan-25
19586,Coimbatore,Pollachi(Uzhavar Sandhai ),Onion,Bellary,Local,4000,5500,5500,09-Jan-25
19587,Thiruvannamalai,Polur(Uzhavar Sandhai ),Onion,Bellary,Local,4000,4500,4500,26-Jan-25
19588,Thiruvannamalai,Polur(Uzhavar Sandhai ),Onion,Bellary,Local,4000,4500,4500,31-Jan-25
19589,Pratapgarh,Pratapgarh,Onion,Other,FAQ,700,2100,1400,08-Jan-25
19590,Pratapgarh,Pratapgarh,Onion,Red,FAQ,1800,2000,1880,25-Jan-25
19591,Pratapgarh,Pratapgarh,Onion,Red,FAQ,1800,2100,1900,24-Jan-25
19592,Pudukkottai,Pudukottai(Uzhavar Sandhai ),Onion,Bellary,Local,4000,5000,5000,31-Jan-25
19593,Pudukkottai,Pudukottai(Uzhavar Sandhai ),Onion,Bellary,Local,5000,6000,6000,12-Jan-25
19594,Pudukkottai,Pudukottai(Uzhavar Sandhai ),Onion,Bellary,Local,5000,6000,6000,14-Jan-25
19595,Pudukkottai,Pudukottai(Uzhavar Sandhai ),Onion,Bellary,Local,5000,6000,6000,16-Jan-25
19596,Pudukkottai,Pudukottai(Uzhavar Sandhai ),Onion,Bellary,Local,5000,6000,6000,17-Jan-25
19597,Kanpur Dehat,Pukharayan,Onion,Red,FAQ,2310,2335,2325,24-Jan-25
19598,Pune,Pune,Onion,Local,FAQ,1400,3200,2300,22-Jan-25
19599,Pune,Pune(Khadiki),Onion,Local,FAQ,1300,2700,2000,07-Jan-25
19600,Pune,Pune(Khadiki),Onion,Local,FAQ,1600,2400,2000,14-Jan-25
19601,Pune,Pune(Khadiki),Onion,Local,FAQ,1600,2400,2000,17-Jan-25
19602,Pune,Pune(Khadiki),Onion,Local,Local,1500,2200,1850,28-Jan-25
19603,Pune,Pune(Manjri),Onion,Local,FAQ,1000,2800,2400,17-Jan-25
19604,Pune,Pune(Manjri),Onion,Local,FAQ,3100,3300,3200,03-Jan-25
19605,Pune,Pune(Moshi),Onion,Local,FAQ,700,2500,1600,12-Jan-25
19606,Pune,Pune(Pimpri),Onion,Local,FAQ,1300,2700,2000,21-Jan-25
19607,Pune,Pune(Pimpri),Onion,Local,FAQ,1500,3000,2250,10-Jan-25
19608,Pillibhit,Puranpur,Onion,Red,FAQ,2190,2270,2230,13-Jan-25
19609,Pillibhit,Puranpur,Onion,Red,FAQ,2210,2290,2250,06-Jan-25
19610,Pillibhit,Puranpur,Onion,Red,Non-FAQ,2200,2280,2240,26-Jan-25
19611,Puruliya,Purulia,Onion,Other,FAQ,1900,2900,2400,01-Feb-25
19612,Puruliya,Purulia,Onion,Other,FAQ,2000,2800,2400,29-Jan-25
19613,Puruliya,Purulia,Onion,Other,FAQ,2100,3000,2500,23-Jan-25
19614,Puruliya,Purulia,Onion,Other,FAQ,2500,3400,2800,09-Jan-25
19615,Puruliya,Purulia,Onion,Other,FAQ,2600,3400,3000,07-Jan-25
19616,Unnao,Purwa,Onion,Red,FAQ,2275,2400,2325,28-Jan-25
19617,Unnao,Purwa,Onion,Red,FAQ,2300,2425,2350,18-Jan-25
19618,Unnao,Purwa,Onion,Red,FAQ,2325,2425,2375,16-Jan-25
19619,Shahjahanpur,Puwaha,Onion,Red,FAQ,2150,2350,2250,17-Jan-25
19620,Yamuna Nagar,Radaur,Onion,Other,FAQ,1800,2200,2000,28-Jan-25
19621,Yamuna Nagar,Radaur,Onion,Other,FAQ,2000,2200,2100,02-Jan-25
19622,Yamuna Nagar,Radaur,Onion,Other,FAQ,2000,2400,2200,15-Jan-25
19623,Yamuna Nagar,Radaur,Onion,Other,FAQ,2300,2500,2400,25-Jan-25
19624,Ahmednagar,Rahata,Onion,Red,Local,350,2900,2100,28-Jan-25
19625,Ahmednagar,Rahuri,Onion,Other,FAQ,100,2600,1350,10-Jan-25
19626,Ahmednagar,Rahuri(Vambori),Onion,Other,FAQ,200,3300,2300,06-Jan-25
19627,Raebarelli,Raibareilly,Onion,Red,FAQ,2160,2250,2200,01-Feb-25
19628,Coimbatore,RSPuram(Uzhavar Sandhai ),Onion,Bellary,Local,3800,4200,4200,07-Jan-25
19629,Coimbatore,RSPuram(Uzhavar Sandhai ),Onion,Bellary,Local,3800,4200,4200,09-Jan-25
19630,Coimbatore,RSPuram(Uzhavar Sandhai ),Onion,Bellary,Local,3800,4200,4200,27-Jan-25
19631,Coimbatore,RSPuram(Uzhavar Sandhai ),Onion,Bellary,Local,4000,4500,4500,23-Jan-25
19632,Ayodhya,Rudauli,Onion,Red,FAQ,2200,2400,2300,27-Jan-25
19633,Ayodhya,Rudauli,Onion,Red,FAQ,2200,2400,2300,31-Jan-25
19634,Ayodhya,Rudauli,Onion,Red,FAQ,2250,2350,2300,07-Jan-25
19635,UdhamSinghNagar,Rudrapur,Onion,Other,FAQ,2000,2800,2500,08-Jan-25
19636,Medak,Sadasivpet,Onion,1st Sort,FAQ,950,2872,2405,07-Jan-25
19637,Saharanpur,Saharanpur,Onion,Red,FAQ,2500,3000,2800,01-Jan-25
19638,Siddharth Nagar,Sahiyapur,Onion,Red,FAQ,1500,1520,1510,21-Jan-25
19639,Ludhiana,Sahnewal,Onion,Onion,FAQ,2600,2600,2600,20-Jan-25
19640,Ratlam,Sailana,Onion,Medium,FAQ,608,2101,700,27-Jan-25
19641,Ratlam,Sailana,Onion,Medium,Non-FAQ,500,1051,700,27-Jan-25
19642,Ratlam,Sailana(F&V),Onion,Local,FAQ,600,2360,1600,24-Jan-25
19643,Birbhum,Sainthia,Onion,Onion,FAQ,2500,2700,2600,01-Feb-25
19644,Birbhum,Sainthia,Onion,Onion,FAQ,2600,2800,2700,11-Jan-25
19645,Birbhum,Sainthia,Onion,Onion,FAQ,2600,2800,2700,24-Jan-25
19646,Panipat,Samalkha,Onion,Local,FAQ,2000,2000,2000,28-Jan-25
19647,Panipat,Samalkha,Onion,Local,FAQ,2500,2500,2500,13-Jan-25
19648,Erode,Sampath Nagar(Uzhavar Sandhai ),Onion,Bellary,Local,4800,5200,5200,09-Jan-25
19649,Erode,Sampath Nagar(Uzhavar Sandhai ),Onion,Bellary,Local,5000,5200,5200,05-Jan-25
19650,Ludhiana,Samrala,Onion,Other,FAQ,2000,2400,2100,31-Jan-25
19651,Ludhiana,Samrala,Onion,Other,FAQ,2000,2500,2200,17-Jan-25
19652,Agra,Samsabad,Onion,Red,FAQ,2100,2300,2200,12-Jan-25
19653,Malda,Samsi,Onion,Onion,FAQ,2000,2600,2400,23-Jan-25
19654,Malda,Samsi,Onion,Onion,FAQ,2000,2800,2500,01-Feb-25
19655,Malda,Samsi,Onion,Onion,FAQ,2800,3200,2900,07-Jan-25
19656,Khandwa,Sanawad(F&V),Onion,Onion,FAQ,1500,2000,1800,25-Jan-25
19657,Khandwa,Sanawad(F&V),Onion,Onion,FAQ,2500,3500,3000,10-Jan-25
19658,Hardoi,Sandi,Onion,Pusa-Red,FAQ,2100,2150,2130,01-Feb-25
19659,Hardoi,Sandila,Onion,Red,FAQ,2450,2530,2490,09-Jan-25
19660,Hardoi,Sandila,Onion,Red,FAQ,2470,2550,2510,05-Jan-25
19661,Ahmednagar,Sangamner,Onion,Red,FAQ,400,2501,1450,10-Jan-25
19662,Ahmednagar,Sangamner,Onion,Red,FAQ,500,2625,1562,14-Jan-25
19663,Ahmednagar,Sangamner,Onion,Red,FAQ,500,3511,2006,03-Jan-25
19664,Hanumangarh,Sangriya,Onion,Onion,FAQ,2200,3600,3000,25-Jan-25
19665,Sangrur,Sangrur,Onion,Onion,FAQ,2500,3000,2800,03-Jan-25
19666,Tenkasi,Sankarankoil(Uzhavar Sandhai ),Onion,Bellary,Local,4500,5000,5000,15-Jan-25
19667,Tenkasi,Sankarankoil(Uzhavar Sandhai ),Onion,Bellary,Local,4500,5000,5000,22-Jan-25
19668,Kallakuruchi,Sankarapuram(Uzhavar Sandhai ),Onion,Bellary,Local,4000,5000,5000,20-Jan-25
19669,Kallakuruchi,Sankarapuram(Uzhavar Sandhai ),Onion,Bellary,Local,5000,6000,6000,03-Jan-25
19670,Kallakuruchi,Sankarapuram(Uzhavar Sandhai ),Onion,Bellary,Local,5000,6000,6000,04-Jan-25
19671,Rajgarh,Sarangpur,Onion,Local,FAQ,500,1000,1000,28-Jan-25
19672,Sundergarh,Sargipali,Onion,Other,FAQ,2800,3200,3000,09-Jan-25
19673,Nashik,Satana,Onion,Red,Local,460,2475,1905,30-Jan-25
19674,Erode,Sathiyamagalam(Uzhavar Sandhai ),Onion,Bellary,Local,4000,4500,4500,29-Jan-25
19675,Erode,Sathiyamagalam(Uzhavar Sandhai ),Onion,Bellary,Local,4000,4500,4500,30-Jan-25
19676,Erode,Sathiyamagalam(Uzhavar Sandhai ),Onion,Bellary,Local,4000,4600,4600,23-Jan-25
19677,Erode,Sathiyamagalam(Uzhavar Sandhai ),Onion,Bellary,Local,4500,5000,5000,05-Jan-25
19678,Virudhunagar,Sathur(Uzhavar Sandhai ),Onion,Bellary,Local,3700,4500,4500,20-Jan-25
19679,Thiruvarur,Muthupettai(Uzhavar Sandhai ),Onion,Bellary,Local,5000,5000,5000,05-Jan-25
19680,Thiruvarur,Muthupettai(Uzhavar Sandhai ),Onion,Bellary,Local,5000,5000,5000,09-Jan-25
19681,Thiruvarur,Muthupettai(Uzhavar Sandhai ),Onion,Bellary,Local,5000,5000,5000,24-Jan-25
19682,Thiruvarur,Muthupettai(Uzhavar Sandhai ),Onion,Bellary,Local,5000,5000,5000,31-Jan-25
19683,Muzaffarnagar,Muzzafarnagar,Onion,Red,FAQ,2200,2400,2250,29-Jan-25
19684,Muzaffarnagar,Muzzafarnagar,Onion,Red,FAQ,2200,2400,2280,28-Jan-25
19685,Muzaffarnagar,Muzzafarnagar,Onion,Red,FAQ,2300,2550,2400,16-Jan-25
19686,Muzaffarnagar,Muzzafarnagar,Onion,Red,FAQ,2400,2600,2500,06-Jan-25
19687,Nagercoil (Kannyiakumari),Myladi(Uzhavar Sandhai ),Onion,Bellary,Local,4500,5000,5000,24-Jan-25
19688,Mysore,Mysore (Bandipalya),Onion,Other,FAQ,2500,3600,2900,29-Jan-25
19689,Mysore,Mysore (Bandipalya),Onion,Other,FAQ,2600,3200,3100,15-Jan-25
19690,Patiala,Nabha,Onion,Other,FAQ,1400,2400,1800,25-Jan-25
19691,Patiala,Nabha,Onion,Other,FAQ,1700,2600,2200,20-Jan-25
19692,Patiala,Nabha,Onion,Other,FAQ,1700,2600,2370,27-Jan-25
19693,Patiala,Nabha,Onion,Other,FAQ,1700,2700,2300,15-Jan-25
19694,Nadia,Nadia,Onion,Other,FAQ,2400,2650,2400,03-Jan-25
19695,Nadia,Nadia,Onion,Other,FAQ,2600,2950,2800,08-Jan-25
19696,Nadia,Nadia,Onion,Other,FAQ,2800,3150,2900,29-Jan-25
19697,Kheda,Nadiyad(Piplag),Onion,Onion,FAQ,1500,2200,1800,13-Jan-25
19698,Kheda,Nadiyad(Piplag),Onion,Onion,FAQ,1500,2300,1800,10-Jan-25
19699,Kheda,Nadiyad(Piplag),Onion,Onion,FAQ,1500,2600,2200,06-Jan-25
19700,Kheda,Nadiyad(Piplag),Onion,Onion,FAQ,1550,1700,1600,29-Jan-25
19701,Kheda,Nadiyad(Piplag),Onion,Onion,FAQ,1800,2200,2000,22-Jan-25
19702,Kheda,Nadiyad(Piplag),Onion,Onion,FAQ,1850,2200,1900,21-Jan-25
19703,Kheda,Nadiyad(Piplag),Onion,Onion,FAQ,2200,2500,2350,20-Jan-25
19704,Bijnor,Nagina,Onion,Red,FAQ,1000,1800,1400,30-Jan-25
19705,Namakkal,Namakkal(Uzhavar Sandhai ),Onion,Bellary,Local,3500,4000,4000,22-Jan-25
19706,Nashik,Nampur,Onion,Red,FAQ,300,2450,2100,21-Jan-25
19707,Nashik,Nandgaon,Onion,Red,Local,100,2401,1750,31-Jan-25
19708,Ambala,Naraingarh,Onion,Onion,FAQ,1600,2500,2200,11-Jan-25
19709,Thiruvellore,Naravarikuppam(Uzhavar Sandhai ),Onion,Bellary,Local,4000,4000,4000,30-Jan-25
19710,Mahendragarh-Narnaul,Narnaul,Onion,Other,FAQ,1500,2000,1800,14-Jan-25
19711,Rajgarh,Narsinghgarh,Onion,Onion,FAQ,390,1280,1280,22-Jan-25
19712,Jammu,Narwal Jammu (F&V),Onion,Other,Non-FAQ,2600,2800,2700,01-Feb-25
19713,Jind,Narwana,Onion,Other,FAQ,2000,2000,2000,05-Jan-25
19714,Jind,Narwana,Onion,Other,FAQ,2000,2000,2000,24-Jan-25
19715,Nashik,Nasik,Onion,Pole,FAQ,900,2311,1511,15-Jan-25
19716,Nashik,Nasik,Onion,Pole,FAQ,1000,2451,1900,09-Jan-25
19717,Nashik,Nasik,Onion,Pole,Local,1100,2611,2050,28-Jan-25
19718,Thirupathur,Natrampalli(Uzhavar Sandhai ),Onion,Bellary,Local,4000,4000,4000,29-Jan-25
19719,Maharajganj,Nautnava,Onion,Red,FAQ,2300,2550,2400,22-Jan-25
19720,Gonda,Nawabganj,Onion,Red,FAQ,2150,2250,2200,30-Jan-25
19721,Nawanshahr,Nawan Shahar(Subzi Mandi),Onion,Other,FAQ,2400,2600,2450,15-Jan-25
19722,Nawanshahr,Nawan Shahar(Subzi Mandi),Onion,Other,FAQ,2400,2600,2500,20-Jan-25
19723,Thiruvarur,Needamangalam(Uzhavar Sandhai ),Onion,Bellary,Local,5600,5600,5600,11-Jan-25
19724,Thiruvarur,Needamangalam(Uzhavar Sandhai ),Onion,Bellary,Local,5800,5800,5800,12-Jan-25
19725,Thiruvarur,Needamangalam(Uzhavar Sandhai ),Onion,Bellary,Local,5800,5800,5800,23-Jan-25
19726,Thiruvarur,Needamangalam(Uzhavar Sandhai ),Onion,Bellary,Local,5800,5800,5800,25-Jan-25
19727,Kasargod,Neeleswaram,Onion,Big,FAQ,3800,4200,4000,28-Jan-25
19728,Neemuch,Neemuch,Onion,Onion,FAQ,100,2200,1280,03-Jan-25
19729,Neemuch,Neemuch,Onion,Onion-Organic,FAQ,1671,2400,2150,01-Feb-25
19730,Sangrur,Lehra Gaga,Onion,Other,FAQ,3000,4000,3000,20-Jan-25
19731,Lucknow,Lucknow,Onion,Red,FAQ,2290,2390,2340,22-Jan-25
19732,Lucknow,Lucknow,Onion,Red,FAQ,2400,2500,2450,11-Jan-25
19733,Lucknow,Lucknow,Onion,Red,FAQ,2470,2570,2520,07-Jan-25
19734,Ludhiana,Ludhiana,Onion,Other,FAQ,800,2800,2000,09-Jan-25
19735,Alappuzha,Madhavapuram,Onion,Other,FAQ,6000,6400,6200,01-Feb-25
19736,Hardoi,Madhoganj,Onion,Red,FAQ,2200,2300,2250,28-Jan-25
19737,Hardoi,Madhoganj,Onion,Red,FAQ,2250,2300,2270,27-Jan-25
19738,Hardoi,Madhoganj,Onion,Red,FAQ,2300,2380,2340,17-Jan-25
19739,Chengalpattu,Madhuranthagam(Uzhavar Sandhai ),Onion,Bellary,Local,4500,5000,5000,14-Jan-25
19740,Chengalpattu,Madhuranthagam(Uzhavar Sandhai ),Onion,Bellary,Local,4500,5000,5000,15-Jan-25
19741,Panipat,Madlauda,Onion,Other,FAQ,2100,2100,2100,27-Jan-25
19742,Hyderabad,Mahboob Manison,Onion,1st Sort,Non-FAQ,300,3000,2600,18-Jan-25
19743,Mahoba,Mahoba,Onion,Red,FAQ,2220,2350,2280,29-Jan-25
19744,Mahoba,Mahoba,Onion,Red,FAQ,2250,2360,2310,28-Jan-25
19745,Mahoba,Mahoba,Onion,Red,FAQ,2300,2410,2350,10-Jan-25
19746,Bhavnagar,Mahuva(Station Road),Onion,White,FAQ,1050,1805,1430,01-Feb-25
19747,Mainpuri,Mainpuri,Onion,Red,FAQ,2285,2480,2395,16-Jan-25
19748,Buldhana,Malkapur,Onion,Local,FAQ,2150,3270,2250,07-Jan-25
19749,Ferozpur,Mamdot,Onion,Other,FAQ,4000,4200,4100,02-Jan-25
19750,Thiruchirappalli,Manachanallur(Uzhavar Sandhai ),Onion,Bellary,Local,4000,5000,5000,28-Jan-25
19751,Thiruchirappalli,Manachanallur(Uzhavar Sandhai ),Onion,Bellary,Local,5000,6000,6000,05-Jan-25
19752,Thiruchirappalli,Manachanallur(Uzhavar Sandhai ),Onion,Bellary,Local,5600,5600,5600,11-Jan-25
19753,Thiruchirappalli,Manapparai(Uzhavar Sandhai ),Onion,Bellary,Local,4000,5400,5400,14-Jan-25
19754,Thiruchirappalli,Manapparai(Uzhavar Sandhai ),Onion,Bellary,Local,4000,5400,5400,17-Jan-25
19755,Neemuch,Manasa,Onion,Medium,FAQ,380,1481,701,10-Jan-25
19756,Neemuch,Manasa,Onion,Onion,FAQ,810,2052,1500,31-Jan-25
19757,Dhar,Manawar(F&V),Onion,Onion,FAQ,1800,2000,1900,06-Jan-25
19758,Dhar,Manawar(F&V),Onion,Onion,FAQ,1800,2000,1900,11-Jan-25
19759,Dhar,Manawar(F&V),Onion,Onion,Non-FAQ,1800,2000,1900,22-Jan-25
19760,Dhar,Manawar(F&V),Onion,Onion,Non-FAQ,1800,2000,1900,30-Jan-25
19761,Pune,Manchar,Onion,Other,FAQ,2400,3700,3050,05-Jan-25
19762,Mandi,Mandi(Mandi),Onion,Onion,FAQ,2800,3400,3200,01-Jan-25
19763,Mandi,Mandi(Takoli),Onion,Other,FAQ,3000,3500,3500,09-Jan-25
19764,Mandi,Mandi(Takoli),Onion,Other,FAQ,3000,3500,3500,10-Jan-25
19765,Mandsaur,Mandsaur,Onion,Medium,FAQ,1851,2057,2057,03-Jan-25
19766,Mandsaur,Mandsaur,Onion,Onion,FAQ,1021,1021,1021,14-Jan-25
19767,Mandsaur,Mandsaur,Onion,Onion,Non-FAQ,291,2015,1500,23-Jan-25
19768,Mandsaur,Mandsaur,Onion,Onion,Non-FAQ,321,2360,1000,24-Jan-25
19769,Sholapur,Mangal Wedha,Onion,Local,FAQ,300,3800,2800,24-Jan-25
19770,Sholapur,Mangal Wedha,Onion,Local,Local,500,2800,2500,29-Jan-25
19771,Sholapur,Mangal Wedha,Onion,Local,Local,600,2800,2400,30-Jan-25
19772,Haridwar,Manglaur,Onion,Other,FAQ,1200,1500,1300,30-Jan-25
19773,Haridwar,Manglaur,Onion,Other,FAQ,1500,1700,1600,20-Jan-25
19774,Haridwar,Manglaur,Onion,Other,FAQ,1500,1800,1600,13-Jan-25
19775,Malappuram,Manjeri,Onion,Other,FAQ,3700,3800,3750,10-Jan-25
19776,Malappuram,Manjeri,Onion,Other,FAQ,3700,3800,3750,11-Jan-25
19777,Kaushambi,Manjhanpur,Onion,Red,FAQ,1830,2000,1915,28-Jan-25
19778,Kaushambi,Manjhanpur,Onion,Red,FAQ,1830,2015,1920,22-Jan-25
19779,Nashik,Manmad,Onion,Red,FAQ,200,2711,2200,02-Jan-25
19780,Nashik,Manmad,Onion,Red,FAQ,300,3000,2100,20-Jan-25
19781,Virudhunagar,Sathur(Uzhavar Sandhai ),Onion,Bellary,Local,4000,4500,4500,26-Jan-25
19782,Virudhunagar,Sathur(Uzhavar Sandhai ),Onion,Bellary,Local,4000,4500,4500,29-Jan-25
19783,Virudhunagar,Sathur(Uzhavar Sandhai ),Onion,Bellary,Local,4000,4500,4500,30-Jan-25
19784,Virudhunagar,Sathur(Uzhavar Sandhai ),Onion,Bellary,Local,4000,5000,5000,05-Jan-25
19785,Kurukshetra,Shahabad,Onion,Onion,FAQ,1800,2800,2500,15-Jan-25
19786,Jaunpur,Shahganj,Onion,Red,FAQ,2100,2200,2130,30-Jan-25
19787,Jaunpur,Shahganj,Onion,Red,FAQ,2200,2350,2250,24-Jan-25
19788,Jaunpur,Shahganj,Onion,Red,FAQ,2500,2650,2550,09-Jan-25
19789,Ambala,Shahzadpur,Onion,Local,FAQ,1500,3000,1500,16-Jan-25
19790,Ambala,Shahzadpur,Onion,Local,FAQ,2000,2000,2000,04-Jan-25
19791,Ambala,Shahzadpur,Onion,Local,FAQ,2000,2000,2000,06-Jan-25
19792,Ambala,Shahzadpur,Onion,Local,FAQ,2000,2000,2000,25-Jan-25
19793,Shajapur,Shajapur,Onion,Medium,FAQ,372,1790,1790,14-Jan-25
19794,Shajapur,Shajapur,Onion,Medium,FAQ,400,2137,1754,01-Feb-25
19795,Shajapur,Shajapur,Onion,Medium,FAQ,410,2200,1395,28-Jan-25
19796,Shajapur,Shajapur,Onion,Medium,FAQ,422,3910,1900,29-Jan-25
19797,Shajapur,Shajapur,Onion,Onion,FAQ,1087,1797,1797,31-Jan-25
19798,Shajapur,Shajapur,Onion,Onion,FAQ,1562,2079,2079,25-Jan-25
19799,Mandsaur,Shamgarh,Onion,Onion,FAQ,250,2540,2080,06-Jan-25
19800,Mandsaur,Shamgarh,Onion,Onion,Non-FAQ,670,1515,1401,24-Jan-25
19801,Shamli,Shamli,Onion,Red,FAQ,2450,2550,2500,04-Jan-25
19802,Shamli,Shamli,Onion,Red,FAQ,2450,2550,2500,06-Jan-25
19803,Shamli,Shamli,Onion,Red,FAQ,2500,2600,2550,08-Jan-25
19804,Sheohar,Sheohar,Onion,Medium,FAQ,2800,3000,2900,01-Feb-25
19805,Sheohar,Sheohar,Onion,Medium,FAQ,3000,3300,3200,31-Jan-25
19806,Hooghly,Sheoraphuly,Onion,Nasik,FAQ,2800,3000,2900,01-Feb-25
19807,Hooghly,Sheoraphuly,Onion,Nasik,FAQ,2800,3200,3000,21-Jan-25
19808,Ahmednagar,Shevgaon,Onion,1st Sort,FAQ,2500,3200,2800,02-Jan-25
19809,Ahmednagar,Shevgaon,Onion,1st Sort,Local,2000,2500,2500,01-Feb-25
19810,Ahmednagar,Shevgaon,Onion,Other,FAQ,300,900,600,11-Jan-25
19811,Shimoga,Shimoga,Onion,Onion,FAQ,3300,4500,4000,23-Jan-25
19812,Nashik,Shivsiddha Govind Producer Company Limited Sanchal,Onion,Red,FAQ,1100,2100,1550,13-Jan-25
19813,Shajapur,Shujalpur,Onion,Red,FAQ,201,2100,1450,20-Jan-25
19814,Shajapur,Shujalpur,Onion,Red,FAQ,390,1452,1452,17-Jan-25
19815,Shajapur,Shujalpur,Onion,Red,FAQ,595,3000,1500,01-Jan-25
19816,Bulandshahar,Sikanderabad,Onion,Medium,Non-FAQ,1800,2000,1900,31-Jan-25
19817,Sikar,Sikar,Onion,1st Sort,FAQ,800,1400,1100,06-Jan-25
19818,Sikar,Sikar,Onion,Onion,FAQ,1000,1500,1250,12-Jan-25
19819,Sikar,Sikar,Onion,Onion,FAQ,1000,1700,1350,23-Jan-25
19820,Bulandshahar,Sikarpur,Onion,Red,FAQ,1200,1400,1300,26-Jan-25
19821,Darjeeling,Siliguri,Onion,Other,FAQ,2500,2700,2600,26-Jan-25
19822,Darjeeling,Siliguri,Onion,Other,FAQ,2500,2700,2600,27-Jan-25
19823,Darjeeling,Siliguri,Onion,Other,FAQ,2500,2700,2600,31-Jan-25
19824,Coimbatore,Singanallur(Uzhavar Sandhai ),Onion,Bellary,Local,3000,3500,3500,01-Jan-25
19825,Coimbatore,Singanallur(Uzhavar Sandhai ),Onion,Bellary,Local,3500,4000,4000,18-Jan-25
19826,Fatehgarh,Sirhind,Onion,Other,FAQ,2000,3000,2500,22-Jan-25
19827,Fatehgarh,Sirhind,Onion,Other,FAQ,2300,2600,2500,29-Jan-25
19828,Fatehgarh,Sirhind,Onion,Other,FAQ,2400,2800,2600,10-Jan-25
19829,Nagapattinam,Sirkali(Uzhavar Sandhai ),Onion,Bellary,Local,4000,5000,5000,20-Jan-25
19830,Sirsa,Sirsa,Onion,Other,FAQ,1700,2500,2400,21-Jan-25
19831,Sirsa,Sirsa,Onion,Other,FAQ,1800,2300,2000,18-Jan-25
19832,Sitapur,Sitapur,Onion,Red,FAQ,1600,2250,2140,01-Feb-25
19833,Raebarelli,Raibareilly,Onion,Red,FAQ,2400,2500,2460,12-Jan-25
19834,Raebarelli,Raibareilly,Onion,Red,FAQ,2450,2500,2475,11-Jan-25
19835,Panchkula,Raipur Rai,Onion,Other,FAQ,2500,3000,2500,14-Jan-25
19836,Virudhunagar,Rajapalayam(Uzhavar Sandhai ),Onion,Bellary,Local,3500,4000,4000,03-Jan-25
19837,Virudhunagar,Rajapalayam(Uzhavar Sandhai ),Onion,Bellary,Local,4000,5000,5000,01-Feb-25
19838,Virudhunagar,Rajapalayam(Uzhavar Sandhai ),Onion,Bellary,Local,4500,5000,5000,29-Jan-25
19839,Rajkot,Rajkot(Veg.Sub Yard),Onion,Onion,FAQ,500,2250,1650,09-Jan-25
19840,Rajouri,Rajouri (F&V),Onion,Other,FAQ,3400,3700,3600,03-Jan-25
19841,Patiala,Rajpura,Onion,Local,FAQ,1800,2600,2200,10-Jan-25
19842,Ramanathapuram,Ramanathapuram(Uzhavar Sandhai ),Onion,Bellary,Local,5000,5500,5500,18-Jan-25
19843,Howrah,Ramkrishanpur(Howrah),Onion,Other,FAQ,3200,3800,3600,27-Jan-25
19844,Rampur,Rampur,Onion,Red,FAQ,2120,2215,2160,25-Jan-25
19845,Rampur,Rampur,Onion,Red,FAQ,2250,2350,2300,07-Jan-25
19846,Rampur,Rampur,Onion,Red,FAQ,2260,2355,2300,13-Jan-25
19847,Bhatinda,Rampuraphul(Nabha Mandi),Onion,Other,FAQ,3000,4200,3500,04-Jan-25
19848,Bhatinda,Rampuraphul(Nabha Mandi),Onion,Other,Non-FAQ,2000,3000,2500,01-Feb-25
19849,Birbhum,Rampurhat,Onion,Local,FAQ,2450,2550,2500,16-Jan-25
19850,Birbhum,Rampurhat,Onion,Nasik,FAQ,2700,2800,2750,25-Jan-25
19851,Birbhum,Rampurhat,Onion,Nasik,FAQ,2850,2950,2900,31-Jan-25
19852,Birbhum,Rampurhat,Onion,Nasik,FAQ,2950,3050,3000,26-Jan-25
19853,Nadia,Ranaghat,Onion,Other,FAQ,3200,3350,3300,29-Jan-25
19854,Nadia,Ranaghat,Onion,Other,FAQ,3700,3850,3800,09-Jan-25
19855,Sirsa,Rania,Onion,Other,FAQ,1400,1600,1500,10-Jan-25
19856,Sirsa,Rania,Onion,Other,FAQ,1700,1900,1800,14-Jan-25
19857,Namakkal,Rasipuram(Uzhavar Sandhai ),Onion,Bellary,Local,5000,5500,5500,12-Jan-25
19858,Fatehabad,Ratia,Onion,Other,FAQ,1600,2000,1800,15-Jan-25
19859,Fatehabad,Ratia,Onion,Other,FAQ,1800,2200,2000,26-Jan-25
19860,Ratlam,Ratlam,Onion,Nasik,FAQ,200,1000,300,01-Jan-25
19861,Ratlam,Ratlam,Onion,Onion,FAQ,100,19600,300,03-Jan-25
19862,Ratlam,Ratlam,Onion,Onion,FAQ,401,2200,2060,31-Jan-25
19863,Hanumangarh,Rawatsar,Onion,1st Sort,FAQ,2200,2200,2200,17-Jan-25
19864,Rayagada,Rayagada,Onion,Other,FAQ,3100,3200,3200,18-Jan-25
19865,Amritsar,Rayya,Onion,Red,FAQ,1800,1800,1800,18-Jan-25
19866,Amritsar,Rayya,Onion,Red,FAQ,2000,2000,2000,11-Jan-25
19867,Rewari,Rewari,Onion,Medium,FAQ,1000,2800,1900,14-Jan-25
19868,Rewari,Rewari,Onion,Medium,FAQ,1000,3000,2000,08-Jan-25
19869,Rewari,Rewari,Onion,Medium,FAQ,1000,3000,2000,13-Jan-25
19870,Rewari,Rewari,Onion,Medium,Non-FAQ,1000,2400,1700,25-Jan-25
19871,Dehradoon,Rishikesh,Onion,Other,FAQ,2200,2800,2500,01-Jan-25
19872,Rohtak,Rohtak,Onion,Other,FAQ,1500,3000,2000,01-Feb-25
19873,Haridwar,Roorkee,Onion,Other,FAQ,2000,4000,3000,03-Jan-25
19874,Haridwar,Roorkee,Onion,Other,FAQ,2000,4000,3000,26-Jan-25
19875,Haridwar,Roorkee,Onion,Other,FAQ,2000,4000,3000,29-Jan-25
19876,Ropar (Rupnagar),Ropar,Onion,Other,FAQ,2000,2400,2200,01-Feb-25
19877,Ropar (Rupnagar),Ropar,Onion,Other,FAQ,2000,2400,2200,29-Jan-25
19878,Coimbatore,RSPuram(Uzhavar Sandhai ),Onion,Bellary,Local,3400,4000,4000,19-Jan-25
19879,Coimbatore,RSPuram(Uzhavar Sandhai ),Onion,Bellary,Local,3700,4000,4000,06-Jan-25
19880,Coimbatore,RSPuram(Uzhavar Sandhai ),Onion,Bellary,Local,4000,4400,4400,26-Jan-25
19881,Ayodhya,Rudauli,Onion,Onion,FAQ,2200,2400,2300,20-Jan-25
19882,UdhamSinghNagar,Rudrapur,Onion,Other,FAQ,2000,2800,2500,30-Jan-25
19883,UdhamSinghNagar,Rudrapur,Onion,Other,FAQ,2000,3000,2500,11-Jan-25
19884,Jind,Safidon,Onion,Other,FAQ,2000,2000,2000,20-Jan-25
19885,Faridabad,"New Grain Market , Faridabad",Onion,Onion,Non-FAQ,1500,3000,2250,24-Jan-25
19886,Panchkula,"New Grain Market , Panchkula",Onion,Other,FAQ,2500,3500,3000,20-Jan-25
19887,Karnal,"New Grain Market(main), Karnal",Onion,Other,FAQ,1200,2600,1900,01-Jan-25
19888,Karnal,"New Grain Market(main), Karnal",Onion,Other,FAQ,1400,2600,2000,28-Jan-25
19889,Moga,Nihal Singh Wala,Onion,Other,FAQ,2000,3000,2500,30-Jan-25
19890,Ghaziabad,Noida,Onion,Red,FAQ,2340,2460,2400,17-Jan-25
19891,Ghaziabad,Noida,Onion,Red,FAQ,2400,2490,2450,11-Jan-25
19892,Ernakulam,North Paravur,Onion,1st Sort,FAQ,8800,10000,9500,20-Jan-25
19893,Jalaun (Orai),Orai,Onion,Red,FAQ,2000,2500,2250,16-Jan-25
19894,Unokoti,Pabiacherra,Onion,Nasik,FAQ,3600,3800,3700,06-Jan-25
19895,Kancheepuram,Padappai(Uzhavar Sandhai ),Onion,Bellary,Local,3500,4000,4000,06-Jan-25
19896,Vadodara(Baroda),Padra,Onion,Other,FAQ,1000,3000,2000,01-Feb-25
19897,Vadodara(Baroda),Padra,Onion,Other,FAQ,2000,2500,2250,20-Jan-25
19898,Kottayam,Pala,Onion,Big,FAQ,4200,4800,4600,23-Jan-25
19899,Kottayam,Pala,Onion,Onion,FAQ,8500,9000,8700,04-Jan-25
19900,Kottayam,Pala,Onion,Onion,FAQ,9800,10400,10000,16-Jan-25
19901,Dharmapuri,Palacode(Uzhavar Sandhai ),Onion,Bellary,Local,4500,5000,5000,20-Jan-25
19902,Palakad,Palakkad,Onion,Big,FAQ,4000,5000,4600,28-Jan-25
19903,Palakad,Palakkad,Onion,Big,FAQ,4600,5500,5100,21-Jan-25
19904,Palakad,Palakkad,Onion,Small,FAQ,5800,7000,6500,28-Jan-25
19905,Palakad,Palakkad,Onion,Small,FAQ,8800,10000,9500,13-Jan-25
19906,Palakad,Palakkad,Onion,Small,FAQ,9800,11000,10500,11-Jan-25
19907,Palakad,Palakkad,Onion,Small,FAQ,10000,11000,10600,23-Jan-25
19908,Kangra,Palampur,Onion,Other,FAQ,3000,3200,3100,29-Jan-25
19909,Dindigul,Palani(Uzhavar Sandhai ),Onion,Bellary,Local,3500,4500,4500,20-Jan-25
19910,Kozhikode(Calicut),Palayam,Onion,Other,FAQ,3300,3400,3300,29-Jan-25
19911,Thirunelveli,Palayamkottai(Uzhavar Sandhai ),Onion,Bellary,Local,3200,4000,4000,28-Jan-25
19912,Thirunelveli,Palayamkottai(Uzhavar Sandhai ),Onion,Bellary,Local,3500,4400,4400,08-Jan-25
19913,Thirupur,Palladam(Uzhavar Sandhai ),Onion,Bellary,Local,3500,4000,4000,27-Jan-25
19914,Thirupur,Palladam(Uzhavar Sandhai ),Onion,Bellary,Local,4000,4500,4500,07-Jan-25
19915,Thirupur,Palladam(Uzhavar Sandhai ),Onion,Bellary,Local,4000,4500,4500,10-Jan-25
19916,Thirupur,Palladam(Uzhavar Sandhai ),Onion,Bellary,Local,4000,4500,4500,16-Jan-25
19917,Kottayam,Pampady,Onion,Big,FAQ,3400,4000,3500,16-Jan-25
19918,Kottayam,Pampady,Onion,Big,FAQ,3500,4500,4000,15-Jan-25
19919,Kottayam,Pampady,Onion,Big,FAQ,4500,4900,4700,31-Jan-25
19920,Kottayam,Pampady,Onion,Big,FAQ,4500,5600,5000,11-Jan-25
19921,Balrampur,Panchpedwa,Onion,Red,FAQ,1800,2000,1900,15-Jan-25
19922,Balrampur,Panchpedwa,Onion,Red,FAQ,2000,2200,2100,23-Jan-25
19923,Balrampur,Panchpedwa,Onion,Red,FAQ,2200,2600,2400,09-Jan-25
19924,Sonepur,Pandkital,Onion,Other,FAQ,3000,3200,3200,02-Jan-25
19925,Sonepur,Pandkital,Onion,Other,FAQ,3000,3200,3200,06-Jan-25
19926,Hooghly,Pandua,Onion,Nasik,FAQ,2500,2700,2600,17-Jan-25
19927,Hooghly,Pandua,Onion,Nasik,FAQ,2700,2900,2800,25-Jan-25
19928,Panipat,Panipat,Onion,Other,FAQ,1000,1400,1200,11-Jan-25
19929,Panipat,Panipat,Onion,Other,FAQ,1200,1600,1400,26-Jan-25
19930,Cuddalore,Panruti(Uzhavar Sandhai ),Onion,Bellary,Local,3500,4000,4000,04-Jan-25
19931,Cuddalore,Panruti(Uzhavar Sandhai ),Onion,Bellary,Local,3500,5000,5000,25-Jan-25
19932,Cuddalore,Panruti(Uzhavar Sandhai ),Onion,Bellary,Local,4000,5000,5000,16-Jan-25
19933,Thanjavur,Papanasam(Uzhavar Sandhai ),Onion,Bellary,Local,3600,4800,4800,09-Jan-25
19934,Thanjavur,Papanasam(Uzhavar Sandhai ),Onion,Bellary,Local,3600,4800,4800,10-Jan-25
19935,Ramanathapuram,Paramakudi(Uzhavar Sandhai ),Onion,Bellary,Local,4500,5000,5000,10-Jan-25
19936,Nashik,Manmad,Onion,Red,FAQ,400,2550,2150,25-Jan-25
19937,Nashik,Manmad,Onion,Red,FAQ,500,2835,2200,24-Jan-25
19938,Alappuzha,Mannar,Onion,Big,FAQ,3600,3800,3700,20-Jan-25
19939,Thiruvarur,Mannargudi I(Uzhavar Sandhai ),Onion,Bellary,Local,4400,6000,6000,02-Jan-25
19940,Thiruvarur,Mannargudi I(Uzhavar Sandhai ),Onion,Bellary,Local,4400,6000,6000,26-Jan-25
19941,Thiruvarur,Mannargudi II(Uzhavar Sandhai ),Onion,Bellary,Local,4400,6000,6000,28-Jan-25
19942,Mathura,Mathura,Onion,Red,FAQ,2150,2380,2240,09-Jan-25
19943,Bhatinda,Maur,Onion,Other,FAQ,2600,3000,2800,08-Jan-25
19944,Jhansi,Mauranipur,Onion,Red,FAQ,2010,2100,2085,13-Jan-25
19945,Jhansi,Mauranipur,Onion,Red,FAQ,2015,2085,2060,31-Jan-25
19946,Jhansi,Mauranipur,Onion,Red,FAQ,2015,2100,2085,11-Jan-25
19947,Jhansi,Mauranipur,Onion,Red,FAQ,2020,2100,2085,12-Jan-25
19948,Jhansi,Mauranipur,Onion,Red,FAQ,2085,2140,2100,07-Jan-25
19949,Nagapattinam,Mayiladuthurai(Uzhavar Sandhai ),Onion,Bellary,Local,3000,3500,3500,03-Jan-25
19950,Nagapattinam,Mayiladuthurai(Uzhavar Sandhai ),Onion,Bellary,Local,3500,4000,4000,30-Jan-25
19951,Chengalpattu,Medavakkam(Uzhavar Sandhai ),Onion,Bellary,Local,2500,3000,3000,31-Jan-25
19952,Chengalpattu,Medavakkam(Uzhavar Sandhai ),Onion,Bellary,Local,3000,4000,4000,21-Jan-25
19953,Chengalpattu,Medavakkam(Uzhavar Sandhai ),Onion,Bellary,Local,3500,4500,4500,04-Jan-25
19954,Chengalpattu,Medavakkam(Uzhavar Sandhai ),Onion,Bellary,Local,3500,4500,4500,24-Jan-25
19955,Medinipur(W),Medinipur(West),Onion,Onion,FAQ,2800,3300,3000,11-Jan-25
19956,Meerut,Meerut,Onion,Red,FAQ,2040,2200,2110,30-Jan-25
19957,Meerut,Meerut,Onion,Red,FAQ,2200,2380,2290,22-Jan-25
19958,Sitapur,Mehmoodabad,Onion,Red,FAQ,2220,2275,2250,28-Jan-25
19959,Sitapur,Mehmoodabad,Onion,Red,FAQ,2485,2540,2510,02-Jan-25
19960,Sitapur,Mehmoodabad,Onion,Red,FAQ,2510,2565,2540,06-Jan-25
19961,Ranga Reddy,Mehndipatnam(Rythu Bazar),Onion,1st Sort,FAQ,4000,4000,4000,06-Jan-25
19962,Ranga Reddy,Mehndipatnam(Rythu Bazar),Onion,1st Sort,Non-FAQ,3500,3500,3500,24-Jan-25
19963,Mehsana,Mehsana(Mehsana Veg),Onion,Onion,FAQ,700,2200,1900,30-Jan-25
19964,Mehsana,Mehsana(Mehsana Veg),Onion,Onion,FAQ,900,2700,1900,01-Jan-25
19965,Mehsana,Mehsana(Mehsana Veg),Onion,Onion,Non-FAQ,175,3000,2000,31-Jan-25
19966,Coochbehar,Mekhliganj,Onion,Other,FAQ,2600,3000,2800,11-Jan-25
19967,Coochbehar,Mekhliganj,Onion,Other,FAQ,2700,2900,2800,07-Jan-25
19968,Coochbehar,Mekhliganj,Onion,Other,FAQ,2700,2900,2800,22-Jan-25
19969,Coochbehar,Mekhliganj,Onion,Other,FAQ,2800,3000,2900,16-Jan-25
19970,Sepahijala,Melaghar,Onion,Red,FAQ,3200,3400,3300,03-Jan-25
19971,Sepahijala,Melaghar,Onion,Red,FAQ,3300,3600,3500,06-Jan-25
19972,Sepahijala,Melaghar,Onion,Red,FAQ,3600,3800,3700,07-Jan-25
19973,Thirunelveli,Melapalayam(Uzhavar Sandhai ),Onion,Bellary,Local,3500,4000,4000,19-Jan-25
19974,Thirunelveli,Melapalayam(Uzhavar Sandhai ),Onion,Bellary,Local,3800,4000,4000,12-Jan-25
19975,Thirunelveli,Melapalayam(Uzhavar Sandhai ),Onion,Bellary,Local,3800,4000,4000,28-Jan-25
19976,Madurai,Melur(Uzhavar Sandhai ),Onion,Bellary,Local,4500,5000,5000,23-Jan-25
19977,Madurai,Melur(Uzhavar Sandhai ),Onion,Bellary,Local,4800,5000,5000,25-Jan-25
19978,Coimbatore,Mettupalayam(Uzhavar Sandhai ),Onion,Bellary,Local,3600,4000,4000,31-Jan-25
19979,Coimbatore,Mettupalayam(Uzhavar Sandhai ),Onion,Bellary,Local,4400,4800,4800,26-Jan-25
19980,Indore,Mhow(F&V),Onion,Onion,FAQ,800,1800,1000,07-Jan-25
19981,Indore,Mhow(F&V),Onion,Onion,FAQ,800,1800,1200,09-Jan-25
19982,Rampur,Milak,Onion,Red,FAQ,2070,2155,2115,27-Jan-25
19983,Mirzapur,Mirzapur,Onion,Red,FAQ,2075,2175,2135,28-Jan-25
19984,Mirzapur,Mirzapur,Onion,Red,FAQ,2375,2500,2435,12-Jan-25
19985,Saharanpur,Saharanpur,Onion,Red,FAQ,2000,2500,2300,22-Jan-25
19986,Saharanpur,Saharanpur,Onion,Red,FAQ,2250,2650,2450,17-Jan-25
19987,Saharanpur,Saharanpur,Onion,Red,FAQ,2500,2900,2700,02-Jan-25
19988,Siddharth Nagar,Sahiyapur,Onion,Red,FAQ,1500,1890,1850,18-Jan-25
19989,Siddharth Nagar,Sahiyapur,Onion,Red,FAQ,1600,1780,1680,03-Jan-25
19990,Ludhiana,Sahnewal,Onion,Onion,FAQ,2600,2600,2600,24-Jan-25
19991,Ratlam,Sailana,Onion,Local,FAQ,1301,2126,2126,02-Jan-25
19992,Ratlam,Sailana,Onion,Medium,FAQ,1001,1991,1991,06-Jan-25
19993,Ratlam,Sailana(F&V),Onion,Local,FAQ,600,2101,1350,27-Jan-25
19994,Ratlam,Sailana(F&V),Onion,Local,FAQ,671,2000,1330,31-Jan-25
19995,Ratlam,Sailana(F&V),Onion,Local,FAQ,690,2251,1470,21-Jan-25
19996,Ratlam,Sailana(F&V),Onion,Local,FAQ,751,2259,1500,08-Jan-25
19997,Ratlam,Sailana(F&V),Onion,Local,FAQ,1150,2280,1460,03-Jan-25
19998,Raebarelli,Salon,Onion,1st Sort,FAQ,2450,2460,2455,13-Jan-25
19999,Raebarelli,Salon,Onion,1st Sort,Non-FAQ,2275,2285,2280,31-Jan-25
20000,Ludhiana,Samrala,Onion,Other,FAQ,1500,2000,1800,04-Jan-25
20001,Ludhiana,Samrala,Onion,Other,FAQ,2000,2500,2200,23-Jan-25
20002,Agra,Samsabad,Onion,Red,FAQ,2200,2400,2300,01-Jan-25
20003,Malda,Samsi,Onion,Onion,FAQ,2000,2800,2400,24-Jan-25
20004,Malda,Samsi,Onion,Onion,FAQ,3000,3200,3100,06-Jan-25
20005,Hardoi,Sandi,Onion,Pusa-Red,FAQ,2430,2500,2460,10-Jan-25
20006,Hardoi,Sandila,Onion,Red,FAQ,2150,2250,2200,30-Jan-25
20007,Sangli,"Sangli(Phale, Bhajipura Market)",Onion,Local,FAQ,1000,3500,2250,04-Jan-25
20008,Hanumangarh,Sangriya,Onion,Onion,FAQ,2200,3300,2800,15-Jan-25
20009,Sangrur,Sangrur,Onion,Onion,FAQ,2500,3000,2800,13-Jan-25
20010,Tenkasi,Sankarankoil(Uzhavar Sandhai ),Onion,Bellary,Local,4500,5000,5000,14-Jan-25
20011,Tenkasi,Sankarankoil(Uzhavar Sandhai ),Onion,Bellary,Local,4500,5000,5000,16-Jan-25
20012,Tenkasi,Sankarankoil(Uzhavar Sandhai ),Onion,Bellary,Local,5000,5500,5500,29-Jan-25
20013,Kallakuruchi,Sankarapuram(Uzhavar Sandhai ),Onion,Bellary,Local,4000,5000,5000,11-Jan-25
20014,Kallakuruchi,Sankarapuram(Uzhavar Sandhai ),Onion,Bellary,Local,4000,5000,5000,24-Jan-25
20015,Kallakuruchi,Sankarapuram(Uzhavar Sandhai ),Onion,Bellary,Local,5000,6000,6000,02-Jan-25
20016,Rajgarh,Sarangpur,Onion,Local,FAQ,550,1000,1000,31-Jan-25
20017,Rajgarh,Sarangpur,Onion,Local,FAQ,700,1200,1000,01-Feb-25
20018,Sundergarh,Sargipali,Onion,Other,Non-FAQ,2500,3000,2800,21-Jan-25
20019,Rohtas,Sasaram,Onion,Medium,FAQ,1800,2200,2000,27-Jan-25
20020,Rohtas,Sasaram,Onion,Medium,FAQ,2100,2500,2300,06-Jan-25
20021,Nashik,Satana,Onion,Red,Local,265,2405,1925,29-Jan-25
20022,Nashik,Satana,Onion,Red,Local,350,2555,2020,27-Jan-25
20023,Satara,Satara,Onion,Other,FAQ,1000,3000,2000,01-Jan-25
20024,Satara,Satara,Onion,Other,FAQ,1000,3000,2000,09-Jan-25
20025,Erode,Sathiyamagalam(Uzhavar Sandhai ),Onion,Bellary,Local,3500,4000,4000,31-Jan-25
20026,Erode,Sathiyamagalam(Uzhavar Sandhai ),Onion,Bellary,Local,4000,4400,4400,18-Jan-25
20027,Erode,Sathiyamagalam(Uzhavar Sandhai ),Onion,Bellary,Local,4000,4500,4500,08-Jan-25
20028,Virudhunagar,Sathur(Uzhavar Sandhai ),Onion,Bellary,Local,4000,4500,4500,08-Jan-25
20029,Hathras,Shadabad,Onion,Red,FAQ,2100,2200,2150,05-Jan-25
20030,Hathras,Shadabad,Onion,Red,FAQ,2100,2200,2150,11-Jan-25
20031,Hathras,Shadabad,Onion,Red,FAQ,3100,3200,3150,18-Jan-25
20032,Kurukshetra,Shahabad,Onion,Onion,FAQ,1800,2500,2200,28-Jan-25
20033,Kurukshetra,Shahabad,Onion,Onion,FAQ,1800,2500,2400,25-Jan-25
20034,Kurukshetra,Shahabad,Onion,Onion,FAQ,1800,2800,2500,14-Jan-25
20035,Kurukshetra,Shahabad,Onion,Onion,FAQ,2000,2800,2500,13-Jan-25
20036,Mandsaur,Sitmau,Onion,Onion,FAQ,700,1790,1610,02-Jan-25
20037,Virudhunagar,Sivakasi(Uzhavar Sandhai ),Onion,Bellary,Local,3500,4000,4000,01-Feb-25
20038,Virudhunagar,Sivakasi(Uzhavar Sandhai ),Onion,Bellary,Local,4800,5000,5000,02-Jan-25
20039,Kaithal,Siwan,Onion,Other,FAQ,2400,2550,2500,29-Jan-25
20040,Kaithal,Siwan,Onion,Other,FAQ,2500,2600,2600,23-Jan-25
20041,Bulandshahar,Siyana,Onion,Red,FAQ,2000,2160,2080,01-Feb-25
20042,Bulandshahar,Siyana,Onion,Red,FAQ,2100,2230,2170,28-Jan-25
20043,Bulandshahar,Siyana,Onion,Red,FAQ,2300,2420,2370,20-Jan-25
20044,Gurgaon,Sohna,Onion,Onion,FAQ,2000,2500,2200,25-Jan-25
20045,Gurgaon,Sohna,Onion,Onion,FAQ,2500,3000,3000,06-Jan-25
20046,Solan,Solan,Onion,Other,FAQ,2200,2800,2700,18-Jan-25
20047,Solan,Solan,Onion,Other,FAQ,2300,2800,2700,14-Jan-25
20048,Solan,Solan,Onion,Other,FAQ,2500,3100,2900,31-Jan-25
20049,Sholapur,Solapur,Onion,Red,FAQ,300,3700,1600,16-Jan-25
20050,Sholapur,Solapur,Onion,Red,Local,200,3500,1600,30-Jan-25
20051,Sonipat,Sonepat,Onion,Other,FAQ,2200,2800,2200,11-Jan-25
20052,Sonipat,Sonepat,Onion,Other,FAQ,2500,3000,2500,07-Jan-25
20053,Salem,Sooramangalam(Uzhavar Sandhai ),Onion,Bellary,Local,5000,5600,5600,29-Jan-25
20054,Salem,Sooramangalam(Uzhavar Sandhai ),Onion,Bellary,Local,5000,5600,5600,31-Jan-25
20055,Salem,Sooramangalam(Uzhavar Sandhai ),Onion,Bellary,Local,5500,6000,6000,04-Jan-25
20056,Salem,Sooramangalam(Uzhavar Sandhai ),Onion,Bellary,Local,5500,6000,6000,06-Jan-25
20057,Salem,Sooramangalam(Uzhavar Sandhai ),Onion,Bellary,Local,5500,6000,6000,25-Jan-25
20058,Shajapur,Soyatkalan,Onion,Onion,FAQ,310,1435,1435,18-Jan-25
20059,Ganganagar,Sriganganagar (F&V),Onion,Other,FAQ,2200,2600,2400,28-Jan-25
20060,Virudhunagar,Srivilliputhur(Uzhavar Sandhai ),Onion,Bellary,Local,4500,5000,5000,18-Jan-25
20061,Virudhunagar,Srivilliputhur(Uzhavar Sandhai ),Onion,Bellary,Local,5500,6000,6000,16-Jan-25
20062,Churu,Sujangarh,Onion,Other,FAQ,2000,2200,2100,09-Jan-25
20063,Coimbatore,Sulur(Uzhavar Sandhai ),Onion,Bellary,Local,3400,3800,3800,01-Jan-25
20064,Coimbatore,Sulur(Uzhavar Sandhai ),Onion,Bellary,Local,3600,4000,4000,13-Jan-25
20065,Coimbatore,Sulur(Uzhavar Sandhai ),Onion,Bellary,Local,4000,4500,4500,20-Jan-25
20066,Sangrur,Sunam,Onion,Nasik,FAQ,1500,3000,2000,03-Jan-25
20067,Coimbatore,Sundarapuram(Uzhavar Sandhai ),Onion,Bellary,Local,3400,3800,3800,01-Feb-25
20068,Surat,Surat,Onion,Other,FAQ,1000,2600,1800,17-Jan-25
20069,Surat,Surat,Onion,Other,FAQ,1000,2900,1950,25-Jan-25
20070,Ganganagar,Suratgarh,Onion,1st Sort,FAQ,1800,2200,2100,13-Jan-25
20071,Samastipur,Tajpur,Onion,Medium,FAQ,2400,2600,2500,25-Jan-25
20072,Samastipur,Tajpur,Onion,Medium,FAQ,2500,2700,2700,16-Jan-25
20073,Samastipur,Tajpur,Onion,Medium,FAQ,2500,2700,2700,17-Jan-25
20074,Bhavnagar,Taleja,Onion,Red,FAQ,900,2470,1685,04-Jan-25
20075,Bhavnagar,Taleja,Onion,Red,FAQ,950,2240,1595,30-Jan-25
20076,Kannur,Taliparamba,Onion,Onion,FAQ,3900,4100,4000,03-Jan-25
20077,Kannur,Taliparamba,Onion,Onion,FAQ,3900,4100,4000,12-Jan-25
20078,Kannur,Taliparamba,Onion,Onion,FAQ,3900,4100,4000,30-Jan-25
20079,Bhatinda,Talwandi Sabo,Onion,Other,FAQ,2200,2700,2500,22-Jan-25
20080,Thiruvannamalai,Tamarainagar(Uzhavar Sandhai ),Onion,Bellary,Local,4000,5000,5000,22-Jan-25
20081,Hoshiarpur,Tanda Urmur,Onion,Other,FAQ,2800,3500,3000,31-Jan-25
20082,Tarntaran,Tarantaran,Onion,Other,FAQ,2000,2200,2100,29-Jan-25
20083,Karnal,Tarori,Onion,Other,FAQ,1800,2200,2000,24-Jan-25
20084,Mewat,Tauru,Onion,Other,FAQ,2800,2800,2800,09-Jan-25
20085,Mewat,Tauru,Onion,Other,Non-FAQ,2500,2500,2500,26-Jan-25
20086,Khowai,Teliamura,Onion,Nasik,FAQ,3400,3600,3500,20-Jan-25
20087,Tenkasi,Tenkasi(Uzhavar Sandhai ),Onion,Bellary,Local,4000,4000,4000,07-Jan-25
20088,Delhi,Shahdara,Onion,Nasik,FAQ,1900,2700,2400,24-Jan-25
20089,Delhi,Shahdara,Onion,Other,Non-FAQ,1900,2700,2400,24-Jan-25
20090,Jaunpur,Shahganj,Onion,Red,FAQ,2500,2600,2560,06-Jan-25
20091,Shahjahanpur,Shahjahanpur,Onion,Red,FAQ,2170,2280,2220,11-Jan-25
20092,Shahjahanpur,Shahjahanpur,Onion,Red,FAQ,2170,2300,2230,17-Jan-25
20093,Muzaffarnagar,Shahpur,Onion,Red,FAQ,1455,1540,1490,30-Jan-25
20094,Ambala,Shahzadpur,Onion,Local,FAQ,2000,2000,2000,08-Jan-25
20095,Ambala,Shahzadpur,Onion,Local,FAQ,2000,2000,2000,13-Jan-25
20096,Shajapur,Shajapur,Onion,Onion,FAQ,1000,1834,1834,23-Jan-25
20097,Shamli,Shamli,Onion,Red,FAQ,2200,2300,2250,30-Jan-25
20098,Shamli,Shamli,Onion,Red,FAQ,2250,2350,2300,28-Jan-25
20099,Shamli,Shamli,Onion,Red,FAQ,2450,2550,2500,13-Jan-25
20100,Shamli,Shamli,Onion,Red,FAQ,2500,2600,2550,03-Jan-25
20101,Hooghly,Sheoraphuly,Onion,Nasik,FAQ,2600,3000,2800,14-Jan-25
20102,Shimla,Shimla,Onion,1st Sort,FAQ,3400,3500,3400,09-Jan-25
20103,Shimoga,Shimoga,Onion,Onion,FAQ,2500,4500,3500,10-Jan-25
20104,Dhule,Shirpur,Onion,Red,FAQ,300,2525,1750,25-Jan-25
20105,Nashik,Shivsiddha Govind Producer Company Limited Sanchal,Onion,Red,FAQ,2000,2900,2400,07-Jan-25
20106,Nashik,Shree Rameshwar Krushi Market ,Onion,Red,FAQ,300,2500,1778.01,17-Jan-25
20107,Ahmednagar,Shree Sairaj Krushi Market,Onion,Local,FAQ,500,3200,1900,25-Jan-25
20108,Ahmednagar,Shree Sairaj Krushi Market,Onion,Local,FAQ,600,3500,2100,18-Jan-25
20109,Ahmednagar,Shrigonda,Onion,Other,FAQ,500,2800,1900,08-Jan-25
20110,Sikar,Sikar,Onion,1st Sort,FAQ,900,1500,1200,03-Jan-25
20111,Sikar,Sikar,Onion,Onion,FAQ,1000,1800,1400,17-Jan-25
20112,Bulandshahar,Sikarpur,Onion,Red,FAQ,1100,1250,1200,01-Feb-25
20113,Bulandshahar,Sikarpur,Onion,Red,FAQ,1500,1650,1600,12-Jan-25
20114,Sivaganga,Singampunari(Uzhavar Sandhai ),Onion,Bellary,Local,5000,5500,5500,01-Feb-25
20115,Coimbatore,Singanallur(Uzhavar Sandhai ),Onion,Bellary,Local,4200,4500,4500,22-Jan-25
20116,Nashik,Sinner,Onion,Red,FAQ,500,2475,2050,09-Jan-25
20117,Nashik,Sinner,Onion,Red,FAQ,500,2800,2350,06-Jan-25
20118,Nagapattinam,Sirkali(Uzhavar Sandhai ),Onion,Bellary,Local,4000,5000,5000,24-Jan-25
20119,Sirsa,Sirsa,Onion,Other,FAQ,2000,2800,2600,02-Jan-25
20120,Sitapur,Sitapur,Onion,Red,FAQ,1600,2550,2425,10-Jan-25
20121,Mandsaur,Sitmau,Onion,Onion,FAQ,620,1800,1400,01-Feb-25
20122,Mandsaur,Sitmau,Onion,Onion,FAQ,1220,1910,1500,29-Jan-25
20123,Sivaganga,Sivagangai (Uzhavar Sandhai ),Onion,Bellary,Local,5000,5200,5200,31-Jan-25
20124,Sivaganga,Sivagangai (Uzhavar Sandhai ),Onion,Bellary,Local,5000,5400,5400,18-Jan-25
20125,Virudhunagar,Sivakasi(Uzhavar Sandhai ),Onion,Bellary,Local,3800,4000,4000,20-Jan-25
20126,Virudhunagar,Sivakasi(Uzhavar Sandhai ),Onion,Bellary,Local,4200,4500,4500,10-Jan-25
20127,Virudhunagar,Sivakasi(Uzhavar Sandhai ),Onion,Bellary,Local,4800,5000,5000,03-Jan-25
20128,Kaithal,Siwan,Onion,Other,FAQ,2500,2600,2600,16-Jan-25
20129,Bulandshahar,Siyana,Onion,Red,FAQ,2600,2700,2660,03-Jan-25
20130,Gurgaon,Sohna,Onion,Onion,FAQ,2000,2200,2200,31-Jan-25
20131,Solan,Solan,Onion,Other,FAQ,2300,2800,2700,15-Jan-25
20132,Solan,Solan,Onion,Other,FAQ,3000,3600,3400,01-Jan-25
20133,Sholapur,Solapur,Onion,Red,FAQ,200,4000,2100,23-Jan-25
20134,Sonipat,Sonepat,Onion,Other,FAQ,1200,1300,1200,27-Jan-25
20135,Sonipat,Sonepat,Onion,Other,FAQ,1800,2100,1800,14-Jan-25
20136,Sonipat,Sonepat,Onion,Other,FAQ,2600,2800,2600,24-Jan-25
20137,Sonipat,Sonepat,Onion,Other,FAQ,2700,2800,2700,20-Jan-25
20138,Dewas,Sonkachh(F&V),Onion,Onion,FAQ,501,1601,511,10-Jan-25
20139,Tenkasi,Tenkasi(Uzhavar Sandhai ),Onion,Bellary,Local,4000,4000,4000,10-Jan-25
20140,Tenkasi,Tenkasi(Uzhavar Sandhai ),Onion,Bellary,Local,4000,4000,4000,26-Jan-25
20141,Tenkasi,Tenkasi(Uzhavar Sandhai ),Onion,Bellary,Local,4000,4000,4000,27-Jan-25
20142,Tenkasi,Tenkasi(Uzhavar Sandhai ),Onion,Bellary,Local,4000,4500,4500,30-Jan-25
20143,Kannur,Thalasserry,Onion,1st Sort,FAQ,2800,3100,3000,20-Jan-25
20144,Kannur,Thalasserry,Onion,1st Sort,FAQ,4300,4600,4500,01-Jan-25
20145,Kannur,Thalasserry,Onion,1st Sort,FAQ,4400,4600,4500,05-Jan-25
20146,Erode,Thalavadi(Uzhavar Sandhai ),Onion,Bellary,Local,3500,4000,4000,10-Jan-25
20147,Erode,Thalavadi(Uzhavar Sandhai ),Onion,Bellary,Local,4000,4500,4500,02-Jan-25
20148,Erode,Thalavadi(Uzhavar Sandhai ),Onion,Bellary,Local,4000,4500,4500,08-Jan-25
20149,Erode,Thalavadi(Uzhavar Sandhai ),Onion,Bellary,Local,4000,4500,4500,28-Jan-25
20150,Virudhunagar,Thalavaipuram(Uzhavar Sandhai ),Onion,Bellary,Local,4000,5000,5000,14-Jan-25
20151,Kottayam,Thalayolaparambu,Onion,Big,FAQ,3400,3700,3500,14-Jan-25
20152,Kottayam,Thalayolaparambu,Onion,Big,FAQ,4000,4300,4100,03-Jan-25
20153,Kottayam,Thalayolaparambu,Onion,Big,FAQ,4000,4400,4200,07-Jan-25
20154,Kottayam,Thalayolaparambu,Onion,Onion,FAQ,9400,9800,9600,21-Jan-25
20155,Salem,Thammampatti (Uzhavar Sandhai ),Onion,Bellary,Local,5000,5400,5400,01-Feb-25
20156,Salem,Thammampatti (Uzhavar Sandhai ),Onion,Bellary,Local,5000,5500,5500,23-Jan-25
20157,Salem,Thammampatti (Uzhavar Sandhai ),Onion,Bellary,Local,5000,5500,5500,25-Jan-25
20158,Salem,Thammampatti (Uzhavar Sandhai ),Onion,Bellary,Local,5500,6000,6000,04-Jan-25
20159,Kurukshetra,Thanesar,Onion,Onion,FAQ,1500,2800,2000,07-Jan-25
20160,Kurukshetra,Thanesar,Onion,Onion,FAQ,1600,3000,2400,24-Jan-25
20161,Thanjavur,Thanjavur(Uzhavar Sandhai ),Onion,Bellary,Local,4600,4600,4600,11-Jan-25
20162,Thanjavur,Thanjavur(Uzhavar Sandhai ),Onion,Bellary,Local,4600,4600,4600,24-Jan-25
20163,Salem,Thathakapatti(Uzhavar Sandhai ),Onion,Bellary,Local,5000,5600,5600,22-Jan-25
20164,Chengalpattu,Thirukalukundram(Uzhavar Sandhai ),Onion,Bellary,Local,4000,5000,5000,01-Feb-25
20165,Madurai,Thirumangalam(Uzhavar Sandhai ),Onion,Bellary,Local,4500,5200,5200,06-Jan-25
20166,Vellore,Thirupathur,Onion,Bellary,Local,4500,4500,4500,20-Jan-25
20167,Vellore,Thirupathur,Onion,Bellary,Local,5000,5000,5000,31-Jan-25
20168,Idukki,Thodupuzha,Onion,Big,FAQ,3500,3700,3700,28-Jan-25
20169,Idukki,Thodupuzha,Onion,Small,FAQ,8300,8400,8400,07-Jan-25
20170,Ernakulam,Thrippunithura,Onion,Big,FAQ,3600,4400,3600,15-Jan-25
20171,Ernakulam,Thrippunithura,Onion,Big,FAQ,4100,4800,4100,03-Jan-25
20172,Ernakulam,Thrippunithura,Onion,Big,FAQ,4200,4800,4200,23-Jan-25
20173,Ernakulam,Thrippunithura,Onion,Big,FAQ,4300,4800,4300,27-Jan-25
20174,Thirssur,Thrissur,Onion,Onion,FAQ,5700,5700,5700,04-Jan-25
20175,Thirssur,Thrissur,Onion,Onion,FAQ,5700,5700,5700,06-Jan-25
20176,Thirssur,Thrissur,Onion,Onion,FAQ,6200,6200,6200,27-Jan-25
20177,Thiruchirappalli,Thuraiyur,Onion,Bellary,Local,4000,5000,5000,29-Jan-25
20178,Thiruchirappalli,Thuraiyur,Onion,Bellary,Local,4000,5000,5000,30-Jan-25
20179,Khiri (Lakhimpur),Tikonia,Onion,Red,FAQ,3120,3250,3160,02-Jan-25
20180,Shahjahanpur,Tilhar,Onion,Red,FAQ,2160,2260,2210,03-Jan-25
20181,Villupuram,Tindivanam,Onion,Bellary,Local,4000,5000,5000,01-Jan-25
20182,Villupuram,Tindivanam,Onion,Bellary,Local,4000,5000,5000,07-Jan-25
20183,Villupuram,Tindivanam,Onion,Bellary,Local,4000,5000,5000,09-Jan-25
20184,Namakkal,Tiruchengode,Onion,Bellary,Local,4000,5000,5000,29-Jan-25
20185,Namakkal,Tiruchengode,Onion,Bellary,Local,4000,5500,5500,07-Jan-25
20186,Namakkal,Tiruchengode,Onion,Bellary,Local,5000,6000,6000,18-Jan-25
20187,Thirupur,Tiruppur (North) (Uzhavar Sandhai ),Onion,Bellary,Local,3500,4000,4000,28-Jan-25
20188,Thirupur,Tiruppur (North) (Uzhavar Sandhai ),Onion,Bellary,Local,3600,4000,4000,03-Jan-25
20189,Thiruvannamalai,Tiruvannamalai(Uzhavar Sandhai ),Onion,Bellary,Local,4000,4500,4500,02-Jan-25
20190,Thiruvannamalai,Tiruvannamalai(Uzhavar Sandhai ),Onion,Bellary,Local,4000,5000,5000,07-Jan-25
20191,Thiruvannamalai,Tiruvannamalai(Uzhavar Sandhai ),Onion,Bellary,Local,4000,5000,5000,16-Jan-25
20192,Thiruvannamalai,Tiruvannamalai(Uzhavar Sandhai ),Onion,Bellary,Local,4000,5000,5000,26-Jan-25
20193,Thiruvannamalai,Tiruvannamalai(Uzhavar Sandhai ),Onion,Bellary,Local,4000,5000,5000,29-Jan-25
20194,Thiruvannamalai,Tiruvannamalai(Uzhavar Sandhai ),Onion,Bellary,Local,4500,5000,5000,09-Jan-25
20195,Thiruvarur,Tiruvarur(Uzhavar Sandhai ),Onion,Bellary,Local,4000,5000,5000,28-Jan-25
20196,Thiruvarur,Tiruvarur(Uzhavar Sandhai ),Onion,Bellary,Local,4000,6000,6000,17-Jan-25
20197,Thiruvarur,Tiruvarur(Uzhavar Sandhai ),Onion,Bellary,Local,4400,6000,6000,20-Jan-25
20198,Fatehabad,Tohana(New Veg Market),Onion,Onion,FAQ,2700,2700,2700,10-Jan-25
20199,Balrampur,Tulsipur,Onion,Red,FAQ,2150,2250,2200,30-Jan-25
20200,Balrampur,Tulsipur,Onion,Red,FAQ,2460,2520,2480,04-Jan-25
20201,Balrampur,Tulsipur,Onion,Red,FAQ,2510,2570,2530,15-Jan-25
20202,Balrampur,Tulsipur,Onion,Red,FAQ,2530,2600,2560,17-Jan-25
20203,Firozabad,Tundla,Onion,Red,FAQ,2225,2275,2250,20-Jan-25
20204,Tuticorin,Tuticorin(Uzhavar Sandhai ),Onion,Bellary,Local,4500,5000,5000,14-Jan-25
20205,Tuticorin,Tuticorin(Uzhavar Sandhai ),Onion,Bellary,Local,4500,5000,5000,17-Jan-25
20206,Udaipur,Udaipur (F&V),Onion,Other,FAQ,800,1500,1150,23-Jan-25
20207,Udaipur,Udaipur (F&V),Onion,Other,FAQ,1500,2500,2000,07-Jan-25
20208,Mayurbhanja,Udala,Onion,Onion,FAQ,3400,3700,3500,23-Jan-25
20209,Mayurbhanja,Udala,Onion,Onion,FAQ,3500,3700,3500,25-Jan-25
20210,The Nilgiris,Udhagamandalam(Uzhavar Sandhai ),Onion,Bellary,Local,4200,4700,4700,03-Jan-25
20211,The Nilgiris,Udhagamandalam(Uzhavar Sandhai ),Onion,Bellary,Local,4500,4800,4800,29-Jan-25
20212,The Nilgiris,Udhagamandalam(Uzhavar Sandhai ),Onion,Bellary,Local,4500,5000,5000,24-Jan-25
20213,The Nilgiris,Udhagamandalam(Uzhavar Sandhai ),Onion,Bellary,Local,4800,5000,5000,04-Jan-25
20214,Udhampur,Udhampur,Onion,Other,FAQ,3000,3200,3100,21-Jan-25
20215,Coimbatore,Udumalpet,Onion,Bellary,Local,3000,4800,4800,22-Jan-25
20216,Coimbatore,Udumalpet,Onion,Bellary,Local,4500,5000,5000,03-Jan-25
20217,Udupi,Udupi,Onion,Onion,FAQ,2800,3000,2900,20-Jan-25
20218,Badaun,Ujhani,Onion,Local,FAQ,2200,2300,2250,24-Jan-25
20219,Badaun,Ujhani,Onion,Red,FAQ,2230,2300,2260,12-Jan-25
20220,Badaun,Ujhani,Onion,Red,FAQ,2250,2300,2290,20-Jan-25
20221,Ujjain,Ujjain,Onion,Onion,FAQ,1060,2493,1600,06-Jan-25
20222,Hissar,Uklana,Onion,Onion,FAQ,1800,1800,1800,04-Jan-25
20223,Hissar,Uklana,Onion,Onion,FAQ,1800,1800,1800,23-Jan-25
20224,Hissar,Uklana,Onion,Onion,FAQ,2700,2800,2800,07-Jan-25
20225,Nashik,Umrane,Onion,Red,FAQ,700,2500,1800,10-Jan-25
20226,Una,Una,Onion,Onion,FAQ,2700,3500,3100,04-Jan-25
20227,Unnao,Unnao,Onion,Red,FAQ,2225,2350,2300,25-Jan-25
20228,Unnao,Unnao,Onion,Red,FAQ,2275,2375,2325,17-Jan-25
20229,Unnao,Unnao,Onion,Red,FAQ,2600,2725,2650,07-Jan-25
20230,Unnao,Unnao,Onion,Red,FAQ,2700,2850,2750,02-Jan-25
20231,Kanpur,Uttaripura,Onion,Red,FAQ,2230,2430,2330,24-Jan-25
20232,Kanpur,Uttaripura,Onion,Red,FAQ,2280,2480,2380,14-Jan-25
20233,Kanpur,Uttaripura,Onion,Red,FAQ,2285,2485,2385,15-Jan-25
20234,Kanpur,Uttaripura,Onion,Red,FAQ,2420,2620,2520,06-Jan-25
20235,Palakad,Vadakkenchery,Onion,Big,FAQ,4500,5000,4750,16-Jan-25
20236,Palakad,Vadakkenchery,Onion,Big,FAQ,4500,5000,4750,17-Jan-25
20237,Palakad,Vadakkenchery,Onion,Big,FAQ,4500,5000,4750,30-Jan-25
20238,Dewas,Sonkatch,Onion,Local,FAQ,502,1301,1301,16-Jan-25
20239,Salem,Sooramangalam(Uzhavar Sandhai ),Onion,Bellary,Local,5000,6000,6000,23-Jan-25
20240,Ganganagar,Sriganganagar (F&V),Onion,Other,FAQ,2200,2600,2400,30-Jan-25
20241,Ganganagar,Sriganganagar (F&V),Onion,Other,FAQ,2600,3000,2800,07-Jan-25
20242,Ganganagar,Sriganganagar (F&V),Onion,Other,FAQ,2700,3100,2900,08-Jan-25
20243,Virudhunagar,Srivilliputhur(Uzhavar Sandhai ),Onion,Bellary,Local,4000,5000,5000,04-Jan-25
20244,Virudhunagar,Srivilliputhur(Uzhavar Sandhai ),Onion,Bellary,Local,4000,5000,5000,19-Jan-25
20245,Virudhunagar,Srivilliputhur(Uzhavar Sandhai ),Onion,Bellary,Local,4000,5000,5000,20-Jan-25
20246,Virudhunagar,Srivilliputhur(Uzhavar Sandhai ),Onion,Bellary,Local,5500,6000,6000,02-Jan-25
20247,Churu,Sujangarh,Onion,Other,FAQ,2100,2300,2200,07-Jan-25
20248,Amethi,Sultanpur,Onion,Red,FAQ,2200,2350,2280,25-Jan-25
20249,Amethi,Sultanpur,Onion,Red,FAQ,2300,2425,2350,13-Jan-25
20250,Amethi,Sultanpur,Onion,Red,FAQ,2300,2455,2370,11-Jan-25
20251,Amethi,Sultanpur,Onion,Red,Non-FAQ,1900,1970,1940,30-Jan-25
20252,Coimbatore,Sulur(Uzhavar Sandhai ),Onion,Bellary,Local,4000,4500,4500,11-Jan-25
20253,Coimbatore,Sulur(Uzhavar Sandhai ),Onion,Bellary,Local,4000,4500,4500,24-Jan-25
20254,Coimbatore,Sundarapuram(Uzhavar Sandhai ),Onion,Bellary,Local,3400,3700,3700,01-Jan-25
20255,Coimbatore,Sundarapuram(Uzhavar Sandhai ),Onion,Bellary,Local,4000,4200,4200,22-Jan-25
20256,Coimbatore,Sundarapuram(Uzhavar Sandhai ),Onion,Bellary,Local,7500,7800,7800,10-Jan-25
20257,Kancheepuram,Sunguvarchatram(Uzhavar Sandhai ),Onion,Bellary,Local,4000,4500,4500,08-Jan-25
20258,Surat,Surat,Onion,Other,FAQ,1000,2800,1900,12-Jan-25
20259,Surat,Surat,Onion,Other,FAQ,1000,2900,1950,10-Jan-25
20260,Ganganagar,Suratgarh,Onion,1st Sort,FAQ,1400,1600,1500,24-Jan-25
20261,Ganganagar,Suratgarh,Onion,1st Sort,FAQ,1500,1800,1600,10-Jan-25
20262,Ganganagar,Suratgarh,Onion,1st Sort,FAQ,1500,1800,1600,16-Jan-25
20263,Ganganagar,Suratgarh,Onion,1st Sort,FAQ,1500,1800,1600,17-Jan-25
20264,Bhavnagar,Taleja,Onion,Red,FAQ,1000,2450,1725,03-Jan-25
20265,Kannur,Taliparamba,Onion,Onion,FAQ,3900,4100,4000,02-Jan-25
20266,Kannur,Taliparamba,Onion,Onion,FAQ,3900,4100,4000,28-Jan-25
20267,Bhatinda,Talwandi Sabo,Onion,Other,FAQ,1800,2000,1900,04-Jan-25
20268,Bhatinda,Talwandi Sabo,Onion,Other,FAQ,2000,2500,2200,09-Jan-25
20269,Bhatinda,Talwandi Sabo,Onion,Other,FAQ,2000,2800,2200,14-Jan-25
20270,Medinipur(E),Tamluk (Medinipur E),Onion,Onion,FAQ,3200,3600,3400,04-Jan-25
20271,Hoshiarpur,Tanda Urmur,Onion,Other,FAQ,2800,3200,3000,21-Jan-25
20272,Rampur,Tanda(Rampur),Onion,Other,FAQ,1200,1300,1250,29-Jan-25
20273,Tarntaran,Tarantaran,Onion,Other,FAQ,2200,2500,2400,19-Jan-25
20274,Tenkasi,Tenkasi(Uzhavar Sandhai ),Onion,Bellary,Local,4000,4000,4000,22-Jan-25
20275,Kannur,Thalasserry,Onion,1st Sort,FAQ,3000,3300,3200,01-Feb-25
20276,Kannur,Thalasserry,Onion,1st Sort,FAQ,3100,3300,3200,30-Jan-25
20277,Kannur,Thalasserry,Onion,1st Sort,FAQ,3400,3600,3500,25-Jan-25
20278,Erode,Thalavadi(Uzhavar Sandhai ),Onion,Bellary,Local,4000,4500,4500,03-Jan-25
20279,Erode,Thalavadi(Uzhavar Sandhai ),Onion,Bellary,Local,4000,4500,4500,30-Jan-25
20280,Virudhunagar,Thalavaipuram(Uzhavar Sandhai ),Onion,Bellary,Local,4000,5000,5000,28-Jan-25
20281,Kottayam,Thalayolaparambu,Onion,Big,FAQ,3600,3900,3700,10-Jan-25
20282,Kottayam,Thalayolaparambu,Onion,Big,FAQ,4000,4400,4200,22-Jan-25
20283,Salem,Thammampatti (Uzhavar Sandhai ),Onion,Bellary,Local,5000,5500,5500,17-Jan-25
20284,Salem,Thammampatti (Uzhavar Sandhai ),Onion,Bellary,Local,5000,6000,6000,06-Jan-25
20285,Shamli,Thanabhavan,Onion,Red,FAQ,2200,2500,2300,09-Jan-25
20286,Thanjavur,Thanjavur(Uzhavar Sandhai ),Onion,Bellary,Local,4600,4600,4600,04-Jan-25
20287,Thanjavur,Thanjavur(Uzhavar Sandhai ),Onion,Bellary,Local,4600,4600,4600,06-Jan-25
20288,Ramanathapuram,Paramakudi(Uzhavar Sandhai ),Onion,Bellary,Local,5000,5500,5500,01-Jan-25
20289,Ramanathapuram,Paramakudi(Uzhavar Sandhai ),Onion,Bellary,Local,5000,5500,5500,27-Jan-25
20290,Ramanathapuram,Paramakudi(Uzhavar Sandhai ),Onion,Bellary,Local,5500,6000,6000,21-Jan-25
20291,Malappuram,Parappanangadi,Onion,Small,FAQ,9000,9100,9100,16-Jan-25
20292,Malappuram,Parappanangadi,Onion,Small,FAQ,9000,9100,9100,17-Jan-25
20293,Srinagar,Parimpore,Onion,Other,FAQ,2500,2900,2700,18-Jan-25
20294,Srinagar,Parimpore,Onion,Other,FAQ,2600,3000,2800,20-Jan-25
20295,Maharajganj,Partaval,Onion,Red,FAQ,2180,2330,2255,29-Jan-25
20296,Maharajganj,Partaval,Onion,Red,FAQ,2185,2335,2260,25-Jan-25
20297,Thiruvellore,Paruthipattu(Uzhavar Sandhai ),Onion,Bellary,Local,5000,5000,5000,23-Jan-25
20298,Gurgaon,Pataudi,Onion,Other,FAQ,2200,2400,2300,30-Jan-25
20299,Patiala,Patiala,Onion,Onion,FAQ,2000,3000,2500,09-Jan-25
20300,Patiala,Patiala,Onion,Onion,FAQ,2000,3000,2500,10-Jan-25
20301,Patiala,Patran,Onion,Other,FAQ,600,2000,1540,09-Jan-25
20302,Patiala,Patran,Onion,Other,FAQ,1500,2000,1870,01-Feb-25
20303,Palakad,Pattambi,Onion,Big,FAQ,3700,4000,3800,17-Jan-25
20304,Palakad,Pattambi,Onion,Small,FAQ,8000,9000,8500,23-Jan-25
20305,Palakad,Pattambi,Onion,Small,FAQ,8500,9000,8600,19-Jan-25
20306,Tarntaran,Patti,Onion,Other,FAQ,1200,1600,1400,01-Feb-25
20307,Tarntaran,Patti,Onion,Other,FAQ,2500,3000,2800,07-Jan-25
20308,Thanjavur,Pattukottai(Uzhavar Sandhai ),Onion,Bellary,Local,4000,5000,5000,12-Jan-25
20309,Thanjavur,Pattukottai(Uzhavar Sandhai ),Onion,Bellary,Local,4000,5000,5000,23-Jan-25
20310,Thanjavur,Pattukottai(Uzhavar Sandhai ),Onion,Bellary,Local,4000,5000,5000,25-Jan-25
20311,Shravasti,Payagpur,Onion,Red,FAQ,2400,2600,2500,10-Jan-25
20312,Kurukshetra,Pehowa,Onion,Other,FAQ,1500,1560,1500,29-Jan-25
20313,Dharmapuri,Pennagaram(Uzhavar Sandhai ),Onion,Bellary,Local,4600,4800,4800,01-Jan-25
20314,Dharmapuri,Pennagaram(Uzhavar Sandhai ),Onion,Bellary,Local,5800,5800,5800,04-Jan-25
20315,Thiruvellore,Perambakkam(Uzhavar Sandhai ),Onion,Bellary,Local,4000,4000,4000,02-Jan-25
20316,Thiruvellore,Perambakkam(Uzhavar Sandhai ),Onion,Bellary,Local,4000,4000,4000,10-Jan-25
20317,Thiruvellore,Perambakkam(Uzhavar Sandhai ),Onion,Bellary,Local,4000,4000,4000,17-Jan-25
20318,Thiruvellore,Perambakkam(Uzhavar Sandhai ),Onion,Bellary,Local,5000,5000,5000,13-Jan-25
20319,Thiruvellore,Perambakkam(Uzhavar Sandhai ),Onion,Bellary,Local,5000,5000,5000,14-Jan-25
20320,Perambalur,Perambalur(Uzhavar Sandhai ),Onion,Bellary,Local,5000,5600,5600,20-Jan-25
20321,Kozhikode(Calicut),Perambra,Onion,Other,FAQ,2800,3200,3000,15-Jan-25
20322,Theni,Periyakulam(Uzhavar Sandhai ),Onion,Bellary,Local,4000,4000,4000,14-Jan-25
20323,Theni,Periyakulam(Uzhavar Sandhai ),Onion,Bellary,Local,4000,4200,4200,19-Jan-25
20324,Ernakulam,Perumbavoor,Onion,Onion,FAQ,3000,4000,3500,10-Jan-25
20325,Ernakulam,Perumbavoor,Onion,Onion,FAQ,3000,4000,3500,16-Jan-25
20326,Ernakulam,Perumbavoor,Onion,Onion,FAQ,3400,4400,3700,29-Jan-25
20327,kapurthala,Phagwara,Onion,Other,FAQ,2150,2622,2150,14-Jan-25
20328,kapurthala,Phagwara,Onion,Other,FAQ,2238,2693,2238,30-Jan-25
20329,Jalandhar,Phillaur(Apra Mandi),Onion,Other,FAQ,2500,2500,2500,30-Jan-25
20330,Pillibhit,Pilibhit,Onion,Red,FAQ,2195,2275,2235,21-Jan-25
20331,Pillibhit,Pilibhit,Onion,Red,FAQ,2200,2300,2250,25-Jan-25
20332,Pillibhit,Pilibhit,Onion,Red,FAQ,2205,2295,2255,27-Jan-25
20333,Nashik,Pimpalgaon,Onion,Pole,FAQ,600,2860,2200,25-Jan-25
20334,Nashik,Pimpalgaon,Onion,Pole,Local,700,2653,2150,31-Jan-25
20335,Nashik,Pimpalgaon Baswant(Saykheda),Onion,Red,FAQ,700,2430,2200,07-Jan-25
20336,Nashik,Pimpalgaon Baswant(Saykheda),Onion,Red,FAQ,700,2550,2100,20-Jan-25
20337,Nashik,Pimpalgaon Baswant(Saykheda),Onion,Red,FAQ,800,2500,2000,03-Jan-25
20338,Farukhabad,Mohamadabad,Onion,Red,FAQ,2170,2370,2270,18-Jan-25
20339,Farukhabad,Mohamadabad,Onion,Red,FAQ,2180,2380,2280,22-Jan-25
20340,Farukhabad,Mohamadabad,Onion,Red,FAQ,2220,2420,2320,21-Jan-25
20341,Khiri (Lakhimpur),Mohammdi,Onion,Red,FAQ,2260,2360,2310,25-Jan-25
20342,Khiri (Lakhimpur),Mohammdi,Onion,Red,FAQ,2515,2620,2565,04-Jan-25
20343,Namakkal,Mohanur(Uzhavar Sandhai ),Onion,Bellary,Local,3200,4000,4000,13-Jan-25
20344,Mahendragarh-Narnaul,Mohindergarh,Onion,Onion,FAQ,1600,2000,2000,10-Jan-25
20345,Morbi,Morbi,Onion,Onion,FAQ,500,2200,1350,17-Jan-25
20346,Morbi,Morbi,Onion,Onion,FAQ,500,2200,1350,18-Jan-25
20347,Morena,Morena,Onion,Onion,FAQ,1500,1500,1500,23-Jan-25
20348,Jhansi,Moth,Onion,Red,FAQ,1880,2000,1950,01-Feb-25
20349,Jhansi,Moth,Onion,Red,FAQ,2040,2150,2100,04-Jan-25
20350,Jalpaiguri,Moynaguri,Onion,Nasik,FAQ,2850,2900,2900,17-Jan-25
20351,Jaunpur,Mugrabaadshahpur,Onion,Red,FAQ,2020,2220,2120,30-Jan-25
20352,Hoshiarpur,Mukerian,Onion,Onion,FAQ,2200,2500,2300,08-Jan-25
20353,Hoshiarpur,Mukerian,Onion,Onion,FAQ,2200,2500,2300,13-Jan-25
20354,Hoshiarpur,Mukerian(Talwara),Onion,Onion,FAQ,2400,2800,2600,09-Jan-25
20355,Hoshiarpur,Mukerian(Talwara),Onion,Onion,FAQ,2400,3000,2700,06-Jan-25
20356,Kozhikode(Calicut),Mukkom,Onion,Onion,FAQ,3000,3400,3200,21-Jan-25
20357,Kozhikode(Calicut),Mukkom,Onion,Onion,FAQ,4200,4400,4300,25-Jan-25
20358,Muktsar,Muktsar,Onion,Other,FAQ,2500,3000,2800,01-Feb-25
20359,Idukki,Munnar,Onion,Big,FAQ,3500,5000,4000,02-Jan-25
20360,Idukki,Munnar,Onion,Big,FAQ,4000,5000,4500,09-Jan-25
20361,Idukki,Munnar,Onion,Small,FAQ,4500,6000,5000,02-Jan-25
20362,Sambhal,Muradabad,Onion,Red,FAQ,2240,2320,2280,07-Jan-25
20363,Sambhal,Muradabad,Onion,Red,FAQ,2350,2450,2400,02-Jan-25
20364,Madhepura,Murliganj,Onion,White,FAQ,2500,3500,3000,02-Jan-25
20365,Thiruchirappalli,Musiri(Uzhavar Sandhai ),Onion,Bellary,Local,3500,5000,5000,18-Jan-25
20366,Hamirpur,Muskara,Onion,Red,FAQ,2300,2500,2400,07-Jan-25
20367,Yamuna Nagar,Mustafabad,Onion,Other,FAQ,2500,3000,2600,10-Jan-25
20368,Thiruvarur,Muthupettai(Uzhavar Sandhai ),Onion,Bellary,Local,5000,5000,5000,03-Jan-25
20369,Thiruvarur,Muthupettai(Uzhavar Sandhai ),Onion,Bellary,Local,5000,5000,5000,12-Jan-25
20370,Thiruvarur,Muthupettai(Uzhavar Sandhai ),Onion,Bellary,Local,5000,5000,5000,28-Jan-25
20371,Muzaffarnagar,Muzzafarnagar,Onion,Red,FAQ,2100,2350,2250,30-Jan-25
20372,Muzaffarnagar,Muzzafarnagar,Onion,Red,FAQ,2500,2900,2700,02-Jan-25
20373,Mysore,Mysore (Bandipalya),Onion,Other,FAQ,2500,3600,3000,22-Jan-25
20374,Patiala,Nabha,Onion,Other,FAQ,1500,2500,2000,06-Jan-25
20375,Patiala,Nabha,Onion,Other,FAQ,1500,2500,2000,10-Jan-25
20376,Nadia,Nadia,Onion,Other,FAQ,2650,2800,2700,17-Jan-25
20377,Kheda,Nadiyad(Piplag),Onion,Onion,FAQ,1800,2350,1900,17-Jan-25
20378,Nagapattinam,Nagapattinam(Uzhavar Sandhai ),Onion,Bellary,Local,2000,3000,3000,18-Jan-25
20379,Nagapattinam,Nagapattinam(Uzhavar Sandhai ),Onion,Bellary,Local,2500,3500,3500,23-Jan-25
20380,Nagapattinam,Nagapattinam(Uzhavar Sandhai ),Onion,Bellary,Local,3000,3500,3500,02-Jan-25
20381,Bijnor,Nagina,Onion,Red,FAQ,1000,1800,1300,02-Jan-25
20382,Bijnor,Nagina,Onion,Red,FAQ,1000,1800,1300,22-Jan-25
20383,Nagpur,Nagpur,Onion,White,FAQ,1600,2800,2625,14-Jan-25
20384,Bijnor,Najibabad,Onion,Red,FAQ,1500,1900,1700,10-Jan-25
20385,Namakkal,Namakkal(Uzhavar Sandhai ),Onion,Bellary,Local,3500,4000,4000,21-Jan-25
20386,Nashik,Nampur,Onion,Red,Local,400,2325,1800,29-Jan-25
20387,Nashik,Nampur,Onion,Red,Local,500,2300,1800,28-Jan-25
20388,Chengalpattu,Nanganallur(Uzhavar Sandhai ),Onion,Bellary,Local,3500,4000,4000,26-Jan-25
20389,Salem,Thathakapatti(Uzhavar Sandhai ),Onion,Bellary,Local,5000,5600,5600,29-Jan-25
20390,Theni,Theni(Uzhavar Sandhai ),Onion,Bellary,Local,4000,4500,4500,07-Jan-25
20391,Theni,Theni(Uzhavar Sandhai ),Onion,Bellary,Local,4000,4500,4500,09-Jan-25
20392,Theni,Theni(Uzhavar Sandhai ),Onion,Bellary,Local,4000,4500,4500,27-Jan-25
20393,Chengalpattu,Thirukalukundram(Uzhavar Sandhai ),Onion,Bellary,Local,4000,4500,4500,01-Jan-25
20394,Vellore,Thirupathur,Onion,Bellary,Local,4500,4500,4500,11-Jan-25
20395,Vellore,Thirupathur,Onion,Bellary,Local,4500,4500,4500,24-Jan-25
20396,Thoubal,Thoubal,Onion,Other,FAQ,4000,4500,4250,29-Jan-25
20397,Ernakulam,Thrippunithura,Onion,Big,FAQ,3700,4400,3700,31-Jan-25
20398,Ernakulam,Thrippunithura,Onion,Big,FAQ,4500,4600,4500,20-Jan-25
20399,Thirssur,Thrissur,Onion,Onion,FAQ,7000,7500,7500,01-Feb-25
20400,Shahjahanpur,Tilhar,Onion,Red,FAQ,2130,2230,2180,14-Jan-25
20401,Villupuram,Tindivanam,Onion,Bellary,Local,4000,4800,4800,27-Jan-25
20402,Villupuram,Tindivanam,Onion,Bellary,Local,4000,4800,4800,30-Jan-25
20403,Namakkal,Tiruchengode,Onion,Bellary,Local,4000,5000,5000,05-Jan-25
20404,Namakkal,Tiruchengode,Onion,Bellary,Local,4800,5500,5500,09-Jan-25
20405,Namakkal,Tiruchengode,Onion,Bellary,Local,5000,6000,6000,15-Jan-25
20406,Sivaganga,Tirupatthur(Uzhavar Sandhai ),Onion,Bellary,Local,5200,5500,5500,17-Jan-25
20407,Sivaganga,Tirupatthur(Uzhavar Sandhai ),Onion,Bellary,Local,5200,5500,5500,18-Jan-25
20408,Thirupur,Tiruppur (North) (Uzhavar Sandhai ),Onion,Bellary,Local,3400,4000,4000,24-Jan-25
20409,Thirupur,Tiruppur (North) (Uzhavar Sandhai ),Onion,Bellary,Local,3500,4000,4000,18-Jan-25
20410,Thirupur,Tiruppur (North) (Uzhavar Sandhai ),Onion,Bellary,Local,3600,4000,4000,08-Jan-25
20411,Thirupur,Tiruppur (South) (Uzhavar Sandhai ),Onion,Bellary,Local,3500,4000,4000,01-Feb-25
20412,Thiruvellore,Tiruvallur(Uzhavar Sandhai ),Onion,Bellary,Local,4600,4600,4600,18-Jan-25
20413,Thiruvannamalai,Tiruvannamalai(Uzhavar Sandhai ),Onion,Bellary,Local,4000,4500,4500,30-Jan-25
20414,Fatehabad,Tohana(New Veg Market),Onion,Onion,FAQ,2600,2650,2600,22-Jan-25
20415,Balrampur,Tulsipur,Onion,Red,FAQ,2480,2570,2520,21-Jan-25
20416,Firozabad,Tundla,Onion,Red,FAQ,2190,2225,2210,25-Jan-25
20417,Tuticorin,Tuticorin(Uzhavar Sandhai ),Onion,Bellary,Local,4500,5000,5000,06-Jan-25
20418,Tuticorin,Tuticorin(Uzhavar Sandhai ),Onion,Bellary,Local,4500,5000,5000,23-Jan-25
20419,Tuticorin,Tuticorin(Uzhavar Sandhai ),Onion,Bellary,Local,4500,5000,5000,25-Jan-25
20420,Mayurbhanja,Udala,Onion,Onion,FAQ,3400,3700,3500,14-Jan-25
20421,Mayurbhanja,Udala,Onion,Onion,FAQ,3500,3700,3500,10-Jan-25
20422,The Nilgiris,Udhagamandalam(Uzhavar Sandhai ),Onion,Bellary,Local,4500,4800,4800,08-Jan-25
20423,Udhampur,Udhampur,Onion,Other,FAQ,3000,3500,3250,08-Jan-25
20424,Coimbatore,Udumalpet,Onion,Bellary,Local,4500,4800,4800,11-Jan-25
20425,Udupi,Udupi,Onion,Onion,FAQ,3000,3600,3400,22-Jan-25
20426,Udupi,Udupi,Onion,Onion,FAQ,3200,3600,3400,01-Jan-25
20427,Badaun,Ujhani,Onion,Red,FAQ,2250,2350,2300,18-Jan-25
20428,Ujjain,Ujjain,Onion,Onion,FAQ,700,2409,2409,03-Jan-25
20429,Ujjain,Ujjain,Onion,Onion,Non-FAQ,525,2120,2120,27-Jan-25
20430,Hissar,Uklana,Onion,Onion,FAQ,2100,2200,2200,01-Jan-25
20431,Howrah,Uluberia,Onion,Other,FAQ,3000,3800,3400,09-Jan-25
20432,Villupuram,Ulundurpettai,Onion,Bellary,Local,4000,5000,5000,01-Feb-25
20433,Una,Una,Onion,Onion,FAQ,2800,3400,3100,08-Jan-25
20434,Kanpur,Uttaripura,Onion,Red,FAQ,2270,2470,2370,20-Jan-25
20435,Kanpur,Uttaripura,Onion,Red,FAQ,2645,2845,2745,04-Jan-25
20436,Palakad,Vadakkenchery,Onion,Big,FAQ,4500,5000,4750,15-Jan-25
20437,Palakad,Vadakkenchery,Onion,Big,FAQ,4500,5000,4750,22-Jan-25
20438,Palakad,Vadakkenchery,Onion,Small,FAQ,9000,9500,9250,11-Jan-25
20439,Palakad,Vadakkenchery,Onion,Big,FAQ,5000,5500,5250,10-Jan-25
20440,Palakad,Vadakkenchery,Onion,Big,FAQ,5000,5500,5250,14-Jan-25
20441,Palakad,Vadakkenchery,Onion,Small,FAQ,8000,8500,8250,07-Jan-25
20442,Palakad,Vadakkenchery,Onion,Small,FAQ,10000,11000,10500,25-Jan-25
20443,Nagercoil (Kannyiakumari),Vadaseri,Onion,Bellary,Local,4800,5000,5000,01-Feb-25
20444,Nagercoil (Kannyiakumari),Vadaseri,Onion,Bellary,Local,5000,5500,5500,10-Jan-25
20445,Coimbatore,Vadavalli(Uzhavar Sandhai ),Onion,Bellary,Local,3200,3800,3800,19-Jan-25
20446,Coimbatore,Vadavalli(Uzhavar Sandhai ),Onion,Bellary,Local,3600,4000,4000,02-Jan-25
20447,Vadodara(Baroda),Vadodara(Sayajipura),Onion,Other,FAQ,1000,2500,1800,02-Jan-25
20448,Satara,Vai,Onion,Local,FAQ,1500,4500,3500,01-Jan-25
20449,Satara,Vai,Onion,Local,Local,1500,3000,2100,31-Jan-25
20450,Chattrapati Sambhajinagar,Vaijpur,Onion,Red,FAQ,500,2685,2200,07-Jan-25
20451,Chattrapati Sambhajinagar,Vaijpur,Onion,Red,FAQ,500,2785,2100,01-Jan-25
20452,Thiruvarur,Valangaiman,Onion,Bellary,Local,4000,4000,4000,28-Jan-25
20453,Thiruvarur,Valangaiman,Onion,Bellary,Local,4400,4400,4400,23-Jan-25
20454,Thiruvarur,Valangaiman,Onion,Bellary,Local,4400,4400,4400,25-Jan-25
20455,Thirupathur,Vaniyampadi(Uzhavar Sandhai ),Onion,Bellary,Local,4000,4000,4000,22-Jan-25
20456,Thirupathur,Vaniyampadi(Uzhavar Sandhai ),Onion,Bellary,Local,4000,4000,4000,23-Jan-25
20457,Thirupathur,Vaniyampadi(Uzhavar Sandhai ),Onion,Bellary,Local,4000,4000,4000,25-Jan-25
20458,Thirupathur,Vaniyampadi(Uzhavar Sandhai ),Onion,Bellary,Local,4000,5000,5000,18-Jan-25
20459,Thirupathur,Vaniyampadi(Uzhavar Sandhai ),Onion,Bellary,Local,5000,5000,5000,03-Jan-25
20460,Kanpur,Varipaal,Onion,Red,FAQ,1800,1900,1820,02-Jan-25
20461,Kanpur,Varipaal,Onion,Red,Non-FAQ,2000,2200,2100,01-Feb-25
20462,Mumbai,Vashi New Mumbai,Onion,Other,FAQ,900,2700,1800,18-Jan-25
20463,Mumbai,Vashi New Mumbai,Onion,Other,FAQ,1000,3000,2000,07-Jan-25
20464,Dindigul,Vedasanthur(Uzhavar Sandhai ),Onion,Bellary,Local,4000,5600,5600,06-Jan-25
20465,Dindigul,Vedasanthur(Uzhavar Sandhai ),Onion,Bellary,Local,4500,5000,5000,02-Jan-25
20466,Karur,Velayuthampalayam(Uzhavar Sandhai ),Onion,Bellary,Local,4000,5000,5000,05-Jan-25
20467,Karur,Velayuthampalayam(Uzhavar Sandhai ),Onion,Bellary,Local,4000,5000,5000,11-Jan-25
20468,Karur,Velayuthampalayam(Uzhavar Sandhai ),Onion,Bellary,Local,4000,5000,5000,24-Jan-25
20469,Vellore,Vellore,Onion,Bellary,Local,4000,4200,4200,14-Jan-25
20470,Vellore,Vellore,Onion,Bellary,Local,4000,4200,4200,16-Jan-25
20471,Kozhikode(Calicut),Vengeri(Kozhikode),Onion,Onion,FAQ,2900,3200,3200,18-Jan-25
20472,Dehradoon,Vikasnagar,Onion,Other,FAQ,1300,1600,1600,12-Jan-25
20473,Pudukkottai,Viralimalai(Uzhavar Sandhai ),Onion,Bellary,Local,4200,5000,5000,25-Jan-25
20474,Pudukkottai,Viralimalai(Uzhavar Sandhai ),Onion,Bellary,Local,4500,5000,5000,28-Jan-25
20475,Pudukkottai,Viralimalai(Uzhavar Sandhai ),Onion,Bellary,Local,5000,6000,6000,04-Jan-25
20476,Pudukkottai,Viralimalai(Uzhavar Sandhai ),Onion,Bellary,Local,5000,6000,6000,06-Jan-25
20477,Virudhunagar,Virudhunagar(Uzhavar Sandhai ),Onion,Bellary,Local,5000,6000,6000,02-Jan-25
20478,Cuddalore,Viruthachalam(Uzhavar Sandhai ),Onion,Bellary,Local,4000,4000,4000,01-Feb-25
20479,Junagarh,Visavadar,Onion,Onion,FAQ,650,1680,1165,11-Jan-25
20480,Junagarh,Visavadar,Onion,Onion,FAQ,660,1380,1020,15-Jan-25
20481,Pillibhit,Vishalpur,Onion,Red,FAQ,2215,2265,2240,13-Jan-25
20482,Pillibhit,Vishalpur,Onion,Red,FAQ,2215,2280,2250,25-Jan-25
20483,Pillibhit,Vishalpur,Onion,Red,FAQ,2220,2278,2250,10-Jan-25
20484,Sitapur,Viswan,Onion,Red,FAQ,2250,2290,2270,27-Jan-25
20485,Sitapur,Viswan,Onion,Red,FAQ,2250,2300,2275,28-Jan-25
20486,Sitapur,Viswan,Onion,Red,FAQ,2290,2350,2320,22-Jan-25
20487,Hoshangabad,Pipariya(F&V),Onion,Onion,FAQ,1200,3000,2000,08-Jan-25
20488,Ernakulam,Piravam,Onion,Big,FAQ,4000,6000,5000,27-Jan-25
20489,Coimbatore,Pollachi(Uzhavar Sandhai ),Onion,Bellary,Local,4000,4400,4400,20-Jan-25
20490,Thiruvannamalai,Polur(Uzhavar Sandhai ),Onion,Bellary,Local,3300,4000,4000,01-Jan-25
20491,Thiruvannamalai,Polur(Uzhavar Sandhai ),Onion,Bellary,Local,4200,5000,5000,05-Jan-25
20492,Thiruvananthapuram,Pothencode,Onion,Other,FAQ,44000,44080,44040,17-Jan-25
20493,Thiruvananthapuram,Pothencode,Onion,Other,FAQ,48000,48080,48040,16-Jan-25
20494,Thiruvananthapuram,Pothencode,Onion,Other,FAQ,52000,52080,52040,29-Jan-25
20495,Pratapgarh,Pratapgarh,Onion,Other,FAQ,810,2190,1840,22-Jan-25
20496,Pratapgarh,Pratapgarh,Onion,Red,FAQ,1800,2000,1900,20-Jan-25
20497,Pratapgarh,Pratapgarh,Onion,Red,FAQ,1800,2100,1960,19-Jan-25
20498,Pudukkottai,Pudukottai(Uzhavar Sandhai ),Onion,Bellary,Local,5000,6000,6000,09-Jan-25
20499,Pudukkottai,Pudukottai(Uzhavar Sandhai ),Onion,Bellary,Local,5000,6000,6000,24-Jan-25
20500,Kollam,Punalur,Onion,Onion,FAQ,3500,4000,3800,27-Jan-25
20501,Kollam,Punalur,Onion,Onion,FAQ,4000,5000,4500,11-Jan-25
20502,Kaithal,Pundri,Onion,Other,Non-FAQ,1800,2000,1900,22-Jan-25
20503,Kaithal,Pundri,Onion,Other,Non-FAQ,1900,2000,1950,01-Feb-25
20504,Pune,Pune,Onion,Local,FAQ,1400,2500,2050,13-Jan-25
20505,Pune,Pune,Onion,Local,FAQ,1400,2600,2000,10-Jan-25
20506,Pune,Pune,Onion,Local,Local,1400,2600,2000,31-Jan-25
20507,Pune,Pune(Khadiki),Onion,Local,FAQ,1000,2600,1300,06-Jan-25
20508,Pune,Pune(Manjri),Onion,Local,FAQ,2600,3100,2800,10-Jan-25
20509,Pune,Pune(Moshi),Onion,Local,FAQ,500,2000,1250,14-Jan-25
20510,Pune,Pune(Moshi),Onion,Local,FAQ,500,2500,1500,11-Jan-25
20511,Pune,Pune(Moshi),Onion,Local,FAQ,700,1800,1250,02-Jan-25
20512,Pune,Pune(Pimpri),Onion,Local,FAQ,1000,2800,1400,14-Jan-25
20513,Pune,Pune(Pimpri),Onion,Local,FAQ,3000,3200,3100,02-Jan-25
20514,Mewat,Punhana,Onion,Other,FAQ,2000,2000,2000,04-Jan-25
20515,Mewat,Punhana,Onion,Other,FAQ,2000,2000,2000,29-Jan-25
20516,Pillibhit,Puranpur,Onion,Red,FAQ,2305,2390,2355,04-Jan-25
20517,Unnao,Purwa,Onion,Red,FAQ,2275,2375,2325,22-Jan-25
20518,Unnao,Purwa,Onion,Red,FAQ,2400,2525,2450,15-Jan-25
20519,Unnao,Purwa,Onion,Red,FAQ,2625,2725,2685,06-Jan-25
20520,Shahjahanpur,Puwaha,Onion,Red,FAQ,2120,2320,2220,30-Jan-25
20521,Shahjahanpur,Puwaha,Onion,Red,FAQ,2125,2325,2225,05-Jan-25
20522,Shahjahanpur,Puwaha,Onion,Red,FAQ,2150,2350,2250,11-Jan-25
20523,Raebarelli,Raibareilly,Onion,Red,FAQ,2400,2500,2460,09-Jan-25
20524,Raebarelli,Raibareilly,Onion,Red,FAQ,2800,2850,2825,01-Jan-25
20525,Raigarh,Raigarh,Onion,Local,Non-FAQ,2000,2400,2200,31-Jan-25
20526,Panchkula,Raipur Rai,Onion,Other,FAQ,2000,2500,2000,23-Jan-25
20527,Panchkula,Raipur Rai,Onion,Other,FAQ,2500,3000,2500,01-Feb-25
20528,Virudhunagar,Rajapalayam(Uzhavar Sandhai ),Onion,Bellary,Local,4500,5000,5000,21-Jan-25
20529,Rajkot,Rajkot(Veg.Sub Yard),Onion,Onion,FAQ,575,2125,1600,10-Jan-25
20530,Rajkot,Rajkot(Veg.Sub Yard),Onion,Onion,FAQ,625,2200,1750,16-Jan-25
20531,Rajkot,Rajkot(Veg.Sub Yard),Onion,Onion,FAQ,650,2300,1850,17-Jan-25
20532,Rajkot,Rajkot(Veg.Sub Yard),Onion,Onion,FAQ,1000,2000,1500,18-Jan-25
20533,Rajnandgaon,Rajnandgaon,Onion,Onion,Local,1600,2000,1800,16-Jan-25
20534,Rajnandgaon,Rajnandgaon,Onion,Onion,Local,2100,2500,2300,10-Jan-25
20535,Patiala,Rajpura,Onion,Local,FAQ,1900,2500,2300,31-Jan-25
20536,Patiala,Rajpura,Onion,Local,FAQ,2000,2600,2300,30-Jan-25
20537,Ramanathapuram,Ramanathapuram(Uzhavar Sandhai ),Onion,Bellary,Local,4500,5000,5000,04-Jan-25
20538,Ramanathapuram,Ramanathapuram(Uzhavar Sandhai ),Onion,Bellary,Local,4500,5000,5000,10-Jan-25
20539,Palakad,Vadakkenchery,Onion,Small,FAQ,9500,10000,9750,13-Jan-25
20540,Nagercoil (Kannyiakumari),Vadaseri,Onion,Bellary,Local,4500,5000,5000,19-Jan-25
20541,Coimbatore,Vadavalli(Uzhavar Sandhai ),Onion,Bellary,Local,3400,3800,3800,13-Jan-25
20542,Coimbatore,Vadavalli(Uzhavar Sandhai ),Onion,Bellary,Local,4000,4400,4400,27-Jan-25
20543,Kolhapur,Vadgaonpeth,Onion,Local,FAQ,2000,4000,2800,09-Jan-25
20544,Surendranagar,Vadhvan,Onion,Onion,FAQ,2000,2500,2250,16-Jan-25
20545,Satara,Vai,Onion,Local,FAQ,1000,2800,2000,13-Jan-25
20546,Satara,Vai,Onion,Local,FAQ,1500,3500,2500,12-Jan-25
20547,Satara,Vai,Onion,Local,FAQ,1500,3500,2500,14-Jan-25
20548,Satara,Vai,Onion,Local,FAQ,1500,4000,2500,23-Jan-25
20549,Satara,Vai,Onion,Local,Local,2000,3000,2500,30-Jan-25
20550,Chattrapati Sambhajinagar,Vaijpur,Onion,Red,FAQ,500,2500,2000,08-Jan-25
20551,Chattrapati Sambhajinagar,Vaijpur,Onion,Red,Local,500,2420,2000,29-Jan-25
20552,Thiruvananthapuram,Vamanapuram,Onion,Other,FAQ,5000,5500,5000,20-Jan-25
20553,Thiruvananthapuram,Vamanapuram,Onion,Other,Non-FAQ,4500,5000,5000,23-Jan-25
20554,Thiruvananthapuram,Vamanapuram,Onion,Other,Non-FAQ,5000,5500,5000,29-Jan-25
20555,Thiruvananthapuram,Vamanapuram,Onion,Other,Non-FAQ,5000,5500,5000,30-Jan-25
20556,Idukki,Vandiperiyar,Onion,Big,FAQ,4200,4400,4400,28-Jan-25
20557,Idukki,Vandiperiyar,Onion,Big,FAQ,4400,4500,4500,04-Jan-25
20558,Idukki,Vandiperiyar,Onion,Big,FAQ,4400,4500,4500,26-Jan-25
20559,Idukki,Vandiperiyar,Onion,Big,FAQ,4400,4500,4500,29-Jan-25
20560,Thirupathur,Vaniyampadi(Uzhavar Sandhai ),Onion,Bellary,Local,4000,5000,5000,15-Jan-25
20561,Thirupathur,Vaniyampadi(Uzhavar Sandhai ),Onion,Bellary,Local,5000,5000,5000,02-Jan-25
20562,Thirupathur,Vaniyampadi(Uzhavar Sandhai ),Onion,Bellary,Local,5000,5000,5000,08-Jan-25
20563,Varanasi,Varanasi,Onion,Red,FAQ,2065,2270,2185,27-Jan-25
20564,Varanasi,Varanasi,Onion,Red,FAQ,2075,2220,2150,31-Jan-25
20565,Varanasi,Varanasi,Onion,Red,FAQ,2215,2335,2285,20-Jan-25
20566,Varanasi,Varanasi,Onion,Red,FAQ,2425,2550,2480,13-Jan-25
20567,Kanpur,Varipaal,Onion,Red,FAQ,1600,2000,1800,11-Jan-25
20568,Dindigul,Vedasanthur(Uzhavar Sandhai ),Onion,Bellary,Local,3000,5000,5000,01-Jan-25
20569,Dindigul,Vedasanthur(Uzhavar Sandhai ),Onion,Bellary,Local,3600,5000,5000,28-Jan-25
20570,Dindigul,Vedasanthur(Uzhavar Sandhai ),Onion,Bellary,Local,4000,5600,5600,14-Jan-25
20571,Dindigul,Vedasanthur(Uzhavar Sandhai ),Onion,Bellary,Local,4500,4800,4800,20-Jan-25
20572,Karur,Velayuthampalayam(Uzhavar Sandhai ),Onion,Bellary,Local,4000,5000,5000,19-Jan-25
20573,Karur,Velayuthampalayam(Uzhavar Sandhai ),Onion,Bellary,Local,4000,5000,5000,20-Jan-25
20574,Vellore,Vellore,Onion,Bellary,Local,4000,4000,4000,30-Jan-25
20575,Vellore,Vellore,Onion,Bellary,Local,4000,4400,4400,09-Jan-25
20576,Vellore,Vellore,Onion,Bellary,Local,4400,4400,4400,08-Jan-25
20577,Dehradoon,Vikasnagar,Onion,Other,FAQ,800,1800,1800,20-Jan-25
20578,Dehradoon,Vikasnagar,Onion,Other,Non-FAQ,1700,1700,1700,31-Jan-25
20579,Pudukkottai,Viralimalai(Uzhavar Sandhai ),Onion,Bellary,Local,5000,6000,6000,08-Jan-25
20580,Virudhunagar,Virudhunagar(Uzhavar Sandhai ),Onion,Bellary,Local,4500,4600,4600,01-Feb-25
20581,Virudhunagar,Virudhunagar(Uzhavar Sandhai ),Onion,Bellary,Local,5000,6000,6000,03-Jan-25
20582,Cuddalore,Viruthachalam(Uzhavar Sandhai ),Onion,Bellary,Local,4000,4000,4000,13-Jan-25
20583,Cuddalore,Viruthachalam(Uzhavar Sandhai ),Onion,Bellary,Local,4000,5000,5000,01-Jan-25
20584,Cuddalore,Viruthachalam(Uzhavar Sandhai ),Onion,Bellary,Local,4500,4500,4500,08-Jan-25
20585,Cuddalore,Viruthachalam(Uzhavar Sandhai ),Onion,Bellary,Local,4500,5000,5000,12-Jan-25
20586,Pillibhit,Vishalpur,Onion,Red,FAQ,2220,2268,2245,24-Jan-25
20587,Pillibhit,Vishalpur,Onion,Red,FAQ,2300,2350,2320,02-Jan-25
20588,Sitapur,Viswan,Onion,Red,FAQ,2330,2370,2350,24-Jan-25
20589,Sitapur,Viswan,Onion,Red,FAQ,2425,2475,2450,11-Jan-25
20590,Sitapur,Viswan,Onion,Red,FAQ,2540,2580,2560,07-Jan-25
20591,Thirssur,Wadakkanchery,Onion,Onion,FAQ,4000,4500,4500,29-Jan-25
20592,Thirssur,Wadakkanchery,Onion,Onion,FAQ,4000,4500,4500,30-Jan-25
20593,Thirssur,Wadakkanchery,Onion,Onion,FAQ,4700,4900,4900,21-Jan-25
20594,Yamuna Nagar,Yamuna Nagar,Onion,Other,FAQ,700,2800,2000,10-Jan-25
20595,Nashik,Yeola,Onion,Red,FAQ,500,2675,2200,06-Jan-25
20596,Ferozpur,Zira,Onion,Local,FAQ,2300,2500,2400,10-Jan-25
20597,Ferozpur,Zira,Onion,Local,FAQ,3000,4000,3500,01-Jan-25
20598,Howrah,Ramkrishanpur(Howrah),Onion,Other,FAQ,3200,3800,3500,21-Jan-25
20599,Howrah,Ramkrishanpur(Howrah),Onion,Other,FAQ,3200,3800,3600,13-Jan-25
20600,Howrah,Ramkrishanpur(Howrah),Onion,Other,FAQ,3200,3800,3600,15-Jan-25
20601,Nanital,Ramnagar,Onion,Other,FAQ,2600,3000,2800,02-Jan-25
20602,Rampur,Rampur,Onion,Red,FAQ,2100,2200,2150,31-Jan-25
20603,Rampur,Rampur,Onion,Red,FAQ,2240,2330,2280,08-Jan-25
20604,Bhatinda,Rampuraphul(Nabha Mandi),Onion,Other,FAQ,3000,4000,3500,12-Jan-25
20605,Birbhum,Rampurhat,Onion,Local,FAQ,2350,2450,2400,13-Jan-25
20606,Birbhum,Rampurhat,Onion,Local,FAQ,2350,2450,2400,14-Jan-25
20607,Birbhum,Rampurhat,Onion,Nasik,FAQ,2400,2500,2450,18-Jan-25
20608,Birbhum,Rampurhat,Onion,Nasik,FAQ,2950,3050,3000,28-Jan-25
20609,Saharanpur,Rampurmaniharan,Onion,Red,FAQ,2000,2500,2250,31-Jan-25
20610,Saharanpur,Rampurmaniharan,Onion,Red,FAQ,2100,2300,2200,28-Jan-25
20611,Nagpur,Ramtek,Onion,Other,FAQ,2000,2400,2200,09-Jan-25
20612,Nagpur,Ramtek,Onion,Other,FAQ,2200,2600,2400,25-Jan-25
20613,Nadia,Ranaghat,Onion,Other,FAQ,3000,3200,3100,04-Jan-25
20614,Nadia,Ranaghat,Onion,Other,FAQ,3100,3250,3200,02-Jan-25
20615,Nadia,Ranaghat,Onion,Other,FAQ,3300,3450,3400,27-Jan-25
20616,Sirsa,Rania,Onion,Other,FAQ,1600,1800,1700,23-Jan-25
20617,Sirsa,Rania,Onion,Other,FAQ,1700,1800,1780,15-Jan-25
20618,Sirsa,Rania,Onion,Other,FAQ,1900,2100,2000,22-Jan-25
20619,Ranipet,Ranipettai(Uzhavar Sandhai ),Onion,Bellary,Local,4000,4800,4800,11-Jan-25
20620,Ranipet,Ranipettai(Uzhavar Sandhai ),Onion,Bellary,Local,4500,4800,4800,08-Jan-25
20621,Ranipet,Ranipettai(Uzhavar Sandhai ),Onion,Bellary,Local,4500,5000,5000,07-Jan-25
20622,Ballia,Rasda,Onion,Red,FAQ,2110,2230,2175,28-Jan-25
20623,Fatehabad,Ratia,Onion,Other,FAQ,1500,1800,1600,19-Jan-25
20624,Fatehabad,Ratia,Onion,Other,FAQ,1600,2500,2000,05-Jan-25
20625,Fatehabad,Ratia,Onion,Other,FAQ,1700,2000,1800,18-Jan-25
20626,Fatehabad,Ratia,Onion,Other,FAQ,1800,2500,2200,06-Jan-25
20627,Ratlam,Ratlam,Onion,Nasik,FAQ,251,1251,1251,15-Jan-25
20628,Ratlam,Ratlam,Onion,Nasik,FAQ,600,1800,1800,29-Jan-25
20629,Ratlam,Ratlam,Onion,Onion,FAQ,100,2502,1900,21-Jan-25
20630,Ratlam,Ratlam,Onion,Onion,FAQ,200,2591,2100,07-Jan-25
20631,Rayagada,Rayagada,Onion,Other,FAQ,3100,3200,3200,23-Jan-25
20632,Sagar,Rehli,Onion,Onion,FAQ,1000,1000,1000,07-Jan-25
20633,Rewari,Rewari,Onion,Medium,Non-FAQ,1000,2400,1700,20-Jan-25
20634,Sonbhadra,Robertsganj,Onion,Red,Non-FAQ,2010,2240,2120,26-Jan-25
20635,Shimla,Rohroo,Onion,1st Sort,FAQ,3000,3500,3500,01-Feb-25
20636,Shimla,Rohroo,Onion,1st Sort,FAQ,3500,4000,3500,03-Jan-25
20637,Shimla,Rohroo,Onion,1st Sort,FAQ,3800,4000,3800,29-Jan-25
20638,Rohtak,Rohtak,Onion,Other,FAQ,1500,2500,2000,27-Jan-25
20639,Haridwar,Roorkee,Onion,Other,FAQ,2000,4000,3000,18-Jan-25
20640,Haridwar,Roorkee,Onion,Other,FAQ,2200,4000,3000,06-Jan-25
20641,Ayodhya,Rudauli,Onion,Red,FAQ,2200,2400,2300,13-Jan-25
20642,Ayodhya,Rudauli,Onion,Red,FAQ,2200,2400,2300,14-Jan-25
20643,Ayodhya,Rudauli,Onion,Red,FAQ,2200,2400,2300,22-Jan-25
20644,UdhamSinghNagar,Rudrapur,Onion,Other,FAQ,2000,2500,2200,02-Jan-25
20645,UdhamSinghNagar,Rudrapur,Onion,Other,FAQ,2000,2500,2200,19-Jan-25
20646,UdhamSinghNagar,Rudrapur,Onion,Other,FAQ,2000,2500,2200,26-Jan-25
20647,Medak,Sadasivpet,Onion,1st Sort,FAQ,819,2501,2051,24-Jan-25
20648,Yamuna Nagar,Sadhaura,Onion,Onion,FAQ,1500,2500,2000,24-Jan-25
20649,Yamuna Nagar,Sadhaura,Onion,Onion,FAQ,2000,2500,2200,23-Jan-25
20650,Yamuna Nagar,Sadhaura,Onion,Onion,FAQ,2000,2500,2200,25-Jan-25
20651,Barabanki,Safdarganj,Onion,Red,FAQ,2100,2200,2150,30-Jan-25
20652,Barabanki,Safdarganj,Onion,Red,FAQ,2300,2400,2350,11-Jan-25
20653,Barabanki,Safdarganj,Onion,Red,FAQ,2350,2450,2400,04-Jan-25
20654,Jind,Safidon,Onion,Other,FAQ,1200,1500,1200,02-Jan-25
20655,Saharanpur,Saharanpur,Onion,Red,FAQ,2400,2800,2600,03-Jan-25
20656,Saharanpur,Saharanpur,Onion,Red,Non-FAQ,2250,2650,2450,17-Jan-25
20657,Ratlam,Sailana,Onion,Medium,FAQ,400,1783,1500,16-Jan-25
20658,Ratlam,Sailana(F&V),Onion,Local,FAQ,687,2250,2250,22-Jan-25
20659,Birbhum,Sainthia,Onion,Onion,FAQ,2600,2800,2700,08-Jan-25
20660,Birbhum,Sainthia,Onion,Onion,FAQ,2600,2800,2700,13-Jan-25
20661,Birbhum,Sainthia,Onion,Onion,FAQ,2600,2800,2700,14-Jan-25
20662,Birbhum,Sainthia,Onion,Onion,FAQ,2600,2800,2700,25-Jan-25
20663,Birbhum,Sainthia,Onion,Onion,FAQ,2600,2800,2700,26-Jan-25
20664,Raebarelli,Salon,Onion,1st Sort,FAQ,2525,2535,2530,07-Jan-25
20665,Panipat,Samalkha,Onion,Local,FAQ,2000,2000,2000,24-Jan-25
20666,Panipat,Samalkha,Onion,Local,FAQ,2000,2000,2000,31-Jan-25
20667,Patiala,Samana,Onion,Other,Non-FAQ,1700,2100,1900,27-Jan-25
20668,Sambhal,Sambhal,Onion,Red,FAQ,2000,2300,2250,16-Jan-25
20669,Sambhal,Sambhal,Onion,Red,FAQ,2000,2350,2200,10-Jan-25
20670,Sambhal,Sambhal,Onion,Red,FAQ,2000,2350,2250,15-Jan-25
20671,Erode,Sampath Nagar(Uzhavar Sandhai ),Onion,Bellary,Local,4200,4600,4600,30-Jan-25
20672,Erode,Sampath Nagar(Uzhavar Sandhai ),Onion,Bellary,Local,4500,4800,4800,03-Jan-25
20673,Erode,Sampath Nagar(Uzhavar Sandhai ),Onion,Bellary,Local,4800,5200,5200,08-Jan-25
20674,Ludhiana,Samrala,Onion,Other,FAQ,2000,2500,2200,20-Jan-25
20675,Ludhiana,Samrala,Onion,Other,FAQ,2200,2600,2500,22-Jan-25
20676,Agra,Samsabad,Onion,Red,FAQ,2100,2300,2200,09-Jan-25
20677,Malda,Samsi,Onion,Onion,FAQ,2000,2700,2500,22-Jan-25
20678,Malda,Samsi,Onion,Onion,FAQ,2000,2800,2500,16-Jan-25
20679,Khandwa,Sanawad(F&V),Onion,Onion,FAQ,1500,2000,1800,20-Jan-25
20680,Hardoi,Sandi,Onion,Pusa-Red,FAQ,2500,2550,2525,01-Jan-25
20681,Hardoi,Sandi,Onion,Pusa-Red,FAQ,2500,2580,2550,07-Jan-25
20682,Hardoi,Sandila,Onion,Red,FAQ,2480,2570,2530,01-Jan-25
20683,Hanumangarh,Sangriya,Onion,Onion,FAQ,2300,3500,2900,23-Jan-25
20684,Hanumangarh,Sangriya,Onion,Onion,FAQ,2400,3600,2800,11-Jan-25
20685,Tenkasi,Sankarankoil(Uzhavar Sandhai ),Onion,Bellary,Local,4000,5000,5000,06-Jan-25
20686,Kallakuruchi,Sankarapuram(Uzhavar Sandhai ),Onion,Bellary,Local,4000,5000,5000,08-Jan-25
20687,Kallakuruchi,Sankarapuram(Uzhavar Sandhai ),Onion,Bellary,Local,4000,5000,5000,13-Jan-25
20688,Kallakuruchi,Sankarapuram(Uzhavar Sandhai ),Onion,Bellary,Local,4000,5000,5000,14-Jan-25
20689,Kallakuruchi,Sankarapuram(Uzhavar Sandhai ),Onion,Bellary,Local,4000,5000,5000,25-Jan-25
20690,Kallakuruchi,Sankarapuram(Uzhavar Sandhai ),Onion,Bellary,Local,5000,6000,6000,01-Jan-25
20691,Una,Santoshgarh,Onion,Onion,FAQ,2500,2800,2650,01-Feb-25
20692,Una,Santoshgarh,Onion,Onion,FAQ,2800,3000,2900,03-Jan-25
20693,Sundergarh,Sargipali,Onion,Other,Non-FAQ,2000,2500,2200,26-Jan-25
20694,Sundergarh,Sargipali,Onion,Other,Non-FAQ,2500,3000,2800,22-Jan-25
20695,Nashik,Satana,Onion,Red,FAQ,350,2525,2100,09-Jan-25
20696,Satara,Satara,Onion,Other,FAQ,1000,3000,2000,19-Jan-25
20697,Virudhunagar,Sathur(Uzhavar Sandhai ),Onion,Bellary,Local,4000,4500,4500,18-Jan-25
20698,Virudhunagar,Sathur(Uzhavar Sandhai ),Onion,Bellary,Local,4000,5000,5000,01-Jan-25
20699,Gorakhpur,Sehjanwa,Onion,Red,FAQ,2290,2310,2300,03-Jan-25
20700,Gorakhpur,Sehjanwa,Onion,Red,FAQ,2790,2805,2800,12-Jan-25
20701,Gorakhpur,Sehjanwa,Onion,Red,FAQ,2990,3105,3100,18-Jan-25
20702,Sitapur,Viswan,Onion,Red,FAQ,2450,2490,2470,09-Jan-25
20703,Sangli,Vita,Onion,Other,FAQ,2500,3100,2850,20-Jan-25
20704,Thirssur,Wadakkanchery,Onion,Onion,FAQ,4200,4500,4500,15-Jan-25
20705,Yamuna Nagar,Yamuna Nagar,Onion,Other,FAQ,600,2400,1700,25-Jan-25
20706,Yamuna Nagar,Yamuna Nagar,Onion,Other,FAQ,700,2600,1800,17-Jan-25
20707,Jalgaon,Yawal,Onion,Red,Local,1210,1620,1310,01-Feb-25
20708,Nashik,Yeola,Onion,Red,FAQ,400,2576,2150,24-Jan-25
20709,Ferozpur,Zira,Onion,Local,FAQ,2000,2500,2300,04-Jan-25
20710,Ferozpur,Zira,Onion,Local,FAQ,2000,2500,2300,25-Jan-25
20711,Ferozpur,Zira,Onion,Local,FAQ,2500,2700,2600,24-Jan-25
20712,Ferozpur,Zira,Onion,Local,FAQ,2600,3000,2800,08-Jan-25
20713,Chengalpattu,Nanganallur(Uzhavar Sandhai ),Onion,Bellary,Local,3500,4500,4500,08-Jan-25
20714,Chengalpattu,Nanganallur(Uzhavar Sandhai ),Onion,Bellary,Local,3500,4500,4500,13-Jan-25
20715,Ambala,Naraingarh,Onion,Onion,FAQ,1800,2200,2100,15-Jan-25
20716,Thiruvellore,Naravarikuppam(Uzhavar Sandhai ),Onion,Bellary,Local,4500,4500,4500,24-Jan-25
20717,Mahendragarh-Narnaul,Narnaul,Onion,Onion,FAQ,2000,2500,2000,31-Jan-25
20718,Mahendragarh-Narnaul,Narnaul,Onion,Other,FAQ,1200,2000,1800,27-Jan-25
20719,Mahendragarh-Narnaul,Narnaul,Onion,Other,FAQ,1500,2500,2000,18-Jan-25
20720,Mahendragarh-Narnaul,Narnaul,Onion,Other,FAQ,2000,2000,2000,05-Jan-25
20721,Rajgarh,Narsinghgarh,Onion,Onion,FAQ,300,330,330,16-Jan-25
20722,Rajgarh,Narsinghgarh,Onion,Onion,FAQ,730,1510,1510,21-Jan-25
20723,Rajgarh,Narsinghgarh,Onion,Onion,Non-FAQ,450,1850,1850,24-Jan-25
20724,Jammu,Narwal Jammu (F&V),Onion,Other,FAQ,2700,2900,2800,27-Jan-25
20725,Jind,Narwana,Onion,Other,FAQ,2000,2000,2000,12-Jan-25
20726,Nashik,Nasik,Onion,Pole,FAQ,1000,2751,2300,04-Jan-25
20727,Nashik,Nasik,Onion,Pole,FAQ,1400,2800,2350,21-Jan-25
20728,Nashik,Nasik,Onion,Pole,FAQ,1400,3275,2600,24-Jan-25
20729,Thirupathur,Natrampalli(Uzhavar Sandhai ),Onion,Bellary,Local,4000,4500,4500,26-Jan-25
20730,Thirupathur,Natrampalli(Uzhavar Sandhai ),Onion,Bellary,Local,5000,6000,6000,14-Jan-25
20731,Thirupathur,Natrampalli(Uzhavar Sandhai ),Onion,Bellary,Local,5000,6000,6000,15-Jan-25
20732,Thirupathur,Natrampalli(Uzhavar Sandhai ),Onion,Bellary,Local,5000,6000,6000,17-Jan-25
20733,Maharajganj,Nautnava,Onion,Red,FAQ,2300,2500,2400,28-Jan-25
20734,Nandurbar,Navapur,Onion,Other,FAQ,1500,2500,1889,05-Jan-25
20735,Nandurbar,Navapur,Onion,Other,FAQ,1500,2500,1987,04-Jan-25
20736,Gonda,Nawabganj,Onion,Red,FAQ,2200,2300,2250,27-Jan-25
20737,Gonda,Nawabganj,Onion,Red,FAQ,2250,2350,2300,16-Jan-25
20738,Gonda,Nawabganj,Onion,Red,FAQ,2490,2550,2510,10-Jan-25
20739,Gonda,Nawabganj,Onion,Red,FAQ,2550,2650,2600,13-Jan-25
20740,Gonda,Nawabganj,Onion,Red,Non-FAQ,2050,2120,2100,29-Jan-25
20741,Jhunjhunu,Nawalgarh,Onion,Red,FAQ,1000,1200,1100,27-Jan-25
20742,Thiruvarur,Needamangalam(Uzhavar Sandhai ),Onion,Bellary,Local,5600,5600,5600,08-Jan-25
20743,Thiruvarur,Needamangalam(Uzhavar Sandhai ),Onion,Bellary,Local,5800,5800,5800,24-Jan-25
20744,Kasargod,Neeleswaram,Onion,Big,FAQ,3800,4200,4000,07-Jan-25
20745,Kasargod,Neeleswaram,Onion,Big,FAQ,3800,4200,4000,09-Jan-25
20746,Kasargod,Neeleswaram,Onion,Big,FAQ,3800,4200,4000,10-Jan-25
20747,Kasargod,Neeleswaram,Onion,Big,FAQ,3800,4200,4000,27-Jan-25
20748,Karnal,"New Grain Market(main), Karnal",Onion,Other,FAQ,1400,2500,2000,17-Jan-25
20749,Karnal,"New Grain Market(main), Karnal",Onion,Other,Non-FAQ,1200,1800,1500,01-Feb-25
20750,Ahmednagar,Newasa(Ghodegaon),Onion,Red,FAQ,1000,3300,2800,01-Jan-25
20751,Thirunelveli,NGO Colony(Uzhavar Sandhai ),Onion,Bellary,Local,3500,4000,4000,27-Jan-25
20752,Thirunelveli,NGO Colony(Uzhavar Sandhai ),Onion,Bellary,Local,4000,4600,4600,20-Jan-25
20753,Thirunelveli,NGO Colony(Uzhavar Sandhai ),Onion,Bellary,Local,9000,10500,10500,22-Jan-25
20754,Moga,Nihal Singh Wala,Onion,Other,FAQ,2200,3000,2500,27-Jan-25
20755,Moga,Nihal Singh Wala,Onion,Other,FAQ,3000,3500,3200,21-Jan-25
20756,Moga,Nihal Singh Wala,Onion,Other,FAQ,3000,3800,3500,14-Jan-25
20757,Moga,Nihal Singh Wala,Onion,Other,FAQ,3200,3800,3500,10-Jan-25
20758,Moga,Nihal Singh Wala,Onion,Other,FAQ,3500,4000,3800,06-Jan-25
20759,Ghaziabad,Noida,Onion,Red,FAQ,2100,2220,2175,28-Jan-25
20760,Ghaziabad,Noida,Onion,Red,FAQ,2100,2250,2170,29-Jan-25
20761,Ernakulam,North Paravur,Onion,1st Sort,FAQ,7000,8000,7500,29-Jan-25
20762,Ernakulam,North Paravur,Onion,1st Sort,FAQ,8000,9000,8500,04-Jan-25
20763,Gorakhpur,Sehjanwa,Onion,Red,FAQ,3190,3205,3200,24-Jan-25
20764,Sehore,Sehore,Onion,Onion,FAQ,2481,3251,3251,02-Jan-25
20765,Hathras,Shadabad,Onion,Red,FAQ,2100,2200,2150,16-Jan-25
20766,Kurukshetra,Shahabad,Onion,Onion,FAQ,1800,2500,2000,21-Jan-25
20767,Hardoi,Shahabad(New Mandi),Onion,Red,FAQ,2250,2350,2300,30-Jan-25
20768,Badaun,Shahaswan,Onion,Red,Non-FAQ,1800,2100,2000,18-Jan-25
20769,Delhi,Shahdara,Onion,Other,Non-FAQ,2000,2800,2400,21-Jan-25
20770,Jaunpur,Shahganj,Onion,Red,FAQ,2300,2400,2340,20-Jan-25
20771,Shahjahanpur,Shahjahanpur,Onion,Red,FAQ,2200,2300,2240,07-Jan-25
20772,Ambala,Shahzadpur,Onion,Local,FAQ,2000,2000,2000,11-Jan-25
20773,Shajapur,Shajapur,Onion,Medium,FAQ,300,2225,1900,20-Jan-25
20774,Shajapur,Shajapur,Onion,Medium,FAQ,461,2575,2575,02-Jan-25
20775,Shajapur,Shajapur,Onion,Medium,FAQ,467,2001,1759,23-Jan-25
20776,Shajapur,Shajapur,Onion,Onion,FAQ,750,2116,1420,01-Feb-25
20777,Mandsaur,Shamgarh,Onion,Onion,FAQ,390,2500,2050,01-Jan-25
20778,Mandsaur,Shamgarh,Onion,Onion,FAQ,851,2010,1900,03-Jan-25
20779,Mandsaur,Shamgarh,Onion,Onion,FAQ,1250,1566,1566,29-Jan-25
20780,Mandsaur,Shamgarh,Onion,Onion,Non-FAQ,660,1705,800,31-Jan-25
20781,Sheohar,Sheohar,Onion,Medium,FAQ,3000,3300,3200,03-Jan-25
20782,Sheohar,Sheohar,Onion,Medium,FAQ,3000,3300,3200,12-Jan-25
20783,Sheohar,Sheohar,Onion,Medium,FAQ,3000,3300,3200,28-Jan-25
20784,Sheohar,Sheohar,Onion,Medium,FAQ,3200,3500,3400,23-Jan-25
20785,Hooghly,Sheoraphuly,Onion,Nasik,FAQ,2800,3200,3000,17-Jan-25
20786,Hooghly,Sheoraphuly,Onion,Nasik,FAQ,2800,3200,3000,22-Jan-25
20787,Hooghly,Sheoraphuly,Onion,Nasik,FAQ,3000,3400,3200,08-Jan-25
20788,Ahmednagar,Shevgaon,Onion,2nd Sort,FAQ,1000,1500,1350,13-Jan-25
20789,Shimla,Shimla,Onion,1st Sort,FAQ,3000,3200,3000,21-Jan-25
20790,Dhule,Shirpur,Onion,Red,FAQ,101,2025,1500,15-Jan-25
20791,Dhule,Shirpur,Onion,Red,FAQ,300,2875,2450,01-Jan-25
20792,Pune,Shirur,Onion,Other,FAQ,1000,2800,2000,10-Jan-25
20793,Nashik,Shivsiddha Govind Producer Company Limited Sanchal,Onion,Red,FAQ,1900,3100,2560,04-Jan-25
20794,Nashik,Shree Rameshwar Krushi Market ,Onion,Red,FAQ,500,3131,2079.69,07-Jan-25
20795,Shajapur,Shujalpur,Onion,Red,FAQ,200,2300,1800,27-Jan-25
20796,Shajapur,Shujalpur,Onion,Red,FAQ,455,2250,600,31-Jan-25
20797,Shajapur,Shujalpur,Onion,Red,FAQ,600,2115,1871,01-Feb-25
20798,Shajapur,Shujalpur(F&V),Onion,Onion,FAQ,800,2200,1400,30-Jan-25
20799,Bulandshahar,Sikanderabad,Onion,Medium,FAQ,1800,2000,1900,16-Jan-25
20800,Sikar,Sikar,Onion,1st Sort,FAQ,800,1500,1150,05-Jan-25
20801,Sikar,Sikar,Onion,1st Sort,FAQ,1000,1800,1400,10-Jan-25
20802,Bulandshahar,Sikarpur,Onion,Red,FAQ,1200,1350,1300,21-Jan-25
20803,Bulandshahar,Sikarpur,Onion,Red,FAQ,1500,1600,1550,15-Jan-25
20804,Gomati,Silachhari,Onion,Nasik,FAQ,3700,4000,3900,11-Jan-25
20805,Darjeeling,Siliguri,Onion,Other,FAQ,2500,2700,2600,30-Jan-25
20806,Sivaganga,Singampunari(Uzhavar Sandhai ),Onion,Bellary,Local,4500,5000,5000,28-Jan-25
20807,Sivaganga,Singampunari(Uzhavar Sandhai ),Onion,Bellary,Local,5000,5500,5500,04-Jan-25
20808,Sivaganga,Singampunari(Uzhavar Sandhai ),Onion,Bellary,Local,5000,5500,5500,10-Jan-25
20809,Sivaganga,Singampunari(Uzhavar Sandhai ),Onion,Bellary,Local,5000,5500,5500,16-Jan-25
20810,Coimbatore,Singanallur(Uzhavar Sandhai ),Onion,Bellary,Local,3500,3800,3800,31-Jan-25
20811,Coimbatore,Singanallur(Uzhavar Sandhai ),Onion,Bellary,Local,4000,4400,4400,03-Jan-25
20812,Coimbatore,Singanallur(Uzhavar Sandhai ),Onion,Bellary,Local,4000,4400,4400,28-Jan-25
20813,Coimbatore,Singanallur(Uzhavar Sandhai ),Onion,Bellary,Local,4000,4500,4500,17-Jan-25
20814,Coimbatore,Singanallur(Uzhavar Sandhai ),Onion,Bellary,Local,4000,4500,4500,26-Jan-25
20815,Coimbatore,Singanallur(Uzhavar Sandhai ),Onion,Bellary,Local,4000,4600,4600,27-Jan-25
20816,Nashik,Sinner,Onion,Red,FAQ,500,2701,2200,02-Jan-25
20817,Nashik,Sinner,Onion,Red,Local,500,2381,2150,28-Jan-25
20818,Nashik,Sinner,Onion,Red,Local,500,2391,1950,31-Jan-25
20819,Nashik,Sinner,Onion,Red,Local,500,2400,1950,30-Jan-25
20820,Fatehgarh,Sirhind,Onion,Other,FAQ,2300,2700,2500,28-Jan-25
20821,Nagapattinam,Sirkali(Uzhavar Sandhai ),Onion,Bellary,Local,3500,4000,4000,09-Jan-25
20822,Nagapattinam,Sirkali(Uzhavar Sandhai ),Onion,Bellary,Local,4000,5000,5000,29-Jan-25
20823,Nagapattinam,Sirkali(Uzhavar Sandhai ),Onion,Bellary,Local,4500,5000,5000,07-Jan-25
20824,Sirsa,Sirsa,Onion,Other,FAQ,1600,2400,2100,25-Jan-25
20825,Sirsa,Sirsa,Onion,Other,FAQ,1800,2400,2300,31-Jan-25
20826,Firozabad,Sirsaganj,Onion,Red,FAQ,1500,1700,1600,28-Jan-25
20827,Sitapur,Sitapur,Onion,Red,FAQ,1600,2300,2260,28-Jan-25
20828,UdhamSinghNagar,Sitarganj,Onion,Other,FAQ,1200,1800,1500,01-Jan-25
20829,UdhamSinghNagar,Sitarganj,Onion,Other,FAQ,1500,2500,2000,13-Jan-25
20830,UdhamSinghNagar,Sitarganj,Onion,Other,Non-FAQ,1500,2200,1850,20-Jan-25
20831,Mandsaur,Sitmau,Onion,Onion,FAQ,310,1950,1320,03-Jan-25
20832,Mandsaur,Sitmau,Onion,Onion-Organic,FAQ,1250,1250,1250,30-Jan-25
20833,Sivaganga,Sivagangai (Uzhavar Sandhai ),Onion,Bellary,Local,4600,5200,5200,01-Jan-25
20834,Sivaganga,Sivagangai (Uzhavar Sandhai ),Onion,Bellary,Local,5000,5200,5200,29-Jan-25
20835,Sivaganga,Sivagangai (Uzhavar Sandhai ),Onion,Bellary,Local,5000,5400,5400,05-Jan-25
20836,Virudhunagar,Sivakasi(Uzhavar Sandhai ),Onion,Bellary,Local,3800,4000,4000,14-Jan-25
20837,Kaithal,Siwan,Onion,Other,FAQ,2000,2100,2100,04-Jan-25
20838,Kaithal,Siwan,Onion,Other,FAQ,2400,2500,2500,08-Jan-25
20839,Kaithal,Siwan,Onion,Other,FAQ,3000,3000,3000,09-Jan-25
20840,Bulandshahar,Siyana,Onion,Red,FAQ,2100,2230,2170,27-Jan-25
20841,Bulandshahar,Siyana,Onion,Red,FAQ,2200,2300,2250,06-Jan-25
20842,Bulandshahar,Siyana,Onion,Red,FAQ,2200,2300,2250,11-Jan-25
20843,Bulandshahar,Siyana,Onion,Red,FAQ,2600,2700,2660,07-Jan-25
20844,Gurgaon,Sohna,Onion,Onion,FAQ,2000,2500,2500,16-Jan-25
20845,Gurgaon,Sohna,Onion,Onion,FAQ,2000,2700,2300,27-Jan-25
20846,Gurgaon,Sohna,Onion,Onion,FAQ,2200,3000,2500,08-Jan-25
20847,Gurgaon,Sohna,Onion,Onion,FAQ,2200,3000,2500,13-Jan-25
20848,Gurgaon,Sohna,Onion,Onion,FAQ,3000,3500,3500,15-Jan-25
20849,Gurgaon,Sohna,Onion,Onion,Non-FAQ,2400,2600,2500,17-Jan-25
20850,Solan,Solan,Onion,Other,FAQ,2300,3200,2800,09-Jan-25
20851,Solan,Solan,Onion,Other,FAQ,2600,3000,2900,01-Feb-25
20852,Solan,Solan(Nalagarh),Onion,Other,FAQ,2500,2800,2600,21-Jan-25
20853,Solan,Solan(Nalagarh),Onion,Other,FAQ,2500,3000,2800,11-Jan-25
20854,Solan,Solan(Nalagarh),Onion,Other,FAQ,2800,3000,2900,06-Jan-25
20855,Salem,Sooramangalam(Uzhavar Sandhai ),Onion,Bellary,Local,5000,6000,6000,11-Jan-25
20856,Ganganagar,Sriganganagar (F&V),Onion,Other,FAQ,2500,2900,2700,11-Jan-25
20857,Virudhunagar,Srivilliputhur(Uzhavar Sandhai ),Onion,Bellary,Local,4000,5000,5000,15-Jan-25
20858,Virudhunagar,Srivilliputhur(Uzhavar Sandhai ),Onion,Bellary,Local,4800,6000,6000,25-Jan-25
20859,Churu,Sujangarh,Onion,Other,FAQ,1700,1900,1800,26-Jan-25
20860,Churu,Sujangarh,Onion,Other,FAQ,2000,2200,2100,12-Jan-25
20861,Churu,Sujangarh,Onion,Other,FAQ,2200,2400,2300,20-Jan-25
20862,Amethi,Sultanpur,Onion,Red,FAQ,2200,2450,2250,26-Jan-25
20863,Amethi,Sultanpur,Onion,Red,FAQ,2300,2455,2350,17-Jan-25
20864,Coimbatore,Sulur(Uzhavar Sandhai ),Onion,Bellary,Local,4000,4500,4500,25-Jan-25
20865,Coimbatore,Sundarapuram(Uzhavar Sandhai ),Onion,Bellary,Local,4300,4700,4700,21-Jan-25
20866,Surat,Surat,Onion,Other,FAQ,1000,3700,2350,04-Jan-25
20867,Ganganagar,Suratgarh,Onion,1st Sort,FAQ,1500,1800,1600,21-Jan-25
20868,Ganganagar,Suratgarh,Onion,1st Sort,Non-FAQ,1400,1600,1500,01-Feb-25
20869,Bhavnagar,Taleja,Onion,Red,FAQ,800,2170,1485,10-Jan-25
20870,Bhavnagar,Taleja,Onion,Red,FAQ,905,2430,1670,08-Jan-25
20871,Kannur,Taliparamba,Onion,Onion,FAQ,3900,4100,4000,24-Jan-25
20872,Kannur,Taliparamba,Onion,Onion,FAQ,3900,4100,4000,31-Jan-25
20873,Bhatinda,Talwandi Sabo,Onion,Other,FAQ,2600,2800,2700,29-Jan-25
20874,Bhatinda,Talwandi Sabo,Onion,Other,FAQ,2800,3200,3000,06-Jan-25
20875,Thiruvannamalai,Tamarainagar(Uzhavar Sandhai ),Onion,Bellary,Local,4000,4500,4500,01-Jan-25
20876,Medinipur(E),Tamluk (Medinipur E),Onion,Onion,FAQ,2800,3200,3000,07-Jan-25
20877,Medinipur(E),Tamluk (Medinipur E),Onion,Onion,FAQ,2800,3200,3000,16-Jan-25
20878,Medinipur(E),Tamluk (Medinipur E),Onion,Onion,FAQ,3500,4000,3800,03-Jan-25
20879,Hoshiarpur,Tanda Urmur,Onion,Other,FAQ,2800,3200,3000,22-Jan-25
20880,Tarntaran,Tarantaran,Onion,Other,FAQ,2000,2500,2200,07-Jan-25
20881,Tenkasi,Tenkasi(Uzhavar Sandhai ),Onion,Bellary,Local,4000,4800,4800,08-Jan-25
20882,Kannur,Thalasserry,Onion,1st Sort,FAQ,3400,3600,3500,27-Jan-25
20883,Erode,Thalavadi(Uzhavar Sandhai ),Onion,Bellary,Local,3500,4000,4000,01-Feb-25
20884,Erode,Thalavadi(Uzhavar Sandhai ),Onion,Bellary,Local,4000,4400,4400,06-Jan-25
20885,Erode,Thalavadi(Uzhavar Sandhai ),Onion,Bellary,Local,4000,4500,4500,24-Jan-25
20886,Erode,Thalavadi(Uzhavar Sandhai ),Onion,Bellary,Local,4000,4500,4500,31-Jan-25
20887,Virudhunagar,Thalavaipuram(Uzhavar Sandhai ),Onion,Bellary,Local,3200,4000,4000,02-Jan-25
20888,Virudhunagar,Thalavaipuram(Uzhavar Sandhai ),Onion,Bellary,Local,4000,4500,4500,09-Jan-25
20889,Virudhunagar,Thalavaipuram(Uzhavar Sandhai ),Onion,Bellary,Local,4000,5000,5000,11-Jan-25
20890,Virudhunagar,Thalavaipuram(Uzhavar Sandhai ),Onion,Bellary,Local,4000,5000,5000,20-Jan-25
20891,Virudhunagar,Thalavaipuram(Uzhavar Sandhai ),Onion,Bellary,Local,4200,4500,4500,15-Jan-25
20892,Kottayam,Thalayolaparambu,Onion,Big,FAQ,3700,4000,3800,31-Jan-25
20893,Kottayam,Thalayolaparambu,Onion,Onion,FAQ,6000,6400,6200,28-Jan-25
20894,Kozhikode(Calicut),Thamarassery,Onion,Other,FAQ,3500,4300,3700,23-Jan-25
20895,Salem,Thammampatti (Uzhavar Sandhai ),Onion,Bellary,Local,5500,6000,6000,01-Jan-25
20896,Shamli,Thanabhavan,Onion,Red,FAQ,2000,2500,2300,25-Jan-25
20897,Kurukshetra,Thanesar,Onion,Onion,FAQ,1500,2800,2200,18-Jan-25
20898,Kurukshetra,Thanesar,Onion,Onion,FAQ,2000,3000,2500,01-Feb-25
20899,Thanjavur,Thanjavur(Uzhavar Sandhai ),Onion,Bellary,Local,4600,4600,4600,20-Jan-25
20900,Salem,Thathakapatti(Uzhavar Sandhai ),Onion,Bellary,Local,5000,5600,5600,31-Jan-25
20901,Salem,Thathakapatti(Uzhavar Sandhai ),Onion,Bellary,Local,5000,6000,6000,09-Jan-25
20902,Salem,Thathakapatti(Uzhavar Sandhai ),Onion,Bellary,Local,5000,6000,6000,24-Jan-25
20903,Theni,Theni(Uzhavar Sandhai ),Onion,Bellary,Local,4000,4400,4400,01-Feb-25
20904,Theni,Theni(Uzhavar Sandhai ),Onion,Bellary,Local,4000,4500,4500,22-Jan-25
20905,Madurai,Thirumangalam(Uzhavar Sandhai ),Onion,Bellary,Local,4500,5000,5000,23-Jan-25
20906,Madurai,Thirumangalam(Uzhavar Sandhai ),Onion,Bellary,Local,4800,5000,5000,14-Jan-25
20907,Madurai,Thirumangalam(Uzhavar Sandhai ),Onion,Bellary,Local,4800,5400,5400,08-Jan-25
20908,Malappuram,Thirurrangadi,Onion,Other,FAQ,3400,3600,3600,09-Jan-25
20909,Idukki,Thodupuzha,Onion,Small,FAQ,6300,6500,6500,29-Jan-25
20910,Idukki,Thodupuzha,Onion,Small,FAQ,9300,9500,9500,20-Jan-25
20911,Thoubal,Thoubal,Onion,Other,FAQ,4500,5000,4750,23-Jan-25
20912,Ernakulam,Thrippunithura,Onion,Big,FAQ,4500,4800,4500,10-Jan-25
20913,Thirssur,Thrissur,Onion,Onion,FAQ,10200,10200,10200,24-Jan-25
20914,Thiruchirappalli,Thuraiyur,Onion,Bellary,Local,4500,5500,5500,25-Jan-25
20915,Shahjahanpur,Tilhar,Onion,Red,FAQ,2180,2280,2230,31-Jan-25
20916,Shahjahanpur,Tilhar,Onion,Red,Non-FAQ,2080,2160,2120,01-Feb-25
20917,Villupuram,Tindivanam,Onion,Bellary,Local,4000,4000,4000,19-Jan-25
20918,Villupuram,Tindivanam,Onion,Bellary,Local,4000,5000,5000,04-Jan-25
20919,Villupuram,Tindivanam,Onion,Bellary,Local,4000,5000,5000,16-Jan-25
20920,Namakkal,Tiruchengode,Onion,Bellary,Local,4200,5000,5000,26-Jan-25
20921,Namakkal,Tiruchengode,Onion,Bellary,Local,4500,5000,5000,22-Jan-25
20922,Thirupur,Tiruppur (North) (Uzhavar Sandhai ),Onion,Bellary,Local,3400,3800,3800,10-Jan-25
20923,Thirupur,Tiruppur (South) (Uzhavar Sandhai ),Onion,Bellary,Local,3000,3500,3500,08-Jan-25
20924,Thirupur,Tiruppur (South) (Uzhavar Sandhai ),Onion,Bellary,Local,3000,3500,3500,13-Jan-25
20925,Thirupur,Tiruppur (South) (Uzhavar Sandhai ),Onion,Bellary,Local,3000,3500,3500,14-Jan-25
20926,Thirupur,Tiruppur (South) (Uzhavar Sandhai ),Onion,Bellary,Local,3000,3500,3500,17-Jan-25
20927,Thirupur,Tiruppur (South) (Uzhavar Sandhai ),Onion,Bellary,Local,3500,4000,4000,29-Jan-25
20928,Thiruvellore,Tiruvallur(Uzhavar Sandhai ),Onion,Bellary,Local,3000,3000,3000,01-Feb-25
20929,Thiruvellore,Tiruvallur(Uzhavar Sandhai ),Onion,Bellary,Local,4600,4600,4600,26-Jan-25
20930,Thiruvarur,Tiruvarur(Uzhavar Sandhai ),Onion,Bellary,Local,4000,5000,5000,09-Jan-25
20931,Fatehabad,Tohana(New Veg Market),Onion,Onion,FAQ,2000,2500,2500,16-Jan-25
20932,Fatehabad,Tohana(New Veg Market),Onion,Onion,FAQ,2600,2600,2600,19-Jan-25
20933,Balrampur,Tulsipur,Onion,Red,FAQ,2200,2250,2230,28-Jan-25
20934,Balrampur,Tulsipur,Onion,Red,FAQ,2500,2550,2530,18-Jan-25
20935,Tuticorin,Tuticorin(Uzhavar Sandhai ),Onion,Bellary,Local,4500,5000,5000,20-Jan-25
20936,Udaipur,Udaipur (F&V),Onion,Other,FAQ,1000,2300,1650,31-Jan-25
20937,Udaipur,Udaipur (F&V),Onion,Other,FAQ,1000,2400,1700,18-Jan-25
20938,Mayurbhanja,Udala,Onion,Onion,FAQ,3400,3600,3500,26-Jan-25
20939,Udhampur,Udhampur,Onion,Other,FAQ,2400,2800,2600,15-Jan-25
20940,Udhampur,Udhampur,Onion,Other,FAQ,2400,2800,2600,17-Jan-25
20941,Udhampur,Udhampur,Onion,Other,FAQ,2400,2800,2600,18-Jan-25
20942,Udhampur,Udhampur,Onion,Other,FAQ,2800,3000,2900,01-Feb-25
20943,Udhampur,Udhampur,Onion,Other,FAQ,2800,3000,2900,03-Jan-25
20944,Udhampur,Udhampur,Onion,Other,FAQ,3000,3500,3250,11-Jan-25
20945,Coimbatore,Udumalpet,Onion,Bellary,Local,3000,4800,4800,24-Jan-25
20946,Coimbatore,Udumalpet,Onion,Bellary,Local,4000,4400,4400,18-Jan-25
20947,Coimbatore,Udumalpet,Onion,Bellary,Local,4200,4800,4800,30-Jan-25
20948,Coimbatore,Udumalpet,Onion,Bellary,Local,4500,5000,5000,05-Jan-25
20949,Udupi,Udupi,Onion,Onion,FAQ,2800,3000,2900,18-Jan-25
20950,Udupi,Udupi,Onion,Onion,FAQ,3200,3600,3400,03-Jan-25
20951,Badaun,Ujhani,Onion,Red,FAQ,2150,2250,2200,01-Jan-25
20952,Badaun,Ujhani,Onion,Red,FAQ,2250,2300,2270,22-Jan-25
20953,Ujjain,Ujjain,Onion,Onion,FAQ,550,2084,2084,10-Jan-25
20954,Ujjain,Ujjain,Onion,Onion,FAQ,1120,2006,2006,27-Jan-25
20955,Hissar,Uklana,Onion,Onion,FAQ,1800,2000,2000,31-Jan-25
20956,Howrah,Uluberia,Onion,Other,FAQ,3200,3800,3400,13-Jan-25
20957,Howrah,Uluberia,Onion,Other,FAQ,3200,3800,3400,14-Jan-25
20958,Howrah,Uluberia,Onion,Other,FAQ,3200,3800,3400,19-Jan-25
20959,Villupuram,Ulundurpettai,Onion,Bellary,Local,4000,5000,5000,04-Jan-25
20960,Villupuram,Ulundurpettai,Onion,Bellary,Local,4000,5000,5000,29-Jan-25
20961,Una,Una,Onion,Onion,FAQ,2500,3000,2750,16-Jan-25
20962,Una,Una,Onion,Onion,FAQ,2500,3000,2750,17-Jan-25
20963,Una,Una,Onion,Onion,FAQ,2500,3200,2800,22-Jan-25
20964,Jalaun (Orai),Orai,Onion,Red,FAQ,1800,2250,2050,20-Jan-25
20965,Kancheepuram,Padappai(Uzhavar Sandhai ),Onion,Bellary,Local,3500,4000,4000,20-Jan-25
20966,Vadodara(Baroda),Padra,Onion,Other,FAQ,2000,3000,2500,11-Jan-25
20967,Kottayam,Pala,Onion,Big,FAQ,4600,5000,4800,26-Jan-25
20968,Kottayam,Pala,Onion,Big,Non-FAQ,9800,11000,10500,26-Jan-25
20969,Kottayam,Pala,Onion,Onion,FAQ,8500,9000,8700,09-Jan-25
20970,Dharmapuri,Palacode(Uzhavar Sandhai ),Onion,Bellary,Local,3600,4000,4000,26-Jan-25
20971,Dharmapuri,Palacode(Uzhavar Sandhai ),Onion,Bellary,Local,4500,5000,5000,02-Jan-25
20972,Dharmapuri,Palacode(Uzhavar Sandhai ),Onion,Bellary,Local,4500,5000,5000,08-Jan-25
20973,Dharmapuri,Palacode(Uzhavar Sandhai ),Onion,Bellary,Local,4500,5000,5000,13-Jan-25
20974,Palakad,Palakkad,Onion,Big,FAQ,4000,5000,4600,29-Jan-25
20975,Palakad,Palakkad,Onion,Big,FAQ,4000,5000,4600,30-Jan-25
20976,Palakad,Palakkad,Onion,Small,FAQ,5500,6500,6100,29-Jan-25
20977,Palakad,Palakkad,Onion,Small,FAQ,9000,10000,9600,07-Jan-25
20978,Kangra,Palampur,Onion,Other,FAQ,3200,3300,3250,17-Jan-25
20979,Kangra,Palampur,Onion,Other,FAQ,3400,3600,3500,03-Jan-25
20980,Dindigul,Palani(Uzhavar Sandhai ),Onion,Bellary,Local,3000,4400,4400,15-Jan-25
20981,Dindigul,Palani(Uzhavar Sandhai ),Onion,Bellary,Local,3500,5000,5000,23-Jan-25
20982,Thirunelveli,Palayamkottai(Uzhavar Sandhai ),Onion,Bellary,Local,3000,4200,4200,10-Jan-25
20983,Thirunelveli,Palayamkottai(Uzhavar Sandhai ),Onion,Bellary,Local,3400,4300,4300,26-Jan-25
20984,Thirunelveli,Palayamkottai(Uzhavar Sandhai ),Onion,Bellary,Local,3500,4600,4600,02-Jan-25
20985,Thirunelveli,Palayamkottai(Uzhavar Sandhai ),Onion,Bellary,Local,4000,4600,4600,22-Jan-25
20986,Lakhimpur,Paliakala,Onion,Red,Non-FAQ,2420,2460,2440,25-Jan-25
20987,Chengalpattu,Pallavaram(Uzhavar Sandhai ),Onion,Bellary,Local,3000,5000,5000,02-Jan-25
20988,Chengalpattu,Pallavaram(Uzhavar Sandhai ),Onion,Bellary,Local,3000,5000,5000,08-Jan-25
20989,Chengalpattu,Pallavaram(Uzhavar Sandhai ),Onion,Bellary,Local,3000,5000,5000,26-Jan-25
20990,Kottayam,Pampady,Onion,Big,FAQ,5000,6000,5500,10-Jan-25
20991,Panchkula,Panchkul(Kalka),Onion,Other,FAQ,2500,3500,3000,25-Jan-25
20992,Hooghly,Pandua,Onion,Nasik,FAQ,2600,2800,2700,16-Jan-25
20993,Panipat,Panipat,Onion,Other,FAQ,800,1200,1000,27-Jan-25
20994,Panipat,Panipat,Onion,Other,FAQ,1000,1400,1200,30-Jan-25
20995,Panipat,Panipat,Onion,Other,FAQ,1000,2000,1500,14-Jan-25
20996,Panipat,Panipat,Onion,Other,FAQ,1000,2000,1500,17-Jan-25
20997,Panipat,Panipat,Onion,Other,FAQ,1000,2000,1500,18-Jan-25
20998,North Tripura,Panisagar,Onion,Nasik,FAQ,3300,3500,3400,27-Jan-25
20999,Thanjavur,Papanasam(Uzhavar Sandhai ),Onion,Bellary,Local,3600,4800,4800,16-Jan-25
21000,Namakkal,Paramathivelur(Uzhavar Sandhai ),Onion,Bellary,Local,5000,6000,6000,22-Jan-25
21001,Malappuram,Parappanangadi,Onion,Small,FAQ,6500,6600,6600,30-Jan-25
21002,Malappuram,Parappanangadi,Onion,Small,FAQ,8000,8100,8100,10-Jan-25
21003,Malappuram,Parappanangadi,Onion,Small,FAQ,8000,8100,8100,11-Jan-25
21004,Malappuram,Parappanangadi,Onion,Small,FAQ,8500,8600,8600,08-Jan-25
21005,Gurgaon,Pataudi,Onion,Other,FAQ,2000,2200,2100,13-Jan-25
21006,Gurgaon,Pataudi,Onion,Other,FAQ,2500,2700,2600,31-Jan-25
21007,Ahmednagar,Pathardi,Onion,Red,FAQ,500,3200,1800,15-Jan-25
21008,Ahmednagar,Pathardi,Onion,Red,FAQ,500,3300,2000,03-Jan-25
21009,Palakad,Pattambi,Onion,Big,FAQ,3600,4000,3800,29-Jan-25
21010,Palakad,Pattambi,Onion,Big,FAQ,3800,4000,3900,02-Jan-25
21011,Palakad,Pattambi,Onion,Big,FAQ,3800,4000,3900,08-Jan-25
21012,Palakad,Pattambi,Onion,Small,FAQ,6500,7000,6800,30-Jan-25
21013,Palakad,Pattambi,Onion,Small,FAQ,8000,8500,8200,04-Jan-25
21014,Tarntaran,Patti,Onion,Other,FAQ,2000,2600,2200,09-Jan-25
21015,Kurnool,Pattikonda,Onion,Local,Non-FAQ,3000,4000,3500,27-Jan-25
21016,Kurnool,Pattikonda,Onion,Local,Non-FAQ,3500,4000,3800,30-Jan-25
21017,Thanjavur,Pattukottai(Uzhavar Sandhai ),Onion,Bellary,Local,4000,5000,5000,18-Jan-25
21018,Shravasti,Payagpur,Onion,Red,FAQ,2200,2500,2300,24-Jan-25
21019,Kurukshetra,Pehowa,Onion,Other,FAQ,1500,1600,1600,23-Jan-25
21020,Dharmapuri,Pennagaram(Uzhavar Sandhai ),Onion,Bellary,Local,4800,4800,4800,24-Jan-25
21021,Dharmapuri,Pennagaram(Uzhavar Sandhai ),Onion,Bellary,Local,4800,5700,5700,10-Jan-25
21022,Dharmapuri,Pennagaram(Uzhavar Sandhai ),Onion,Bellary,Local,5000,5500,5500,06-Jan-25
21023,Thiruvellore,Perambakkam(Uzhavar Sandhai ),Onion,Bellary,Local,5000,5000,5000,21-Jan-25
21024,Kozhikode(Calicut),Perambra,Onion,Other,FAQ,3400,3800,3600,27-Jan-25
21025,Malappuram,Perinthalmanna,Onion,Onion,FAQ,2800,3600,3000,29-Jan-25
21026,Theni,Periyakulam(Uzhavar Sandhai ),Onion,Bellary,Local,4000,4500,4500,09-Jan-25
21027,Theni,Periyakulam(Uzhavar Sandhai ),Onion,Bellary,Local,4200,4500,4500,28-Jan-25
21028,Ernakulam,Perumbavoor,Onion,Onion,FAQ,3000,4000,3500,01-Feb-25
21029,Ernakulam,Perumbavoor,Onion,Onion,FAQ,3500,4500,4000,22-Jan-25
21030,Ernakulam,Perumbavoor,Onion,Onion,FAQ,3700,4700,4000,28-Jan-25
21031,Erode,Perundurai(Uzhavar Sandhai ),Onion,Bellary,Local,4000,4500,4500,28-Jan-25
21032,Jalandhar,Phillaur(Apra Mandi),Onion,Other,FAQ,2500,2500,2500,11-Jan-25
21033,Pillibhit,Pilibhit,Onion,Red,FAQ,2175,2255,2215,17-Jan-25
21034,Pillibhit,Pilibhit,Onion,Red,FAQ,2200,2300,2250,20-Jan-25
21035,Pillibhit,Pilibhit,Onion,Red,Non-FAQ,2205,2285,2245,31-Jan-25
21036,Nashik,Pimpalgaon Baswant(Saykheda),Onion,Red,FAQ,800,2236,1750,09-Jan-25
21037,Nashik,Pimpalgaon Baswant(Saykheda),Onion,Red,FAQ,1000,2550,2100,24-Jan-25
21038,Hoshangabad,Pipariya(F&V),Onion,Onion,FAQ,1400,3200,2100,09-Jan-25
21039,Hoshangabad,Pipariya(F&V),Onion,Onion,FAQ,1600,3300,2400,03-Jan-25
21040,Bhojpur,Piro,Onion,Medium,FAQ,3000,3040,3020,07-Jan-25
21041,Coimbatore,Pollachi(Uzhavar Sandhai ),Onion,Bellary,Local,4000,4400,4400,14-Jan-25
21042,Coimbatore,Pollachi(Uzhavar Sandhai ),Onion,Bellary,Local,4000,4400,4400,22-Jan-25
21043,Coimbatore,Pollachi(Uzhavar Sandhai ),Onion,Bellary,Local,4000,4400,4400,26-Jan-25
21044,Coimbatore,Pollachi(Uzhavar Sandhai ),Onion,Bellary,Local,4000,4400,4400,30-Jan-25
21045,Thiruvannamalai,Polur(Uzhavar Sandhai ),Onion,Bellary,Local,3300,4000,4000,12-Jan-25
21046,Thiruvannamalai,Polur(Uzhavar Sandhai ),Onion,Bellary,Local,4000,4500,4500,23-Jan-25
21047,Thiruvannamalai,Polur(Uzhavar Sandhai ),Onion,Bellary,Local,4000,4500,4500,24-Jan-25
21048,Thiruvannamalai,Polur(Uzhavar Sandhai ),Onion,Bellary,Local,4000,4500,4500,25-Jan-25
21049,Thiruvananthapuram,Pothencode,Onion,Other,FAQ,27000,27080,27040,24-Jan-25
21050,Thiruvananthapuram,Pothencode,Onion,Other,FAQ,40000,40080,40040,27-Jan-25
21051,Thiruvananthapuram,Pothencode,Onion,Other,FAQ,52000,52080,52040,01-Feb-25
21052,Pratapgarh,Pratapgarh,Onion,Red,FAQ,1900,2100,1950,22-Jan-25
21053,Pratapgarh,Pratapgarh,Onion,Red,FAQ,2100,2250,2150,14-Jan-25
21054,Pudukkottai,Pudukottai(Uzhavar Sandhai ),Onion,Bellary,Local,4000,5000,5000,27-Jan-25
21055,Kanpur Dehat,Pukharayan,Onion,Red,FAQ,2340,2360,2350,21-Jan-25
21056,Kanpur Dehat,Pukharayan,Onion,Red,FAQ,2340,2365,2350,17-Jan-25
21057,Kanpur Dehat,Pukharayan,Onion,Red,FAQ,2370,2450,2400,11-Jan-25
21058,Kollam,Punalur,Onion,Onion,FAQ,4000,4500,4200,17-Jan-25
21059,Kollam,Punalur,Onion,Onion,FAQ,4000,4500,4200,30-Jan-25
21060,Kaithal,Pundri,Onion,Other,FAQ,2000,2100,2050,07-Jan-25
21061,Kaithal,Pundri,Onion,Other,FAQ,2300,2400,2350,13-Jan-25
21062,Kaithal,Pundri,Onion,Other,Non-FAQ,1500,1600,1550,23-Jan-25
21063,Kaithal,Pundri,Onion,Other,Non-FAQ,1800,1900,1850,29-Jan-25
21064,Pune,Pune(Manjri),Onion,Local,FAQ,2200,3100,2600,11-Jan-25
21065,Pune,Pune(Manjri),Onion,Local,Local,2600,3100,2800,01-Feb-25
21066,Pune,Pune(Manjri),Onion,Local,Local,2600,3300,2800,31-Jan-25
21067,Pune,Pune(Moshi),Onion,Local,FAQ,700,2000,1350,18-Jan-25
21068,Pune,Pune(Pimpri),Onion,Local,FAQ,1500,3000,2250,11-Jan-25
21069,Pune,Pune(Pimpri),Onion,Local,Local,800,2900,1850,29-Jan-25
21070,Mewat,Punhana,Onion,Other,FAQ,2000,2000,2000,21-Jan-25
21071,Pillibhit,Puranpur,Onion,Red,FAQ,2200,2285,2245,12-Jan-25
21072,Pillibhit,Puranpur,Onion,Red,FAQ,2210,2290,2250,08-Jan-25
21073,Unnao,Purwa,Onion,Red,FAQ,2100,2225,2150,31-Jan-25
21074,Unnao,Purwa,Onion,Red,FAQ,2400,2500,2450,13-Jan-25
21075,Unnao,Purwa,Onion,Red,FAQ,2425,2575,2475,09-Jan-25
21076,Shahjahanpur,Puwaha,Onion,Red,FAQ,2150,2350,2250,02-Jan-25
21077,Shahjahanpur,Puwaha,Onion,Red,FAQ,2150,2350,2250,29-Jan-25
21078,Shahjahanpur,Puwaha,Onion,Red,FAQ,2175,2375,2275,18-Jan-25
21079,Raebarelli,Raibareilly,Onion,Red,FAQ,2250,2300,2275,25-Jan-25
21080,Raebarelli,Raibareilly,Onion,Red,FAQ,2250,2360,2300,24-Jan-25
21081,Raebarelli,Raibareilly,Onion,Red,FAQ,2360,2450,2400,14-Jan-25
21082,Raigarh,Raigarh,Onion,Local,Local,2400,3200,2600,02-Jan-25
21083,Panchkula,Raipur Rai,Onion,Other,FAQ,2500,3000,2500,04-Jan-25
21084,Virudhunagar,Rajapalayam(Uzhavar Sandhai ),Onion,Bellary,Local,4500,5000,5000,10-Jan-25
21085,Virudhunagar,Rajapalayam(Uzhavar Sandhai ),Onion,Bellary,Local,4500,5000,5000,22-Jan-25
21086,Rajkot,Rajkot(Veg.Sub Yard),Onion,Onion,FAQ,550,2050,1500,13-Jan-25
21087,Rajkot,Rajkot(Veg.Sub Yard),Onion,Onion,FAQ,700,2150,1600,23-Jan-25
21088,Rajnandgaon,Rajnandgaon,Onion,Onion,Local,2000,2500,2200,14-Jan-25
21089,Rajnandgaon,Rajnandgaon,Onion,Onion,Local,2000,2500,2300,09-Jan-25
21090,Rajouri,Rajouri (F&V),Onion,Other,FAQ,3200,3400,3300,16-Jan-25
21091,Rajouri,Rajouri (F&V),Onion,Other,FAQ,3400,3600,3500,11-Jan-25
21092,Bhatinda,Raman,Onion,Other,FAQ,2285,2350,2310,24-Jan-25
21093,Ramanathapuram,Ramanathapuram(Uzhavar Sandhai ),Onion,Bellary,Local,5000,5500,5500,28-Jan-25
21094,Howrah,Ramkrishanpur(Howrah),Onion,Other,FAQ,3200,3800,3500,10-Jan-25
21095,Howrah,Ramkrishanpur(Howrah),Onion,Other,FAQ,3200,3800,3500,16-Jan-25
21096,Howrah,Ramkrishanpur(Howrah),Onion,Other,FAQ,3200,3800,3600,19-Jan-25
21097,Nanital,Ramnagar,Onion,Other,FAQ,2300,2500,2400,21-Jan-25
21098,Rampur,Rampur,Onion,Red,FAQ,2200,2275,2240,21-Jan-25
21099,Rampur,Rampur,Onion,Red,FAQ,2400,2500,2450,01-Jan-25
21100,Bhatinda,Rampuraphul(Nabha Mandi),Onion,Other,Non-FAQ,1000,3000,2500,25-Jan-25
21101,Birbhum,Rampurhat,Onion,Local,FAQ,2350,2450,2400,11-Jan-25
21102,Nadia,Ranaghat,Onion,Other,FAQ,2800,3000,2900,19-Jan-25
21103,Nadia,Ranaghat,Onion,Other,FAQ,3500,3650,3600,08-Jan-25
21104,Sirsa,Rania,Onion,Other,FAQ,1900,2000,1950,03-Jan-25
21105,Ballia,Rasda,Onion,Red,FAQ,2075,2200,2125,31-Jan-25
21106,Ballia,Rasda,Onion,Red,FAQ,2350,2500,2420,13-Jan-25
21107,Ballia,Rasda,Onion,Red,FAQ,2365,2490,2415,15-Jan-25
21108,Namakkal,Rasipuram(Uzhavar Sandhai ),Onion,Bellary,Local,4500,5000,5000,01-Feb-25
21109,Fatehabad,Ratia,Onion,Other,FAQ,2000,2300,2150,27-Jan-25
21110,Ratlam,Ratlam,Onion,Nasik,FAQ,450,700,700,08-Jan-25
21111,Ratlam,Ratlam,Onion,Onion,FAQ,401,2414,1380,17-Jan-25
21112,Ratlam,Ratlam,Onion,Onion,FAQ,413,3100,2400,01-Jan-25
21113,Ratlam,Ratlam,Onion,Onion,Non-FAQ,150,2918,1900,22-Jan-25
21114,Ratlam,Ratlam,Onion,White,FAQ,1980,1980,1980,07-Jan-25
21115,Hanumangarh,Rawatsar,Onion,1st Sort,FAQ,1300,1400,1350,01-Feb-25
21116,Hanumangarh,Rawatsar,Onion,1st Sort,FAQ,1900,1900,1900,03-Jan-25
21117,Hanumangarh,Rawatsar,Onion,1st Sort,FAQ,2100,2100,2100,18-Jan-25
21118,Rayagada,Rayagada,Onion,Other,FAQ,3100,3200,3200,28-Jan-25
21119,Rayagada,Rayagada,Onion,Other,FAQ,3500,3600,3600,07-Jan-25
21120,Rayagada,Rayagada,Onion,Other,FAQ,3500,3600,3600,09-Jan-25
21121,Amritsar,Rayya,Onion,Red,FAQ,1700,1700,1700,20-Jan-25
21122,Amritsar,Rayya,Onion,Red,FAQ,1700,1700,1700,24-Jan-25
21123,Amritsar,Rayya,Onion,Red,FAQ,2000,2000,2000,09-Jan-25
21124,Rewari,Rewari,Onion,Medium,Non-FAQ,1000,2400,1700,17-Jan-25
21125,Rewari,Rewari,Onion,Medium,Non-FAQ,1000,2400,1700,22-Jan-25
21126,Dehradoon,Rishikesh,Onion,Other,FAQ,2600,3200,2800,08-Jan-25
21127,Dehradoon,Rishikesh,Onion,Other,Non-FAQ,2000,2500,2200,24-Jan-25
21128,Sonbhadra,Robertsganj,Onion,Red,FAQ,2000,2230,2110,30-Jan-25
21129,Sonbhadra,Robertsganj,Onion,Red,FAQ,2030,2200,2115,01-Feb-25
21130,Sonbhadra,Robertsganj,Onion,Red,FAQ,2250,2450,2330,04-Jan-25
21131,Shimla,Rohroo,Onion,1st Sort,FAQ,3000,3500,3000,14-Jan-25
21132,Shimla,Rohroo,Onion,1st Sort,FAQ,3000,3500,3000,17-Jan-25
21133,Rohtak,Rohtak,Onion,Other,FAQ,800,1500,1000,21-Jan-25
21134,Haridwar,Roorkee,Onion,Other,FAQ,2000,4000,3000,25-Jan-25
21135,Ropar (Rupnagar),Ropar,Onion,Other,FAQ,2000,2400,2200,14-Jan-25
21136,Ropar (Rupnagar),Ropar,Onion,Other,FAQ,2400,2800,2600,15-Jan-25
21137,Coimbatore,RSPuram(Uzhavar Sandhai ),Onion,Bellary,Local,3600,4000,4000,28-Jan-25
21138,Coimbatore,RSPuram(Uzhavar Sandhai ),Onion,Bellary,Local,3800,4200,4200,04-Jan-25
21139,Ayodhya,Rudauli,Onion,Red,FAQ,2200,2400,2300,11-Jan-25
21140,Ayodhya,Rudauli,Onion,Red,FAQ,2200,2400,2300,19-Jan-25
21141,UdhamSinghNagar,Rudrapur,Onion,Other,FAQ,2000,2500,2200,21-Jan-25
21142,UdhamSinghNagar,Rudrapur,Onion,Other,FAQ,2000,2800,2500,17-Jan-25
21143,Medak,Sadasivpet,Onion,1st Sort,Non-FAQ,830,2609,1960,25-Jan-25
21144,Barabanki,Safdarganj,Onion,Red,FAQ,2300,2400,2350,14-Jan-25
21145,Barabanki,Safdarganj,Onion,Red,FAQ,2300,2400,2350,22-Jan-25
21146,Barabanki,Safdarganj,Onion,Red,FAQ,2350,2450,2400,01-Jan-25
21147,Sagar,Sagar,Onion,Onion,FAQ,1400,1400,1400,24-Jan-25
21148,Saharanpur,Saharanpur,Onion,Red,FAQ,2100,2500,2300,21-Jan-25
21149,Siddharth Nagar,Sahiyapur,Onion,Red,FAQ,1600,1805,1650,27-Jan-25
21150,Ratlam,Sailana,Onion,Medium,FAQ,770,2252,2252,08-Jan-25
21151,Ratlam,Sailana,Onion,Medium,Non-FAQ,400,2169,1001,28-Jan-25
21152,Ratlam,Sailana(F&V),Onion,Local,FAQ,671,1901,1286,13-Jan-25
21153,Ratlam,Sailana(F&V),Onion,Local,FAQ,700,2318,1500,07-Jan-25
21154,Birbhum,Sainthia,Onion,Onion,FAQ,2600,2800,2700,18-Jan-25
21155,Raebarelli,Salon,Onion,1st Sort,FAQ,2500,2515,2510,11-Jan-25
21156,Raebarelli,Salon,Onion,1st Sort,Non-FAQ,2220,2230,2225,01-Feb-25
21157,Panipat,Samalkha,Onion,Local,FAQ,2000,2000,2000,23-Jan-25
21158,Patiala,Samana,Onion,Other,Non-FAQ,1500,2100,1900,22-Jan-25
21159,Sambhal,Sambhal,Onion,Red,FAQ,1200,1450,1400,29-Jan-25
21160,Sambhal,Sambhal,Onion,Red,FAQ,1200,1450,1400,30-Jan-25
21161,Sambhal,Sambhal,Onion,Red,FAQ,1200,1550,1400,28-Jan-25
21162,Sambhal,Sambhal,Onion,Red,FAQ,2000,2350,2250,07-Jan-25
21163,Erode,Sampath Nagar(Uzhavar Sandhai ),Onion,Bellary,Local,4200,4600,4600,21-Jan-25
21164,Erode,Sampath Nagar(Uzhavar Sandhai ),Onion,Bellary,Local,4400,4800,4800,02-Jan-25
21165,Ludhiana,Samrala,Onion,Other,FAQ,1500,2000,1800,02-Jan-25
21166,Ludhiana,Samrala,Onion,Other,FAQ,2000,2500,2200,30-Jan-25
21167,Malda,Samsi,Onion,Onion,FAQ,2000,2800,2500,21-Jan-25
21168,Una,Una,Onion,Onion,FAQ,2600,3000,2800,01-Feb-25
21169,Unnao,Unnao,Onion,Red,FAQ,2025,2150,2075,01-Feb-25
21170,Madurai,Usilampatty,Onion,Bellary,Local,4800,5000,5000,14-Jan-25
21171,Madurai,Usilampatty,Onion,Bellary,Local,4800,5200,5200,05-Jan-25
21172,Madurai,Usilampatty,Onion,Bellary,Local,4800,5400,5400,08-Jan-25
21173,Kanpur,Uttaripura,Onion,Red,FAQ,2080,2280,2180,31-Jan-25
21174,Kanpur,Uttaripura,Onion,Red,FAQ,2150,2350,2250,27-Jan-25
21175,Kanpur,Uttaripura,Onion,Red,FAQ,2200,2400,2300,10-Jan-25
21176,Palakad,Vadakkenchery,Onion,Big,FAQ,4500,5000,4750,21-Jan-25
21177,Coimbatore,Vadavalli(Uzhavar Sandhai ),Onion,Bellary,Local,3800,4200,4200,06-Jan-25
21178,Coimbatore,Vadavalli(Uzhavar Sandhai ),Onion,Bellary,Local,3800,4200,4200,08-Jan-25
21179,Vadodara(Baroda),Vadodara(Sayajipura),Onion,Other,FAQ,1000,2800,1950,30-Jan-25
21180,Vadodara(Baroda),Vadodara(Sayajipura),Onion,Other,FAQ,1300,3000,2200,08-Jan-25
21181,Vadodara(Baroda),Vadodara(Sayajipura),Onion,Other,FAQ,1500,2800,2200,23-Jan-25
21182,Satara,Vai,Onion,Local,Local,1500,3500,2200,29-Jan-25
21183,Satara,Vai,Onion,Local,Local,1500,4000,2500,28-Jan-25
21184,Chattrapati Sambhajinagar,Vaijpur,Onion,Red,Local,500,3000,2100,27-Jan-25
21185,Thiruvarur,Valangaiman,Onion,Bellary,Local,4400,4400,4400,20-Jan-25
21186,Thiruvarur,Valangaiman,Onion,Bellary,Local,4600,4600,4600,07-Jan-25
21187,Thiruvananthapuram,Vamanapuram,Onion,Other,FAQ,5000,5500,5500,06-Jan-25
21188,Thiruvananthapuram,Vamanapuram,Onion,Other,Non-FAQ,4500,5000,5000,21-Jan-25
21189,Idukki,Vandiperiyar,Onion,Big,FAQ,4000,4200,4200,19-Jan-25
21190,Idukki,Vandiperiyar,Onion,Big,FAQ,4300,4400,4400,03-Jan-25
21191,Idukki,Vandiperiyar,Onion,Big,FAQ,4400,4500,4400,30-Jan-25
21192,Idukki,Vandiperiyar,Onion,Big,FAQ,4400,4500,4500,18-Jan-25
21193,Idukki,Vandiperiyar,Onion,Small,FAQ,6500,7000,7000,29-Jan-25
21194,Varanasi,Varanasi,Onion,Red,FAQ,2525,2650,2580,06-Jan-25
21195,Kanpur,Varipaal,Onion,Red,FAQ,1800,1800,1800,03-Jan-25
21196,Kanpur,Varipaal,Onion,Red,Non-FAQ,1800,2000,1900,28-Jan-25
21197,Mumbai,Vashi New Mumbai,Onion,Other,FAQ,500,3200,1850,03-Jan-25
21198,Mumbai,Vashi New Mumbai,Onion,Other,Local,1000,2800,1900,01-Feb-25
21199,Karur,Velayuthampalayam(Uzhavar Sandhai ),Onion,Bellary,Local,4000,5000,5000,13-Jan-25
21200,Karur,Velayuthampalayam(Uzhavar Sandhai ),Onion,Bellary,Local,4000,5000,5000,14-Jan-25
21201,Karur,Velayuthampalayam(Uzhavar Sandhai ),Onion,Bellary,Local,4000,5000,5000,15-Jan-25
21202,Karur,Velayuthampalayam(Uzhavar Sandhai ),Onion,Bellary,Local,4000,5000,5000,22-Jan-25
21203,Vellore,Vellore,Onion,Bellary,Local,4000,4400,4400,22-Jan-25
21204,Dehradoon,Vikasnagar,Onion,Other,FAQ,900,1000,1000,07-Jan-25
21205,Dehradoon,Vikasnagar,Onion,Other,FAQ,1200,2000,2000,21-Jan-25
21206,Dehradoon,Vikasnagar,Onion,Other,Non-FAQ,1600,1600,1600,24-Jan-25
21207,Pudukkottai,Viralimalai(Uzhavar Sandhai ),Onion,Bellary,Local,4000,6000,6000,19-Jan-25
21208,Pudukkottai,Viralimalai(Uzhavar Sandhai ),Onion,Bellary,Local,5000,6000,6000,24-Jan-25
21209,Cuddalore,Viruthachalam(Uzhavar Sandhai ),Onion,Bellary,Local,4000,4000,4000,21-Jan-25
21210,Cuddalore,Viruthachalam(Uzhavar Sandhai ),Onion,Bellary,Local,4000,4000,4000,27-Jan-25
21211,Cuddalore,Viruthachalam(Uzhavar Sandhai ),Onion,Bellary,Local,4000,5000,5000,04-Jan-25
21212,Pillibhit,Vishalpur,Onion,Red,FAQ,2210,2268,2240,23-Jan-25
21213,Pillibhit,Vishalpur,Onion,Red,FAQ,2370,2415,2395,01-Jan-25
21214,Sitapur,Viswan,Onion,Red,FAQ,2320,2360,2340,21-Jan-25
21215,Sangli,Vita,Onion,Other,FAQ,2500,3200,3000,02-Jan-25
21216,Thirssur,Wadakkanchery,Onion,Onion,FAQ,4200,4500,4500,27-Jan-25
21217,Badaun,Wazirganj,Onion,Red,FAQ,2150,2225,2200,22-Jan-25
21218,Badaun,Wazirganj,Onion,Red,FAQ,2150,2250,2200,27-Jan-25
21219,Jalgaon,Yawal,Onion,Red,FAQ,1210,1630,1470,02-Jan-25
21220,Nashik,Yeola,Onion,Red,FAQ,400,2480,2050,08-Jan-25
21221,Ferozpur,Zira,Onion,Local,FAQ,2200,2500,2400,20-Jan-25
21222,Ferozpur,Zira,Onion,Local,FAQ,2300,2500,2400,28-Jan-25
21223,Ferozpur,Zira,Onion,Local,FAQ,2400,2800,2600,06-Jan-25
21224,Ferozpur,Zira,Onion,Local,FAQ,2600,3000,2800,11-Jan-25
21225,Malda,Samsi,Onion,Onion,FAQ,2400,3000,2500,04-Jan-25
21226,Khandwa,Sanawad(F&V),Onion,Onion,FAQ,1500,2000,1800,30-Jan-25
21227,Hardoi,Sandila,Onion,Red,FAQ,2270,2350,2310,23-Jan-25
21228,Hardoi,Sandila,Onion,Red,FAQ,2380,2460,2415,16-Jan-25
21229,Ahmednagar,Sangamner,Onion,Red,Local,500,3011,1750,29-Jan-25
21230,Sangli,"Sangli(Phale, Bhajipura Market)",Onion,Local,FAQ,700,3200,1950,21-Jan-25
21231,Sangli,"Sangli(Phale, Bhajipura Market)",Onion,Local,FAQ,700,3200,1950,24-Jan-25
21232,Sangli,"Sangli(Phale, Bhajipura Market)",Onion,Local,FAQ,1000,3700,2350,02-Jan-25
21233,Sangli,"Sangli(Phale, Bhajipura Market)",Onion,Local,Local,1000,3000,2000,29-Jan-25
21234,Hanumangarh,Sangriya,Onion,Onion,FAQ,2200,3200,2900,17-Jan-25
21235,Tenkasi,Sankarankoil(Uzhavar Sandhai ),Onion,Bellary,Local,4500,5000,5000,08-Jan-25
21236,Tenkasi,Sankarankoil(Uzhavar Sandhai ),Onion,Bellary,Local,5500,6000,6000,11-Jan-25
21237,Kallakuruchi,Sankarapuram(Uzhavar Sandhai ),Onion,Bellary,Local,4000,5000,5000,05-Jan-25
21238,Kallakuruchi,Sankarapuram(Uzhavar Sandhai ),Onion,Bellary,Local,4000,5000,5000,31-Jan-25
21239,Una,Santoshgarh,Onion,Other,FAQ,2000,3000,2500,28-Jan-25
21240,Rajgarh,Sarangpur,Onion,Local,FAQ,600,1000,800,27-Jan-25
21241,Sundergarh,Sargipali,Onion,Other,FAQ,2000,2500,2200,08-Jan-25
21242,Sundergarh,Sargipali,Onion,Other,FAQ,2000,2500,2200,12-Jan-25
21243,Rohtas,Sasaram,Onion,Medium,FAQ,2300,2700,2500,04-Jan-25
21244,Nashik,Satana,Onion,Red,FAQ,305,2535,2195,20-Jan-25
21245,Nashik,Satana,Onion,Red,FAQ,350,2620,2070,23-Jan-25
21246,Nashik,Satana,Onion,Red,FAQ,450,2735,2155,24-Jan-25
21247,Nashik,Satana,Onion,Red,Local,450,2500,1980,28-Jan-25
21248,Satara,Satara,Onion,Other,FAQ,1000,3000,2000,20-Jan-25
21249,Satara,Satara,Onion,Other,Local,1000,2500,1800,01-Feb-25
21250,Erode,Sathiyamagalam(Uzhavar Sandhai ),Onion,Bellary,Local,3500,4000,4000,10-Jan-25
21251,Erode,Sathiyamagalam(Uzhavar Sandhai ),Onion,Bellary,Local,3500,4000,4000,11-Jan-25
21252,Virudhunagar,Sathur(Uzhavar Sandhai ),Onion,Bellary,Local,4000,4500,4500,17-Jan-25
21253,Virudhunagar,Sathur(Uzhavar Sandhai ),Onion,Bellary,Local,4000,4500,4500,23-Jan-25
21254,Virudhunagar,Sathur(Uzhavar Sandhai ),Onion,Bellary,Local,4000,4500,4500,25-Jan-25
21255,Gorakhpur,Sehjanwa,Onion,Red,FAQ,3190,3205,3200,15-Jan-25
21256,Gorakhpur,Sehjanwa,Onion,Red,FAQ,3190,3205,3200,17-Jan-25
21257,Gorakhpur,Sehjanwa,Onion,Red,FAQ,3190,3205,3200,23-Jan-25
21258,Gorakhpur,Sehjanwa,Onion,Red,FAQ,3190,3205,3200,25-Jan-25
21259,Sehore,Sehore,Onion,Onion,FAQ,551,551,551,15-Jan-25
21260,Sehore,Sehore,Onion,Onion,FAQ,3011,3210,3210,01-Jan-25
21261,Hathras,Shadabad,Onion,Red,FAQ,2100,2200,2150,07-Jan-25
21262,Hathras,Shadabad,Onion,Red,FAQ,2100,2200,2150,10-Jan-25
21263,Hathras,Shadabad,Onion,Red,FAQ,3100,3200,3150,01-Feb-25
21264,Kurukshetra,Shahabad,Onion,Onion,FAQ,2200,3000,2500,03-Jan-25
21265,Jaunpur,Shahganj,Onion,Red,FAQ,2200,2300,2240,23-Jan-25
21266,Jaunpur,Shahganj,Onion,Red,FAQ,2600,2750,2680,07-Jan-25
21267,Shahjahanpur,Shahjahanpur,Onion,Red,FAQ,2200,2300,2250,24-Jan-25
21268,Muzaffarnagar,Shahpur,Onion,Red,FAQ,1330,1400,1370,12-Jan-25
21269,Ambala,Shahzadpur,Onion,Local,FAQ,2000,2000,2000,14-Jan-25
21270,Ambala,Shahzadpur,Onion,Local,FAQ,2000,2000,2000,15-Jan-25
21271,Ambala,Shahzadpur,Onion,Local,FAQ,2000,2000,2000,17-Jan-25
21272,Ambala,Shahzadpur,Onion,Local,FAQ,2000,2000,2000,22-Jan-25
21273,Ambala,Shahzadpur,Onion,Local,FAQ,2000,2000,2000,30-Jan-25
21274,Shajapur,Shajapur,Onion,Local,FAQ,735,1188,1188,07-Jan-25
21275,Shajapur,Shajapur,Onion,Medium,FAQ,411,2151,1537,10-Jan-25
21276,Shajapur,Shajapur,Onion,Onion,FAQ,900,2012,2012,24-Jan-25
21277,Mandsaur,Shamgarh,Onion,Onion,FAQ,200,1680,1300,13-Jan-25
21278,Mandsaur,Shamgarh,Onion,Onion,FAQ,500,1900,1900,01-Feb-25
21279,Mandsaur,Shamgarh,Onion,Onion,Non-FAQ,200,1726,1400,27-Jan-25
21280,Shamli,Shamli,Onion,Red,FAQ,2400,2500,2450,14-Jan-25
21281,Shamli,Shamli,Onion,Red,FAQ,2450,2550,2500,10-Jan-25
21282,Hooghly,Sheoraphuly,Onion,Nasik,FAQ,3000,3200,3100,04-Jan-25
21283,Ahmednagar,Shevgaon,Onion,2nd Sort,FAQ,1400,2400,2000,09-Jan-25
21284,Ahmednagar,Shevgaon,Onion,Other,FAQ,500,800,600,16-Jan-25
21285,Ahmednagar,Shevgaon,Onion,Other,FAQ,500,1600,1150,02-Jan-25
21286,Shimla,Shimla,Onion,1st Sort,FAQ,2800,3000,2800,01-Feb-25
21287,Shimla,Shimla,Onion,1st Sort,FAQ,3000,3200,3000,10-Jan-25
21288,Shimla,Shimla,Onion,1st Sort,FAQ,3000,3200,3000,16-Jan-25
21289,Shimla,Shimla,Onion,1st Sort,FAQ,3000,3500,3000,18-Jan-25
21290,Shimla,Shimla,Onion,1st Sort,FAQ,3800,4000,3800,02-Jan-25
21291,Shimoga,Shimoga,Onion,Onion,FAQ,2500,4500,3500,02-Jan-25
21292,Shimoga,Shimoga,Onion,Onion,FAQ,2500,4500,3500,08-Jan-25
21293,Shimoga,Shimoga,Onion,Onion,FAQ,3300,4500,4000,29-Jan-25
21294,Shimoga,Shimoga,Onion,Onion,Ref grade-1,3300,4500,4000,31-Jan-25
21295,Nashik,Shivsiddha Govind Producer Company Limited Sanchal,Onion,Red,FAQ,2100,2700,2450,22-Jan-25
21296,Nashik,Shree Rameshwar Krushi Market ,Onion,Other,FAQ,2012,2012,2012,07-Jan-25
21297,Ahmednagar,Shrigonda,Onion,Other,FAQ,500,3000,2800,22-Jan-25
21298,Ahmednagar,Shrigonda,Onion,Other,FAQ,700,3100,2800,19-Jan-25
21299,Shajapur,Shujalpur,Onion,Red,FAQ,102,1726,1669,16-Jan-25
21300,Shajapur,Shujalpur(F&V),Onion,Onion,FAQ,800,2900,1300,01-Jan-25
21301,Bulandshahar,Sikanderabad,Onion,Medium,Non-FAQ,1500,2000,1800,21-Jan-25
21302,Sikar,Sikar,Onion,Onion,FAQ,1000,1700,1350,26-Jan-25
21303,Sikar,Sikar,Onion,Onion,FAQ,1000,1800,1400,28-Jan-25
21304,Bulandshahar,Sikarpur,Onion,Red,FAQ,1200,1400,1300,23-Jan-25
21305,Bulandshahar,Sikarpur,Onion,Red,FAQ,1200,1400,1300,25-Jan-25
21306,Gomati,Silachhari,Onion,Nasik,FAQ,3800,4000,3900,04-Jan-25
21307,Darjeeling,Siliguri,Onion,Other,FAQ,2500,2700,2600,11-Jan-25
21308,Darjeeling,Siliguri,Onion,Other,FAQ,2500,2700,2600,19-Jan-25
21309,Sivaganga,Singampunari(Uzhavar Sandhai ),Onion,Bellary,Local,4500,5000,5000,07-Jan-25
21310,Coimbatore,Singanallur(Uzhavar Sandhai ),Onion,Bellary,Local,4000,4400,4400,29-Jan-25
21311,Coimbatore,Singanallur(Uzhavar Sandhai ),Onion,Bellary,Local,4000,4500,4500,11-Jan-25
21312,Coimbatore,Singanallur(Uzhavar Sandhai ),Onion,Bellary,Local,4000,4500,4500,20-Jan-25
21313,Coimbatore,Singanallur(Uzhavar Sandhai ),Onion,Bellary,Local,4000,4500,4500,24-Jan-25
21314,Nashik,Sinner,Onion,Red,FAQ,500,2241,1850,16-Jan-25
21315,Nagapattinam,Sirkali(Uzhavar Sandhai ),Onion,Bellary,Local,4000,5000,5000,21-Jan-25
21316,Sirsa,Sirsa,Onion,Other,FAQ,1500,2500,2100,19-Jan-25
21317,Sirsa,Sirsa,Onion,Other,FAQ,1600,2900,2000,01-Feb-25
21318,Sirsa,Sirsa,Onion,Other,FAQ,1700,2200,2000,13-Jan-25
21319,Sirsa,Sirsa,Onion,Other,FAQ,1700,2300,2200,28-Jan-25
21320,Sirsa,Sirsa,Onion,Other,FAQ,2000,2400,2300,24-Jan-25
21321,Sitapur,Sitapur,Onion,Red,FAQ,1600,2250,2150,30-Jan-25
21322,Sitapur,Sitapur,Onion,Red,FAQ,1600,2300,2230,29-Jan-25
21323,Sitapur,Sitapur,Onion,Red,FAQ,1600,2400,2335,24-Jan-25
21324,Sitapur,Sitapur,Onion,Red,FAQ,1600,2400,2350,20-Jan-25
21325,Sitapur,Sitapur,Onion,Red,FAQ,1600,2550,2420,14-Jan-25
21326,UdhamSinghNagar,Sitarganj,Onion,Other,FAQ,1500,2000,1800,07-Jan-25
21327,UdhamSinghNagar,Sitarganj,Onion,Other,Non-FAQ,1500,2000,1800,29-Jan-25
21328,Mandsaur,Sitmau,Onion,Onion,FAQ,395,2240,1400,06-Jan-25
21329,Mandsaur,Sitmau,Onion,Onion,FAQ,900,1980,1510,08-Jan-25
21330,Mandsaur,Sitmau,Onion,Onion,FAQ,1150,1400,1400,16-Jan-25
21331,Virudhunagar,Sivakasi(Uzhavar Sandhai ),Onion,Bellary,Local,3000,3500,3500,18-Jan-25
21332,Kaithal,Siwan,Onion,Other,FAQ,2500,2700,2600,27-Jan-25
21333,Gurgaon,Sohna,Onion,Onion,FAQ,2000,2500,2500,01-Jan-25
21334,Gurgaon,Sohna,Onion,Onion,FAQ,2400,2600,2500,17-Jan-25
21335,Solan,Solan,Onion,Other,FAQ,2500,3000,2800,29-Jan-25
21336,Solan,Solan,Onion,Other,FAQ,2600,2700,2700,19-Jan-25
21337,Solan,Solan,Onion,Other,FAQ,2700,3100,2800,21-Jan-25
21338,Sonipat,Sonepat,Onion,Other,FAQ,1900,3000,1900,13-Jan-25
21339,Sonipat,Sonepat,Onion,Other,FAQ,2500,3000,2500,04-Jan-25
21340,Sonipat,Sonepat(Kharkhoda),Onion,Other,FAQ,2500,3500,3000,01-Jan-25
21341,Salem,Sooramangalam(Uzhavar Sandhai ),Onion,Bellary,Local,4500,5000,5000,18-Jan-25
21342,Salem,Sooramangalam(Uzhavar Sandhai ),Onion,Bellary,Local,5000,6000,6000,02-Jan-25
21343,Salem,Sooramangalam(Uzhavar Sandhai ),Onion,Bellary,Local,5500,6000,6000,26-Jan-25
21344,Ganganagar,Sriganganagar (F&V),Onion,Other,FAQ,2400,2800,2600,04-Jan-25
21345,Virudhunagar,Srivilliputhur(Uzhavar Sandhai ),Onion,Bellary,Local,3500,4000,4000,01-Feb-25
21346,Amethi,Sultanpur,Onion,Red,FAQ,2250,2450,2350,20-Jan-25
21347,Amethi,Sultanpur,Onion,Red,FAQ,2250,2500,2350,19-Jan-25
21348,Amethi,Sultanpur,Onion,Red,FAQ,2300,2450,2390,07-Jan-25
21349,Amethi,Sultanpur,Onion,Red,FAQ,2400,2600,2450,01-Jan-25
21350,Amethi,Sultanpur,Onion,Red,Non-FAQ,1880,1960,1925,31-Jan-25
21351,Coimbatore,Sulur(Uzhavar Sandhai ),Onion,Bellary,Local,3600,4000,4000,14-Jan-25
21352,Coimbatore,Sulur(Uzhavar Sandhai ),Onion,Bellary,Local,4000,4400,4400,19-Jan-25
21353,Sangrur,Sunam,Onion,Nasik,FAQ,2000,2500,2000,13-Jan-25
21354,Sangrur,Sunam,Onion,Nasik,FAQ,2000,2500,2200,11-Jan-25
21355,Coimbatore,Sundarapuram(Uzhavar Sandhai ),Onion,Bellary,Local,3600,4000,4000,29-Jan-25
21356,Coimbatore,Sundarapuram(Uzhavar Sandhai ),Onion,Bellary,Local,4000,4200,4200,04-Jan-25
21357,Coimbatore,Sundarapuram(Uzhavar Sandhai ),Onion,Bellary,Local,4000,4300,4300,26-Jan-25
21358,Ganganagar,Suratgarh,Onion,1st Sort,FAQ,1400,1600,1500,27-Jan-25
21359,Ganganagar,Suratgarh,Onion,1st Sort,FAQ,1500,1800,1600,04-Jan-25
21360,Ganganagar,Suratgarh,Onion,1st Sort,FAQ,1500,1800,1600,08-Jan-25
21361,Samastipur,Tajpur,Onion,Medium,FAQ,2400,2500,2500,01-Feb-25
21362,Samastipur,Tajpur,Onion,Medium,FAQ,2400,2600,2500,26-Jan-25
21363,Samastipur,Tajpur,Onion,Medium,FAQ,2500,3000,2800,12-Jan-25
21364,Samastipur,Tajpur,Onion,Medium,FAQ,2500,3000,2800,13-Jan-25
21365,Bhavnagar,Taleja,Onion,Red,FAQ,940,2175,1560,16-Jan-25
21366,Bhavnagar,Taleja,Onion,Red,FAQ,955,2390,1675,23-Jan-25
21367,Kannur,Taliparamba,Onion,Onion,FAQ,3900,4100,4000,06-Jan-25
21368,Kannur,Taliparamba,Onion,Onion,FAQ,3900,4100,4000,25-Jan-25
21369,Bhatinda,Talwandi Sabo,Onion,Other,FAQ,2000,2500,2200,24-Jan-25
21370,Bhatinda,Talwandi Sabo,Onion,Other,FAQ,2500,3000,2800,03-Jan-25
21371,Thiruvannamalai,Tamarainagar(Uzhavar Sandhai ),Onion,Bellary,Local,2500,3000,3000,15-Jan-25
21372,Thiruvannamalai,Tamarainagar(Uzhavar Sandhai ),Onion,Bellary,Local,4000,4500,4500,02-Jan-25
21373,Thiruvannamalai,Tamarainagar(Uzhavar Sandhai ),Onion,Bellary,Local,4000,4500,4500,04-Jan-25
21374,Medinipur(E),Tamluk (Medinipur E),Onion,Onion,FAQ,2200,2600,2400,01-Feb-25
21375,Medinipur(E),Tamluk (Medinipur E),Onion,Onion,FAQ,2400,2800,2600,29-Jan-25
21376,Medinipur(E),Tamluk (Medinipur E),Onion,Onion,FAQ,2400,2800,2600,30-Jan-25
21377,Karnal,Tarori,Onion,Other,Non-FAQ,1800,2500,2200,31-Jan-25
21378,Karnal,Tarori,Onion,Other,Non-FAQ,2000,2500,2300,28-Jan-25
21379,Khowai,Teliamura,Onion,Nasik,FAQ,3400,3550,3500,17-Jan-25
21380,Khowai,Teliamura,Onion,Nasik,FAQ,3700,3850,3800,03-Jan-25
21381,Tenkasi,Tenkasi(Uzhavar Sandhai ),Onion,Bellary,Local,4000,4000,4000,04-Jan-25
21382,Kannur,Thalasserry,Onion,1st Sort,FAQ,3000,3300,3200,15-Jan-25
21383,Erode,Thalavadi(Uzhavar Sandhai ),Onion,Bellary,Local,4000,4500,4500,25-Jan-25
21384,Virudhunagar,Thalavaipuram(Uzhavar Sandhai ),Onion,Bellary,Local,2500,3800,3800,04-Jan-25
21385,Kottayam,Thalayolaparambu,Onion,Big,FAQ,3400,3700,3500,13-Jan-25
21386,Kottayam,Thalayolaparambu,Onion,Big,FAQ,3800,4200,4000,23-Jan-25
21387,Kottayam,Thalayolaparambu,Onion,Big,FAQ,4000,4400,4200,04-Jan-25
21388,Kottayam,Thalayolaparambu,Onion,Onion,FAQ,5800,6200,5900,30-Jan-25
21389,Kottayam,Thalayolaparambu,Onion,Onion,FAQ,8000,8400,8200,24-Jan-25
21390,Salem,Thammampatti (Uzhavar Sandhai ),Onion,Bellary,Local,5000,5500,5500,29-Jan-25
21391,Salem,Thammampatti (Uzhavar Sandhai ),Onion,Bellary,Local,5000,6000,6000,08-Jan-25
21392,Salem,Thammampatti (Uzhavar Sandhai ),Onion,Bellary,Local,5500,6000,6000,12-Jan-25
21393,Shamli,Thanabhavan,Onion,Red,FAQ,2200,2500,2300,11-Jan-25
21394,Kurukshetra,Thanesar,Onion,Onion,FAQ,1500,3000,2000,04-Jan-25
21395,Thanjavur,Thanjavur(Uzhavar Sandhai ),Onion,Bellary,Local,4600,4600,4600,07-Jan-25
21396,Thanjavur,Thanjavur(Uzhavar Sandhai ),Onion,Bellary,Local,4600,4600,4600,26-Jan-25
21397,Thanjavur,Thanjavur(Uzhavar Sandhai ),Onion,Bellary,Local,4600,4600,4600,27-Jan-25
21398,Salem,Thathakapatti(Uzhavar Sandhai ),Onion,Bellary,Local,4000,5000,5000,19-Jan-25
21399,Salem,Thathakapatti(Uzhavar Sandhai ),Onion,Bellary,Local,5000,6000,6000,12-Jan-25
21400,Salem,Thathakapatti(Uzhavar Sandhai ),Onion,Bellary,Local,5000,6000,6000,28-Jan-25
21401,Theni,Theni(Uzhavar Sandhai ),Onion,Bellary,Local,3500,4000,4000,15-Jan-25
21402,Theni,Theni(Uzhavar Sandhai ),Onion,Bellary,Local,4000,4500,4500,11-Jan-25
21403,Chengalpattu,Thirukalukundram(Uzhavar Sandhai ),Onion,Bellary,Local,4000,5000,5000,21-Jan-25
21404,Chengalpattu,Thirukalukundram(Uzhavar Sandhai ),Onion,Bellary,Local,4000,5000,5000,28-Jan-25
21405,Madurai,Thirumangalam(Uzhavar Sandhai ),Onion,Bellary,Local,4500,5200,5200,03-Jan-25
21406,Vellore,Thirupathur,Onion,Bellary,Local,4500,4500,4500,01-Jan-25
21407,Vellore,Thirupathur,Onion,Bellary,Local,4500,4500,4500,07-Jan-25
21408,Idukki,Thodupuzha,Onion,Small,FAQ,8300,8400,8400,06-Jan-25
21409,Thoubal,Thoubal,Onion,Other,FAQ,4500,5000,4750,24-Jan-25
21410,Thoubal,Thoubal,Onion,Other,FAQ,6500,7000,6750,08-Jan-25
21411,Thirssur,Thrissur,Onion,Onion,FAQ,10200,10200,10200,23-Jan-25
21412,Thirssur,Thrissur,Onion,Onion,FAQ,10200,10200,10200,25-Jan-25
21413,Thiruchirappalli,Thuraiyur,Onion,Bellary,Local,4000,5600,5600,01-Jan-25
21414,Thiruchirappalli,Thuraiyur,Onion,Bellary,Local,4000,5600,5600,07-Jan-25
21415,Thiruchirappalli,Thuraiyur,Onion,Bellary,Local,4500,5500,5500,24-Jan-25
21416,Shahjahanpur,Tilhar,Onion,Red,FAQ,2200,2300,2250,25-Jan-25
21417,Shahjahanpur,Tilhar,Onion,Red,FAQ,2270,2370,2320,01-Feb-25
21418,Namakkal,Tiruchengode,Onion,Bellary,Local,4000,5000,5000,06-Jan-25
21419,Sivaganga,Tirupatthur(Uzhavar Sandhai ),Onion,Bellary,Local,5200,5500,5500,01-Feb-25
21420,Sivaganga,Tirupatthur(Uzhavar Sandhai ),Onion,Bellary,Local,5200,5500,5500,28-Jan-25
21421,Sivaganga,Tirupatthur(Uzhavar Sandhai ),Onion,Bellary,Local,5200,5500,5500,30-Jan-25
21422,Thirupur,Tiruppur (North) (Uzhavar Sandhai ),Onion,Bellary,Local,3400,3800,3800,21-Jan-25
21423,Thirupur,Tiruppur (North) (Uzhavar Sandhai ),Onion,Bellary,Local,3500,4000,4000,01-Feb-25
21424,Thirupur,Tiruppur (North) (Uzhavar Sandhai ),Onion,Bellary,Local,3600,4000,4000,22-Jan-25
21425,Thiruvellore,Tiruvallur(Uzhavar Sandhai ),Onion,Bellary,Local,3700,3700,3700,12-Jan-25
21426,Thiruvellore,Tiruvallur(Uzhavar Sandhai ),Onion,Bellary,Local,4600,4600,4600,15-Jan-25
21427,Thiruvannamalai,Tiruvannamalai(Uzhavar Sandhai ),Onion,Bellary,Local,4000,5000,5000,06-Jan-25
21428,Thiruvannamalai,Tiruvannamalai(Uzhavar Sandhai ),Onion,Bellary,Local,4000,5000,5000,11-Jan-25
21429,Thiruvannamalai,Tiruvannamalai(Uzhavar Sandhai ),Onion,Bellary,Local,4000,5000,5000,25-Jan-25
21430,Thiruvannamalai,Tiruvannamalai(Uzhavar Sandhai ),Onion,Bellary,Local,4500,5000,5000,24-Jan-25
21431,Thiruvarur,Tiruvarur(Uzhavar Sandhai ),Onion,Bellary,Local,4000,5000,5000,01-Feb-25
21432,Thiruvarur,Tiruvarur(Uzhavar Sandhai ),Onion,Bellary,Local,4000,5600,5600,06-Jan-25
21433,Thiruvarur,Tiruvarur(Uzhavar Sandhai ),Onion,Bellary,Local,4000,6000,6000,02-Jan-25
21434,Fatehabad,Tohana(New Veg Market),Onion,Onion,FAQ,2600,2600,2600,21-Jan-25
21435,Balrampur,Tulsipur,Onion,Red,FAQ,2140,2220,2180,01-Feb-25
21436,Balrampur,Tulsipur,Onion,Red,FAQ,2200,2300,2250,23-Jan-25
21437,Balrampur,Tulsipur,Onion,Red,FAQ,2220,2260,2240,24-Jan-25
21438,Tuticorin,Tuticorin(Uzhavar Sandhai ),Onion,Bellary,Local,4500,5000,5000,02-Jan-25
21439,Tuticorin,Tuticorin(Uzhavar Sandhai ),Onion,Bellary,Local,4500,5000,5000,08-Jan-25
21440,Tuticorin,Tuticorin(Uzhavar Sandhai ),Onion,Bellary,Local,4500,5000,5000,13-Jan-25
21441,Tuticorin,Tuticorin(Uzhavar Sandhai ),Onion,Bellary,Local,4500,5000,5000,30-Jan-25
21442,Udaipur,Udaipur (F&V),Onion,Other,FAQ,1500,2500,2000,04-Jan-25
21443,The Nilgiris,Udhagamandalam(Uzhavar Sandhai ),Onion,Bellary,Local,4500,4800,4800,22-Jan-25
21444,The Nilgiris,Udhagamandalam(Uzhavar Sandhai ),Onion,Bellary,Local,4500,5000,5000,27-Jan-25
21445,Coimbatore,Udumalpet,Onion,Bellary,Local,4000,4400,4400,31-Jan-25
21446,Badaun,Ujhani,Onion,Red,FAQ,2150,2250,2200,03-Jan-25
21447,Badaun,Ujhani,Onion,Red,FAQ,2200,2300,2250,28-Jan-25
21448,Badaun,Ujhani,Onion,Red,FAQ,2230,2300,2260,23-Jan-25
21449,Badaun,Ujhani,Onion,Red,FAQ,2230,2300,2260,25-Jan-25
21450,Hissar,Uklana,Onion,Onion,FAQ,1800,1800,1800,02-Jan-25
21451,Hissar,Uklana,Onion,Onion,FAQ,2000,2200,2200,10-Jan-25
21452,Hissar,Uklana,Onion,Onion,FAQ,2000,2200,2200,14-Jan-25
21453,Hissar,Uklana,Onion,Onion,FAQ,2000,2200,2200,16-Jan-25
21454,Hissar,Uklana,Onion,Onion,FAQ,2000,2200,2200,17-Jan-25
21455,Howrah,Uluberia,Onion,Other,FAQ,3000,3800,3400,06-Jan-25
21456,Howrah,Uluberia,Onion,Other,FAQ,3200,3800,3400,20-Jan-25
21457,Villupuram,Ulundurpettai,Onion,Bellary,Local,4000,5000,5000,21-Jan-25
21458,Nashik,Umrane,Onion,Red,FAQ,700,2735,1900,03-Jan-25
21459,Una,Una,Onion,Other,Non-FAQ,2600,3200,2900,30-Jan-25
21460,Unnao,Unnao,Onion,Red,FAQ,2625,2750,2700,05-Jan-25
21461,Unnao,Unnao,Onion,Red,FAQ,2700,2825,2750,03-Jan-25
21462,Madurai,Usilampatty,Onion,Bellary,Local,4800,5200,5200,03-Jan-25
21463,Palakad,Vadakkenchery,Onion,Big,FAQ,4500,5000,4750,01-Feb-25
21464,Palakad,Vadakkenchery,Onion,Small,FAQ,8000,8500,8250,04-Jan-25
21465,Palakad,Vadakkenchery,Onion,Small,FAQ,9500,10000,9750,14-Jan-25
21466,Palakad,Vadakkenchery,Onion,Small,FAQ,9500,10000,9750,15-Jan-25
21467,Palakad,Vadakkenchery,Onion,Small,FAQ,9500,10000,9750,16-Jan-25
21468,Palakad,Vadakkenchery,Onion,Small,FAQ,9500,10000,9750,17-Jan-25
21469,Palakad,Vadakkenchery,Onion,Small,FAQ,10000,11000,10500,28-Jan-25
21470,Nagercoil (Kannyiakumari),Vadaseri,Onion,Bellary,Local,4500,5000,5000,22-Jan-25
21471,Nagercoil (Kannyiakumari),Vadaseri,Onion,Bellary,Local,4500,5000,5000,30-Jan-25
21472,Nagercoil (Kannyiakumari),Vadaseri,Onion,Bellary,Local,4800,5000,5000,28-Jan-25
21473,Coimbatore,Vadavalli(Uzhavar Sandhai ),Onion,Bellary,Local,3200,3700,3700,14-Jan-25
21474,Coimbatore,Vadavalli(Uzhavar Sandhai ),Onion,Bellary,Local,3200,3700,3700,15-Jan-25
21475,Coimbatore,Vadavalli(Uzhavar Sandhai ),Onion,Bellary,Local,3500,4000,4000,01-Feb-25
21476,Kolhapur,Vadgaonpeth,Onion,Local,Local,2000,2800,2500,31-Jan-25
21477,Surendranagar,Vadhvan,Onion,Onion,FAQ,2000,2500,2250,23-Jan-25
21478,Satara,Vai,Onion,Local,FAQ,2000,4000,3000,10-Jan-25
21479,Chattrapati Sambhajinagar,Vaijpur,Onion,Red,FAQ,500,2865,2200,03-Jan-25
21480,Chattrapati Sambhajinagar,Vaijpur,Onion,Red,Local,500,2300,1900,31-Jan-25
21481,Thiruvarur,Valangaiman,Onion,Bellary,Local,4400,4400,4400,22-Jan-25
21482,Thiruvarur,Valangaiman,Onion,Bellary,Local,4600,4600,4600,01-Feb-25
21483,Thiruvananthapuram,Vamanapuram,Onion,Other,FAQ,5000,5500,5000,01-Jan-25
21484,Thiruvananthapuram,Vamanapuram,Onion,Other,FAQ,5000,5500,5000,07-Jan-25
21485,Thiruvananthapuram,Vamanapuram,Onion,Other,FAQ,5000,5500,5000,09-Jan-25
21486,Idukki,Vandiperiyar,Onion,Big,FAQ,4500,4600,4600,02-Jan-25
21487,Idukki,Vandiperiyar,Onion,Big,FAQ,4500,4600,4600,08-Jan-25
21488,Thirupathur,Vaniyampadi(Uzhavar Sandhai ),Onion,Bellary,Local,4000,4000,4000,29-Jan-25
21489,Thirupathur,Vaniyampadi(Uzhavar Sandhai ),Onion,Bellary,Local,4000,4000,4000,30-Jan-25
21490,Thirupathur,Vaniyampadi(Uzhavar Sandhai ),Onion,Bellary,Local,5000,5000,5000,06-Jan-25
21491,Varanasi,Varanasi,Onion,Red,FAQ,2050,2200,2115,29-Jan-25
21492,Kanpur,Varipaal,Onion,Red,FAQ,1600,2000,1800,07-Jan-25
21493,Mumbai,Vashi New Mumbai,Onion,Other,FAQ,1100,3100,2100,21-Jan-25
21494,Dindigul,Vedasanthur(Uzhavar Sandhai ),Onion,Bellary,Local,4000,5600,5600,08-Jan-25
21495,Dindigul,Vedasanthur(Uzhavar Sandhai ),Onion,Bellary,Local,4000,5600,5600,13-Jan-25
21496,Karur,Velayuthampalayam(Uzhavar Sandhai ),Onion,Bellary,Local,4000,5000,5000,27-Jan-25
21497,Vellore,Vellore,Onion,Bellary,Local,4000,4200,4200,19-Jan-25
21498,Vellore,Vellore,Onion,Bellary,Local,4000,4400,4400,20-Jan-25
21499,Vellore,Vellore,Onion,Bellary,Local,4400,4400,4400,10-Jan-25
21500,Kozhikode(Calicut),Vengeri(Kozhikode),Onion,Onion,FAQ,2900,3200,3200,20-Jan-25
21501,Dehradoon,Vikasnagar,Onion,Other,FAQ,1000,1800,1800,16-Jan-25
21502,Dehradoon,Vikasnagar,Onion,Other,Non-FAQ,1000,1200,1200,28-Jan-25
21503,Ballia,Vilthararoad,Onion,Other,FAQ,2500,2600,2550,04-Jan-25
21504,Pudukkottai,Viralimalai(Uzhavar Sandhai ),Onion,Bellary,Local,4200,5000,5000,13-Jan-25
21505,Pudukkottai,Viralimalai(Uzhavar Sandhai ),Onion,Bellary,Local,4200,5000,5000,30-Jan-25
21506,Virudhunagar,Virudhunagar(Uzhavar Sandhai ),Onion,Bellary,Local,4500,4600,4600,28-Jan-25
21507,Cuddalore,Viruthachalam(Uzhavar Sandhai ),Onion,Bellary,Local,4000,4000,4000,14-Jan-25
21508,Cuddalore,Viruthachalam(Uzhavar Sandhai ),Onion,Bellary,Local,4000,4000,4000,15-Jan-25
21509,Cuddalore,Viruthachalam(Uzhavar Sandhai ),Onion,Bellary,Local,4000,4000,4000,16-Jan-25
21510,Cuddalore,Viruthachalam(Uzhavar Sandhai ),Onion,Bellary,Local,4000,4000,4000,17-Jan-25
21511,Junagarh,Visavadar,Onion,Onion,FAQ,575,1625,1100,10-Jan-25
21512,Pillibhit,Vishalpur,Onion,Red,FAQ,2245,2285,2260,20-Jan-25
21513,Pillibhit,Vishalpur,Onion,Red,FAQ,2270,2320,2300,17-Jan-25
21514,Sitapur,Viswan,Onion,Red,FAQ,2320,2360,2340,17-Jan-25
21515,Sangli,Vita,Onion,Other,Local,1800,2800,2500,01-Feb-25
21516,Badaun,Wazirganj,Onion,Red,Non-FAQ,2125,2250,2200,01-Feb-25
21517,Yamuna Nagar,Yamuna Nagar,Onion,Other,FAQ,500,2400,1800,21-Jan-25
21518,Nashik,Yeola,Onion,Red,FAQ,450,2451,1925,18-Jan-25
21519,Kollam,Anchal,Onion,Other,FAQ,4100,4300,4200,29-Jan-25
21520,Kollam,Anchal,Onion,Other,FAQ,4200,4400,4300,12-Jan-25
21521,Kollam,Anchal,Onion,Other,FAQ,4300,4500,4400,02-Jan-25
21522,Kollam,Anchal,Onion,Other,FAQ,4600,4800,4700,05-Jan-25
21523,Kollam,Anchal,Onion,Other,FAQ,5200,5400,5300,11-Jan-25
21524,Theni,Andipatti(Uzhavar Sandhai ),Onion,Bellary,Local,4000,4500,4500,05-Jan-25
21525,Theni,Andipatti(Uzhavar Sandhai ),Onion,Bellary,Local,4000,4600,4600,24-Jan-25
21526,Ernakulam,Angamaly,Onion,Big,FAQ,4000,5000,4500,23-Jan-25
21527,Ernakulam,Angamaly,Onion,Big,FAQ,4000,5000,4500,25-Jan-25
21528,Ernakulam,Angamaly,Onion,Big,FAQ,4000,5000,4500,31-Jan-25
21529,Bharuch,Ankleshwar,Onion,Nasik,FAQ,1500,2800,2000,20-Jan-25
21530,Bharuch,Ankleshwar,Onion,Nasik,FAQ,1800,2600,2000,27-Jan-25
21531,Madurai,Anna nagar(Uzhavar Sandhai ),Onion,Bellary,Local,4000,5600,5600,31-Jan-25
21532,Madurai,Anna nagar(Uzhavar Sandhai ),Onion,Bellary,Local,4600,5600,5600,21-Jan-25
21533,Bulandshahar,Anoop Shahar,Onion,Red,FAQ,1600,2000,1800,03-Jan-25
21534,Bulandshahar,Anoop Shahar,Onion,Red,FAQ,2000,2400,2200,31-Jan-25
21535,Bareilly,Anwala,Onion,Red,FAQ,1700,2000,1800,17-Jan-25
21536,Thiruvananthapuram,Aralamoodu,Onion,Onion,FAQ,4500,5000,5000,09-Jan-25
21537,Thiruvananthapuram,Aralamoodu,Onion,Onion,Non-FAQ,4000,4500,4500,21-Jan-25
21538,Thiruvannamalai,Arani(Uzhavar Sandhai ),Onion,Bellary,Local,3500,4200,4200,01-Feb-25
21539,Thiruvannamalai,Arani(Uzhavar Sandhai ),Onion,Bellary,Local,4000,4500,4500,24-Jan-25
21540,Thiruvannamalai,Arani(Uzhavar Sandhai ),Onion,Bellary,Local,4000,4800,4800,07-Jan-25
21541,Pudukkottai,Aranthangi(Uzhavar Sandhai ),Onion,Bellary,Local,4000,4500,4500,13-Jan-25
21542,Pudukkottai,Aranthangi(Uzhavar Sandhai ),Onion,Bellary,Local,4500,5000,5000,29-Jan-25
21543,Ranipet,Arcot(Uzhavar Sandhai ),Onion,Bellary,Local,3600,4400,4400,28-Jan-25
21544,Ranipet,Arcot(Uzhavar Sandhai ),Onion,Bellary,Local,4000,4500,4500,14-Jan-25
21545,Ranipet,Arcot(Uzhavar Sandhai ),Onion,Bellary,Local,4000,4500,4500,30-Jan-25
21546,Ranipet,Arcot(Uzhavar Sandhai ),Onion,Bellary,Local,4500,5000,5000,09-Jan-25
21547,Ariyalur,Ariyalur(Uzhavar Sandhai),Onion,Bellary,Local,4000,4600,4600,07-Jan-25
21548,Ariyalur,Ariyalur(Uzhavar Sandhai),Onion,Bellary,Local,4500,5600,5600,28-Jan-25
21549,Alappuzha,Aroor,Onion,Big,FAQ,4000,4200,4100,31-Jan-25
21550,Alappuzha,Aroor,Onion,Big,FAQ,4200,4400,4300,21-Jan-25
21551,Alappuzha,Aroor,Onion,Big,FAQ,4500,4700,4600,14-Jan-25
21552,Alappuzha,Aroor,Onion,Small,FAQ,7800,8000,7900,04-Jan-25
21553,Virudhunagar,Aruppukottai(Uzhavar Sandhai ),Onion,Bellary,Local,3500,4000,4000,03-Jan-25
21554,Virudhunagar,Aruppukottai(Uzhavar Sandhai ),Onion,Bellary,Local,3500,4000,4000,23-Jan-25
21555,Paschim Bardhaman,Asansol,Onion,Nasik,FAQ,2850,3000,2900,01-Feb-25
21556,Paschim Bardhaman,Asansol,Onion,Nasik,FAQ,2950,3200,3050,10-Jan-25
21557,Anantnag,Ashahipora (Anantnagh),Onion,Other,FAQ,2800,3000,2900,25-Jan-25
21558,Anantnag,Ashahipora (Anantnagh),Onion,Other,FAQ,3500,3700,3600,01-Jan-25
21559,Banda,Atarra,Onion,Red,FAQ,2290,2440,2360,19-Jan-25
21560,Banda,Atarra,Onion,Red,FAQ,2290,2450,2370,15-Jan-25
21561,Banda,Atarra,Onion,Red,FAQ,2500,2665,2580,02-Jan-25
21562,Kottayam,Athirampuzha,Onion,Onion,FAQ,7600,8000,7800,02-Jan-25
21563,Kottayam,Athirampuzha,Onion,Onion,FAQ,9300,9500,9400,08-Jan-25
21564,Salem,Athur(Uzhavar Sandhai ),Onion,Bellary,Local,4000,5000,5000,20-Jan-25
21565,Salem,Athur(Uzhavar Sandhai ),Onion,Bellary,Local,4000,5500,5500,21-Jan-25
21566,Salem,Attayampatti(Uzhavar Sandhai ),Onion,Bellary,Local,4500,5000,5000,18-Jan-25
21567,Auraiya,Auraiya,Onion,Red,FAQ,2100,2360,2260,20-Jan-25
21568,Auraiya,Auraiya,Onion,Red,FAQ,2300,2600,2450,11-Jan-25
21569,Auraiya,Auraiya,Onion,Red,FAQ,2400,2700,2600,01-Jan-25
21570,Krishnagiri,Avallapalli(Uzhavar Sandhai ),Onion,Bellary,Local,3500,4000,4000,26-Jan-25
21571,Krishnagiri,Avallapalli(Uzhavar Sandhai ),Onion,Bellary,Local,3500,4000,4000,27-Jan-25
21572,Etah,Awagarh,Onion,Red,Non-FAQ,1000,1200,1100,20-Jan-25
21573,Etah,Awagarh,Onion,Red,Non-FAQ,1500,2100,1600,01-Feb-25
21574,Azamgarh,Azamgarh,Onion,Red,FAQ,2100,2210,2160,01-Feb-25
21575,Azamgarh,Azamgarh,Onion,Red,FAQ,2135,2285,2210,06-Jan-25
21576,Azamgarh,Azamgarh,Onion,Red,FAQ,2325,2475,2400,15-Jan-25
21577,Azamgarh,Azamgarh,Onion,Red,FAQ,2425,2575,2500,09-Jan-25
21578,Raebarelli,Bachranwa,Onion,Red,FAQ,2550,2650,2600,06-Jan-25
21579,Badaun,Badayoun,Onion,Nasik,FAQ,2150,2300,2220,16-Jan-25
21580,Badaun,Badayoun,Onion,Nasik,FAQ,2220,2400,2310,03-Jan-25
21581,Moga,Baghapurana,Onion,Local,FAQ,2000,3000,2500,20-Jan-25
21582,Jhajar,Bahadurgarh,Onion,Other,FAQ,1500,2500,2000,22-Jan-25
21583,Bahraich,Bahraich,Onion,Red,FAQ,2350,2550,2460,06-Jan-25
21584,Bahraich,Bahraich,Onion,Red,FAQ,2400,2500,2450,05-Jan-25
21585,Bahraich,Bahraich,Onion,Red,FAQ,2450,2650,2550,10-Jan-25
21586,Puruliya,Balarampur,Onion,Other,FAQ,2200,2800,2500,12-Jan-25
21587,Puruliya,Balarampur,Onion,Other,FAQ,2400,2600,2500,23-Jan-25
21588,Puruliya,Balarampur,Onion,Other,FAQ,2500,2800,2600,28-Jan-25
21589,Puruliya,Balarampur,Onion,Other,FAQ,2600,3000,2800,06-Jan-25
21590,Thiruvananthapuram,Balarampuram,Onion,1st Sort,FAQ,4000,5000,4000,29-Jan-25
21591,Thiruvananthapuram,Balarampuram,Onion,1st Sort,FAQ,4000,5000,5000,19-Jan-25
21592,Thiruvananthapuram,Balarampuram,Onion,1st Sort,FAQ,4000,5000,5000,27-Jan-25
21593,Faridabad,Ballabhgarh,Onion,Other,FAQ,1800,2000,2000,23-Jan-25
21594,Ballia,Ballia,Onion,Red,FAQ,2460,2530,2500,08-Jan-25
21595,Balrampur,Balrampur,Onion,Red,FAQ,2170,2380,2275,20-Jan-25
21596,Khurda,Balugaon,Onion,Other,FAQ,2800,3100,3000,01-Feb-25
21597,Khurda,Balugaon,Onion,Other,FAQ,2800,3200,3000,08-Jan-25
21598,Khurda,Balugaon,Onion,Other,FAQ,3000,3400,3200,22-Jan-25
21599,Khurda,Balugaon,Onion,Other,Non-FAQ,2800,3200,3000,28-Jan-25
21600,Bangalore,Bangalore,Onion,Bangalore-Samall,FAQ,1000,1800,1400,09-Jan-25
21601,Bangalore,Bangalore,Onion,Bangalore-Samall,FAQ,1000,2000,1400,04-Jan-25
21602,Bangalore,Bangalore,Onion,Local,FAQ,2000,2500,2200,15-Jan-25
21603,Bangalore,Bangalore,Onion,Local,FAQ,2000,2500,2200,17-Jan-25
21604,Bangalore,Bangalore,Onion,Onion,FAQ,2200,2600,2300,09-Jan-25
21605,Bangalore,Bangalore,Onion,Puna,FAQ,2000,3400,2800,18-Jan-25
21606,Bangalore,Bangalore,Onion,Puna,FAQ,2500,3400,2800,28-Jan-25
21607,Bangalore,Bangalore,Onion,Puna,FAQ,3000,4400,3600,02-Jan-25
21608,Unnao,Bangarmau,Onion,Red,FAQ,2240,2340,2290,25-Jan-25
21609,Bankura,Bankura Sadar,Onion,Nasik,FAQ,2800,3100,3000,28-Jan-25
21610,Bankura,Bankura Sadar,Onion,Nasik,FAQ,2800,3200,3000,16-Jan-25
21611,Bankura,Bankura Sadar,Onion,Nasik,FAQ,3000,3300,3200,12-Jan-25
21612,Kolkata,Bara Bazar (Posta Bazar),Onion,Nasik,FAQ,2800,3250,3000,04-Jan-25
21613,Kolkata,Bara Bazar (Posta Bazar),Onion,Nasik,FAQ,2900,3125,3000,18-Jan-25
21614,Barabanki,Barabanki,Onion,Red,FAQ,2420,2520,2470,02-Jan-25
21615,Barabanki,Barabanki,Onion,Red,FAQ,2440,2540,2490,10-Jan-25
21616,Banka,Barahat,Onion,Medium,FAQ,3500,4000,3800,03-Jan-25
21617,Banka,Barahat,Onion,Medium,FAQ,3500,4000,3800,12-Jan-25
21618,Baran,Baran,Onion,Other,FAQ,500,700,600,09-Jan-25
21619,Ambala,Barara,Onion,Other,FAQ,2200,2800,2800,18-Jan-25
21620,Ambala,Barara,Onion,Other,FAQ,2500,2800,2800,07-Jan-25
21621,North 24 Parganas,Barasat,Onion,Other,FAQ,2700,2700,2700,13-Jan-25
21622,North 24 Parganas,Barasat,Onion,Other,FAQ,2700,2700,2700,14-Jan-25
21623,North 24 Parganas,Barasat,Onion,Other,FAQ,2800,2800,2800,21-Jan-25
21624,North 24 Parganas,Barasat,Onion,Other,FAQ,2900,2900,2900,26-Jan-25
21625,North 24 Parganas,Barasat,Onion,Other,FAQ,3000,3000,3000,30-Jan-25
21626,Baghpat,Baraut,Onion,Red,FAQ,2070,2200,2130,28-Jan-25
21627,Baghpat,Baraut,Onion,Red,FAQ,2100,2240,2165,27-Jan-25
21628,Baghpat,Baraut,Onion,Red,FAQ,2150,2350,2250,23-Jan-25
21629,Baghpat,Baraut,Onion,Red,FAQ,2200,2400,2275,21-Jan-25
21630,Baghpat,Baraut,Onion,Red,FAQ,2250,2400,2335,20-Jan-25
21631,Baghpat,Baraut,Onion,Red,FAQ,2400,2600,2500,06-Jan-25
21632,Bareilly,Bareilly,Onion,Red,FAQ,2150,2250,2200,01-Feb-25
21633,Bareilly,Bareilly,Onion,Red,FAQ,2200,2250,2220,20-Jan-25
21634,Bareilly,Bareilly,Onion,Red,FAQ,2300,2350,2325,09-Jan-25
21635,Bargarh,Bargarh,Onion,Other,FAQ,2400,2600,2500,21-Jan-25
21636,Bargarh,Bargarh(Barapalli),Onion,Other,FAQ,3500,3700,3600,06-Jan-25
21637,South District,Barpathari,Onion,Red,FAQ,3200,3400,3300,21-Jan-25
21638,Sounth 24 Parganas,Baruipur(Canning),Onion,Other,FAQ,3100,3300,3200,08-Jan-25
21639,Panchkula,Barwala,Onion,Onion,FAQ,2000,2500,2250,27-Jan-25
21640,Panchkula,Barwala,Onion,Onion,FAQ,2500,2700,2600,20-Jan-25
21641,Hissar,Barwala(Hisar),Onion,Other,FAQ,1500,2000,1800,16-Jan-25
21642,Jaipur Rural,Bassi,Onion,Other,Non-FAQ,4200,4600,4400,20-Jan-25
21643,Basti,Basti,Onion,Red,FAQ,2185,2285,2235,27-Jan-25
21644,Basti,Basti,Onion,Red,FAQ,2200,2400,2300,20-Jan-25
21645,Bhatinda,Bathinda,Onion,Other,FAQ,2000,2500,2000,16-Jan-25
21646,Bhatinda,Bathinda,Onion,Other,FAQ,2000,2500,2000,29-Jan-25
21647,Jammu,Batote,Onion,Other,FAQ,2800,3200,3000,02-Jan-25
21648,Jammu,Batote,Onion,Other,FAQ,2800,3200,3000,06-Jan-25
21649,Jammu,Batote,Onion,Other,FAQ,3000,3200,3100,28-Jan-25
21650,Jammu,Batote,Onion,Other,FAQ,3000,3500,3250,11-Jan-25
21651,Bharatpur,Bayana,Onion,Onion,FAQ,2200,2200,2200,20-Jan-25
21652,Jalpaiguri,Belacoba,Onion,Nasik,FAQ,2800,2900,2900,22-Jan-25
21653,Jalpaiguri,Belacoba,Onion,Nasik,FAQ,2800,2900,2900,27-Jan-25
21654,Jalpaiguri,Belacoba,Onion,Nasik,FAQ,2850,3000,2900,16-Jan-25
21655,Jalpaiguri,Belacoba,Onion,Nasik,FAQ,2900,3100,3000,08-Jan-25
21656,Jalpaiguri,Belacoba,Onion,Nasik,FAQ,2900,3100,3000,13-Jan-25
21657,Belgaum,Belgaum,Onion,Pusa-Red,FAQ,1000,3300,2800,08-Jan-25
21658,Nadia,Bethuadahari,Onion,Dry F.A.Q.,FAQ,2450,2650,2500,15-Jan-25
21659,Nadia,Bethuadahari,Onion,Dry F.A.Q.,FAQ,2550,2750,2625,17-Jan-25
21660,Hanumangarh,Bhadara,Onion,1st Sort,FAQ,2500,3000,2857,08-Jan-25
21661,Bhatinda,Bhagta Bhai Ka,Onion,Other,FAQ,3500,3500,3500,07-Jan-25
21662,Muzaffarpur,Bhagwanpur Mandi,Onion,Medium,FAQ,3500,3700,3600,08-Jan-25
21663,Etawah,Bharthna,Onion,Red,FAQ,2530,2730,2630,02-Jan-25
21664,Hamirpur,Bharuasumerpur,Onion,Red,FAQ,2200,2300,2250,25-Jan-25
21665,Kaushambi,Bharwari,Onion,Red,FAQ,1885,2040,1950,21-Jan-25
21666,Sangrur,Bhawanigarh,Onion,Other,FAQ,1500,1700,1600,01-Feb-25
21667,Sangrur,Bhawanigarh,Onion,Other,FAQ,1800,2200,2000,03-Jan-25
21668,Bhilwara,Bhilwara,Onion,Other,FAQ,1600,2800,2200,02-Jan-25
21669,Bhilwara,Bhilwara,Onion,Other,FAQ,1600,2800,2200,06-Jan-25
21670,Bhilwara,Bhilwara,Onion,Other,FAQ,1600,2800,2200,10-Jan-25
21671,Bhilwara,Bhilwara,Onion,Other,FAQ,1600,2800,2200,17-Jan-25
21672,Shravasti,Bhinga,Onion,Red,FAQ,2050,2400,2200,28-Jan-25
21673,Shravasti,Bhinga,Onion,Red,FAQ,2250,2525,2385,01-Jan-25
21674,Bhatinda,Bhucho,Onion,Other,FAQ,1700,2000,1750,10-Jan-25
21675,Kullu,Bhuntar,Onion,Other,FAQ,2800,3000,2900,12-Jan-25
21676,Kullu,Bhuntar,Onion,Other,FAQ,3000,3200,3100,23-Jan-25
21677,Jalgaon,Bhusaval,Onion,Red,FAQ,1600,2500,2200,25-Jan-25
21678,Jalgaon,Bhusaval,Onion,Red,Local,1200,2000,1600,01-Feb-25
21679,Bijnor,Bijnaur,Onion,Red,FAQ,2270,2350,2300,14-Jan-25
21680,Bijnor,Bijnaur,Onion,Red,FAQ,2300,2350,2320,05-Jan-25
21681,Bikaner,Bikaner (F&V),Onion,Other,FAQ,1400,1600,1500,02-Jan-25
21682,Bikaner,Bikaner (F&V),Onion,Other,FAQ,1400,1600,1500,17-Jan-25
21683,Bikaner,Bikaner (F&V),Onion,Other,FAQ,1500,1700,1600,10-Jan-25
21684,Bilaspur,Bilaspur,Onion,Local,Local,3000,3200,3100,02-Jan-25
21685,Bilaspur,Bilaspur,Onion,Other,FAQ,2400,3000,2600,26-Jan-25
21686,Jalandhar,Bilga,Onion,Other,FAQ,1800,2000,1900,12-Jan-25
21687,Jalandhar,Bilga,Onion,Other,FAQ,2300,2500,2400,21-Jan-25
21688,Navsari,Bilimora,Onion,Nasik,FAQ,2000,2600,2300,15-Jan-25
21689,Navsari,Bilimora,Onion,Nasik,FAQ,2000,2600,2300,18-Jan-25
21690,Navsari,Bilimora,Onion,Nasik,FAQ,2250,2750,2500,11-Jan-25
21691,Navsari,Bilimora,Onion,Nasik,FAQ,2250,2800,2500,06-Jan-25
21692,Navsari,Bilimora,Onion,Nasik,FAQ,2500,3000,2800,19-Jan-25
21693,Fatehpur,Bindki,Onion,Red,FAQ,1850,2000,1950,22-Jan-25
21694,Fatehpur,Bindki,Onion,Red,FAQ,1950,2100,2000,10-Jan-25
21695,Fatehpur,Bindki,Onion,Red,FAQ,2150,2260,2200,01-Jan-25
21696,Birbhum,Birbhum,Onion,Other,FAQ,2500,2700,2600,20-Jan-25
21697,Birbhum,Birbhum,Onion,Other,FAQ,2600,2800,2700,09-Jan-25
21698,Birbhum,Birbhum,Onion,Other,FAQ,2600,2800,2700,10-Jan-25
21699,Bishnupur,Bishenpur,Onion,Onion,FAQ,4500,5000,4750,27-Jan-25
21700,Bishnupur,Bishenpur,Onion,Onion,FAQ,6500,7000,6750,03-Jan-25
21701,Bankura,Bishnupur(Bankura),Onion,Nasik,FAQ,2500,3500,3000,16-Jan-25
21702,Sepahijala,Bishramganj,Onion,Nasik,FAQ,4500,5000,4800,03-Jan-25
21703,Theni,Bodinayakanur(Uzhavar Sandhai ),Onion,Bellary,Local,3800,4200,4200,18-Jan-25
21704,Theni,Bodinayakanur(Uzhavar Sandhai ),Onion,Bellary,Local,4200,4600,4600,21-Jan-25
21705,Theni,Bodinayakanur(Uzhavar Sandhai ),Onion,Bellary,Local,4300,4700,4700,29-Jan-25
21706,Boudh,Boudh,Onion,Other,FAQ,3500,5000,4000,28-Jan-25
21707,Hyderabad,Bowenpally,Onion,1st Sort,FAQ,800,3500,3000,04-Jan-25
21708,Bulandshahar,Buland Shahr,Onion,Red,FAQ,2000,2250,2110,30-Jan-25
21709,Purba Bardhaman,Burdwan,Onion,Nasik,FAQ,2500,2750,2600,21-Jan-25
21710,Purba Bardhaman,Burdwan,Onion,Nasik,FAQ,2600,2900,2800,13-Jan-25
21711,Bijnor,Chaandpur,Onion,Red,FAQ,1200,1400,1300,24-Jan-25
21712,Bijnor,Chaandpur,Onion,Red,FAQ,1400,1600,1500,29-Jan-25
21713,Bijnor,Chaandpur,Onion,Red,FAQ,1800,2000,1900,04-Jan-25
21714,Nadia,Chakdah,Onion,Other,FAQ,3200,3350,3300,05-Jan-25
21715,Thirssur,Chalakudy,Onion,Other,FAQ,7200,8000,8000,30-Jan-25
21716,Chamba,Chamba,Onion,Other,FAQ,2500,3000,2750,28-Jan-25
21717,Chamba,Chamba,Onion,Other,FAQ,3000,3500,3250,03-Jan-25
21718,Hooghly,Champadanga,Onion,Nasik,FAQ,2700,2900,2800,20-Jan-25
21719,Hooghly,Champadanga,Onion,Nasik,FAQ,2800,3000,2900,10-Jan-25
21720,West District,Champaknagar,Onion,Nasik,FAQ,4000,4500,4300,17-Jan-25
21721,Bhadrak,Chandabali,Onion,Other,FAQ,3500,4000,3750,07-Jan-25
21722,Sambhal,Chandausi,Onion,Red,FAQ,2250,2300,2285,05-Jan-25
21723,Chandigarh,Chandigarh(Grain/Fruit),Onion,Other,FAQ,1000,2500,2000,16-Jan-25
21724,Chandigarh,Chandigarh(Grain/Fruit),Onion,Other,FAQ,1000,2500,2000,17-Jan-25
21725,Chandigarh,Chandigarh(Grain/Fruit),Onion,Other,FAQ,1000,2600,2000,29-Jan-25
21726,Chandrapur,Chandrapur(Ganjwad),Onion,Other,FAQ,2000,3000,2500,09-Jan-25
21727,Chandrapur,Chandrapur(Ganjwad),Onion,Other,FAQ,2000,3000,2500,24-Jan-25
21728,Nashik,Chandvad,Onion,Red,FAQ,600,2401,1750,13-Jan-25
21729,Nashik,Chandvad,Onion,Red,FAQ,1090,2651,2070,02-Jan-25
21730,Aligarh,Charra,Onion,Red,FAQ,2300,2500,2400,01-Feb-25
21731,Aligarh,Charra,Onion,Red,FAQ,2300,2500,2400,03-Jan-25
21732,Kollam,Chathanoor,Onion,Other,FAQ,4300,4700,4500,04-Jan-25
21733,Kollam,Chathanoor,Onion,Other,FAQ,4300,4700,4500,09-Jan-25
21734,Kollam,Chathanoor,Onion,Other,FAQ,4300,4700,4500,10-Jan-25
21735,Chattrapati Sambhajinagar,Chattrapati Sambhajinagar,Onion,Other,FAQ,500,2300,1400,11-Jan-25
21736,Chattrapati Sambhajinagar,Chattrapati Sambhajinagar,Onion,Other,Local,400,2200,1300,30-Jan-25
21737,Thirssur,Chavakkad,Onion,Other,FAQ,3600,4400,4400,30-Jan-25
21738,Thirssur,Chavakkad,Onion,Other,Non-FAQ,4000,4800,4800,27-Jan-25
21739,Thirssur,Chavakkad,Onion,Other,Non-FAQ,4000,5000,5000,21-Jan-25
21740,Thirssur,Chelakkara,Onion,Other,FAQ,5000,5500,5200,02-Jan-25
21741,Thirssur,Chelakkara,Onion,Other,FAQ,5000,5500,5200,17-Jan-25
21742,Chengalpattu,Chengalpet(Uzhavar Sandhai ),Onion,Bellary,Local,3300,3800,3800,26-Jan-25
21743,Chengalpattu,Chengalpet(Uzhavar Sandhai ),Onion,Bellary,Local,3500,4000,4000,18-Jan-25
21744,Chengalpattu,Chengalpet(Uzhavar Sandhai ),Onion,Bellary,Local,4000,4500,4500,19-Jan-25
21745,Thiruvannamalai,Chengam(Uzhavar Sandhai ),Onion,Bellary,Local,3300,4000,4000,28-Jan-25
21746,Thiruvannamalai,Chengam(Uzhavar Sandhai ),Onion,Bellary,Local,4000,4800,4800,15-Jan-25
21747,Alappuzha,Chengannur,Onion,Onion,FAQ,3500,3800,3600,18-Jan-25
21748,Alappuzha,Chengannur,Onion,Onion,FAQ,3700,4000,3800,13-Jan-25
21749,Alappuzha,Chengannur,Onion,Onion,FAQ,3700,4000,3800,14-Jan-25
21750,Alappuzha,Chengannur,Onion,Onion,FAQ,3800,4100,4000,07-Jan-25
21751,Alappuzha,Cherthala,Onion,Big,FAQ,4700,4900,4800,29-Jan-25
21752,Thiruvannamalai,Cheyyar(Uzhavar Sandhai ),Onion,Bellary,Local,4000,4500,4500,20-Jan-25
21753,Yamuna Nagar,Chhachrauli,Onion,Onion,FAQ,2500,3500,2500,04-Jan-25
21754,Yamuna Nagar,Chhachrauli,Onion,Other,FAQ,1700,3000,1700,23-Jan-25
21755,Kannuj,Chhibramau,Onion,Red,FAQ,2100,2200,2150,24-Jan-25
21756,Kannuj,Chhibramau,Onion,Red,FAQ,2200,2300,2250,22-Jan-25
21757,Kannuj,Chhibramau,Onion,Red,FAQ,2200,2325,2275,20-Jan-25
21758,Kannuj,Chhibramau,Onion,Red,FAQ,2300,2425,2370,16-Jan-25
21759,Kolar,Chickkaballapura,Onion,Beelary-Red,FAQ,2800,3000,2900,22-Jan-25
21760,Kolar,Chickkaballapura,Onion,Beelary-Red,FAQ,3600,4200,3800,06-Jan-25
21761,Cuddalore,Chidambaram(Uzhavar Sandhai ),Onion,Bellary,Local,4000,5000,5000,18-Jan-25
21762,Cuddalore,Chidambaram(Uzhavar Sandhai ),Onion,Bellary,Local,4000,6000,6000,04-Jan-25
21763,Chikmagalur,Chikkamagalore,Onion,Other,FAQ,3152,3352,3252,17-Jan-25
21764,Chikmagalur,Chikkamagalore,Onion,Other,FAQ,3704,3704,3704,20-Jan-25
21765,Chikmagalur,Chikkamagalore,Onion,Other,FAQ,3921,3921,3921,02-Jan-25
21766,Dindigul,Chinnalapatti(Uzhavar Sandhai ),Onion,Bellary,Local,4000,4800,4800,01-Feb-25
21767,Dindigul,Chinnalapatti(Uzhavar Sandhai ),Onion,Bellary,Local,4000,5000,5000,23-Jan-25
21768,Theni,Chinnamanur(Uzhavar Sandhai ),Onion,Bellary,Local,4200,4400,4400,01-Jan-25
21769,Theni,Chinnamanur(Uzhavar Sandhai ),Onion,Bellary,Local,4400,4400,4400,15-Jan-25
21770,Theni,Chinnamanur(Uzhavar Sandhai ),Onion,Bellary,Local,4400,4400,4400,30-Jan-25
21771,Theni,Chinnamanur(Uzhavar Sandhai ),Onion,Bellary,Local,4400,4500,4500,12-Jan-25
21772,Theni,Chinnamanur(Uzhavar Sandhai ),Onion,Bellary,Local,4600,4600,4600,21-Jan-25
21773,Jhansi,Chirgaon,Onion,Red,FAQ,1950,2150,2060,19-Jan-25
21774,Jhansi,Chirgaon,Onion,Red,FAQ,2050,2150,2100,20-Jan-25
21775,Jhansi,Chirgaon,Onion,Red,FAQ,2100,2200,2160,03-Jan-25
21776,Ballia,Chitwadagaon,Onion,Red,FAQ,2280,2360,2320,01-Jan-25
21777,Madurai,Chokkikulam(Uzhavar Sandhai ),Onion,Bellary,Local,4800,5200,5200,03-Jan-25
21778,Jaipur Rural,Chomu (F&V),Onion,Other,FAQ,1400,2000,1700,01-Jan-25
21779,Jaipur Rural,Chomu (F&V),Onion,Other,Non-FAQ,1600,1800,1700,23-Jan-25
21780,Gorakhpur,Chorichora,Onion,Red,Non-FAQ,2200,2600,2400,24-Jan-25
21781,Gorakhpur,Chorichora,Onion,Red,Non-FAQ,2500,2800,2600,30-Jan-25
21782,Kanpur,Choubepur,Onion,Red,FAQ,2450,2650,2550,06-Jan-25
21783,Mayurbhanja,Chuliaposi,Onion,1st Sort,FAQ,3500,3600,3500,18-Jan-25
21784,The Nilgiris,Coonoor(Uzhavar Sandhai ),Onion,Bellary,Local,4000,4500,4500,21-Jan-25
21785,Gautam Budh Nagar,Dadri,Onion,Red,FAQ,1900,2330,2100,29-Jan-25
21786,Dahod,Dahod(Veg. Market),Onion,Onion,FAQ,1000,2500,2000,16-Jan-25
21787,Dahod,Dahod(Veg. Market),Onion,Onion,FAQ,1000,2500,2000,30-Jan-25
21788,Patna,Danapur,Onion,Medium,FAQ,2800,3200,3000,01-Feb-25
21789,Patna,Danapur,Onion,Medium,FAQ,3000,3400,3200,29-Jan-25
21790,Patna,Danapur,Onion,Medium,FAQ,3400,3800,3600,01-Jan-25
21791,Hoshiarpur,Dasuya,Onion,Other,FAQ,2400,2800,2600,22-Jan-25
21792,Hoshiarpur,Dasuya,Onion,Other,FAQ,2400,2800,2600,27-Jan-25
21793,Hoshiarpur,Dasuya,Onion,Other,FAQ,2400,2800,2600,30-Jan-25
21794,Davangere,Davangere,Onion,Onion,FAQ,1000,3800,2300,27-Jan-25
21795,Davangere,Davangere,Onion,Onion,FAQ,1000,5500,3250,09-Jan-25
21796,Krishnagiri,Denkanikottai(Uzhavar Sandhai ),Onion,Bellary,Local,3000,4000,4000,19-Jan-25
21797,Krishnagiri,Denkanikottai(Uzhavar Sandhai ),Onion,Bellary,Local,3000,4000,4000,22-Jan-25
21798,Krishnagiri,Denkanikottai(Uzhavar Sandhai ),Onion,Bellary,Local,3000,4000,4000,30-Jan-25
21799,Mohali,Dera Bassi,Onion,Other,FAQ,1800,2000,1800,23-Jan-25
21800,Mohali,Dera Bassi,Onion,Other,FAQ,2200,2400,2400,01-Feb-25
21801,Sivaganga,Devakottai (Uzhavar Sandhai ),Onion,Bellary,Local,4800,5400,5400,01-Feb-25
21802,Sivaganga,Devakottai (Uzhavar Sandhai ),Onion,Bellary,Local,5000,5400,5400,13-Jan-25
21803,Sivaganga,Devakottai (Uzhavar Sandhai ),Onion,Bellary,Local,5000,5400,5400,14-Jan-25
21804,Sivaganga,Devakottai (Uzhavar Sandhai ),Onion,Bellary,Local,5000,5600,5600,05-Jan-25
21805,Sivaganga,Devakottai (Uzhavar Sandhai ),Onion,Bellary,Local,5000,5600,5600,18-Jan-25
21806,Sivaganga,Devakottai (Uzhavar Sandhai ),Onion,Bellary,Local,5200,5400,5400,10-Jan-25
21807,Nashik,Devala,Onion,Red,FAQ,800,2305,2050,17-Jan-25
21808,Theni,Devaram(Uzhavar Sandhai ),Onion,Bellary,Local,4000,4000,4000,18-Jan-25
21809,Theni,Devaram(Uzhavar Sandhai ),Onion,Bellary,Local,4000,4200,4200,13-Jan-25
21810,Theni,Devaram(Uzhavar Sandhai ),Onion,Bellary,Local,4000,4200,4200,14-Jan-25
21811,Theni,Devaram(Uzhavar Sandhai ),Onion,Bellary,Local,4000,4200,4200,15-Jan-25
21812,Theni,Devaram(Uzhavar Sandhai ),Onion,Bellary,Local,4000,4400,4400,27-Jan-25
21813,Theni,Devaram(Uzhavar Sandhai ),Onion,Bellary,Local,4000,4500,4500,24-Jan-25
21814,Theni,Devaram(Uzhavar Sandhai ),Onion,Bellary,Local,4400,4400,4400,06-Jan-25
21815,Deoria,Devariya,Onion,Red,FAQ,2330,2345,2340,15-Jan-25
21816,Deoria,Devariya,Onion,Red,Non-FAQ,2240,2270,2250,29-Jan-25
21817,Dhar,Dhamnod(F&V),Onion,Onion,FAQ,1200,1500,1300,28-Jan-25
21818,Dhar,Dhamnod(F&V),Onion,Onion,FAQ,1500,2000,1800,10-Jan-25
21819,Amroha,Dhanaura,Onion,Medium,FAQ,1000,1500,1200,03-Jan-25
21820,Amroha,Dhanaura,Onion,Medium,FAQ,1200,1500,1400,12-Jan-25
21821,Amroha,Dhanaura,Onion,Medium,Non-FAQ,1000,1400,1200,23-Jan-25
21822,Kaithal,Dhand,Onion,Other,FAQ,1400,2500,2300,08-Jan-25
21823,Moga,Dharamkot,Onion,Other,FAQ,4000,4000,4000,26-Jan-25
21824,Kangra,Dharamshala,Onion,Other,FAQ,3000,3500,3250,06-Jan-25
21825,Gurdaspur,Dhariwal,Onion,Other,FAQ,1700,2000,1900,08-Jan-25
21826,Dharmapuri,Dharmapuri(Uzhavar Sandhai ),Onion,Bellary,Local,4300,4600,4600,25-Jan-25
21827,Dharmapuri,Dharmapuri(Uzhavar Sandhai ),Onion,Bellary,Local,4400,4800,4800,03-Jan-25
21828,Dharmapuri,Dharmapuri(Uzhavar Sandhai ),Onion,Bellary,Local,4400,4800,4800,28-Jan-25
21829,Dharmapuri,Dharmapuri(Uzhavar Sandhai ),Onion,Bellary,Local,4500,4800,4800,01-Jan-25
21830,Rajkot,Dhoraji,Onion,Nasik,FAQ,350,2230,1655,15-Jan-25
21831,Rajkot,Dhoraji,Onion,Nasik,FAQ,480,2130,1880,25-Jan-25
21832,Rajkot,Dhoraji,Onion,Nasik,FAQ,505,2530,2005,07-Jan-25
21833,Rajkot,Dhoraji,Onion,Nasik,FAQ,580,2130,1630,11-Jan-25
21834,Rajkot,Dhoraji,Onion,Nasik,FAQ,630,2405,2005,06-Jan-25
21835,Rajkot,Dhoraji,Onion,Nasik,Non-FAQ,350,2280,1880,24-Jan-25
21836,Rajkot,Dhoraji,Onion,Nasik,Non-FAQ,400,2305,1955,20-Jan-25
21837,Rajkot,Dhoraji,Onion,Nasik,Non-FAQ,605,2080,1730,30-Jan-25
21838,Dhule,Dhule,Onion,Red,Local,200,2230,2000,29-Jan-25
21839,Jalpaiguri,Dhupguri,Onion,Nasik,FAQ,2600,2800,2700,02-Jan-25
21840,Jalpaiguri,Dhupguri,Onion,Nasik,FAQ,2900,3100,3000,12-Jan-25
21841,Sangrur,Dhuri,Onion,Onion,FAQ,2000,2300,2250,28-Jan-25
21842,Sangrur,Dhuri,Onion,Onion,FAQ,2000,2500,2200,24-Jan-25
21843,Sounth 24 Parganas,Diamond Harbour(South 24-pgs),Onion,Red,FAQ,2900,3000,2950,26-Jan-25
21844,Sounth 24 Parganas,Diamond Harbour(South 24-pgs),Onion,Red,FAQ,2900,3100,3000,30-Jan-25
21845,Gurdaspur,Dinanagar,Onion,Other,FAQ,3000,3500,3000,21-Jan-25
21846,Dindigul,Dindigul(Uzhavar Sandhai ),Onion,Bellary,Local,4000,4800,4800,20-Jan-25
21847,Nashik,Dindori(Vani),Onion,Red,FAQ,1600,2900,2081,11-Jan-25
21848,Coochbehar,Dinhata,Onion,Onion,FAQ,2600,2800,2700,22-Jan-25
21849,Bulandshahar,Divai,Onion,Red,FAQ,1400,1600,1500,18-Jan-25
21850,Mau(Maunathbhanjan),Doharighat,Onion,Red,Non-FAQ,3400,3600,3455,28-Jan-25
21851,Patiala,Dudhansadhan,Onion,Other,FAQ,2600,2800,2700,23-Jan-25
21852,Sonepur,Dungurapalli,Onion,Other,FAQ,3000,3200,3200,04-Jan-25
21853,Paschim Bardhaman,Durgapur,Onion,Other,FAQ,2700,2850,2750,20-Jan-25
21854,Salem,Edapadi (Uzhavar Sandhai ),Onion,Bellary,Local,4000,6000,6000,06-Jan-25
21855,Salem,Edapadi (Uzhavar Sandhai ),Onion,Bellary,Local,4000,6000,6000,27-Jan-25
21856,Salem,Edapadi (Uzhavar Sandhai ),Onion,Bellary,Local,5500,6000,6000,11-Jan-25
21857,Medinipur(E),Egra/contai,Onion,Onion,FAQ,3000,3200,3100,11-Jan-25
21858,Medinipur(E),Egra/contai,Onion,Onion,FAQ,3000,3300,3250,05-Jan-25
21859,Salem,Elampillai(Uzhavar Sandhai ),Onion,Bellary,Local,4000,5500,5500,13-Jan-25
21860,Salem,Elampillai(Uzhavar Sandhai ),Onion,Bellary,Local,4000,5500,5500,22-Jan-25
21861,Salem,Elampillai(Uzhavar Sandhai ),Onion,Bellary,Local,5000,6000,6000,26-Jan-25
21862,Etah,Etah,Onion,Red,FAQ,2000,2500,2150,02-Jan-25
21863,Etah,Etah,Onion,Red,FAQ,2000,2500,2150,08-Jan-25
21864,Etah,Etah,Onion,Red,FAQ,2000,2500,2270,01-Jan-25
21865,Etah,Etah,Onion,Red,FAQ,2100,2600,2350,19-Jan-25
21866,Etawah,Etawah,Onion,Red,FAQ,1900,2300,2200,25-Jan-25
21867,Etawah,Etawah,Onion,Red,FAQ,2000,2400,2300,12-Jan-25
21868,Etawah,Etawah,Onion,Red,FAQ,2100,2400,2300,21-Jan-25
21869,Etawah,Etawah,Onion,Red,FAQ,2200,2500,2400,13-Jan-25
21870,Kottayam,Ettumanoor,Onion,Big,FAQ,3800,4200,4000,27-Jan-25
21871,Kottayam,Ettumanoor,Onion,Onion,FAQ,9300,9600,9400,29-Jan-25
21872,Alipurduar,Falakata,Onion,Other,Non-FAQ,2800,3000,2900,28-Jan-25
21873,Faridkot,Faridkot,Onion,Onion,FAQ,2000,3000,2500,13-Jan-25
21874,Farukhabad,Farukhabad,Onion,Red,FAQ,2200,2400,2275,17-Jan-25
21875,Agra,Fatehabad,Onion,Red,FAQ,1600,1750,1650,29-Jan-25
21876,Agra,Fatehabad,Onion,Red,FAQ,1800,2000,1900,07-Jan-25
21877,Agra,Fatehabad,Onion,Red,Non-FAQ,1500,1650,1550,28-Jan-25
21878,Fatehpur,Fatehpur,Onion,Red,FAQ,1950,2250,2100,10-Jan-25
21879,Agra,Fatehpur Sikri,Onion,Red,FAQ,2140,2280,2210,09-Jan-25
21880,Agra,Fatehpur Sikri,Onion,Red,FAQ,2160,2300,2225,10-Jan-25
21881,Agra,Fatehpur Sikri,Onion,Red,FAQ,2200,2350,2285,12-Jan-25
21882,Agra,Fatehpur Sikri,Onion,Red,FAQ,2250,2400,2325,23-Jan-25
21883,Agra,Fatehpur Sikri,Onion,Red,FAQ,2260,2400,2320,20-Jan-25
21884,Fazilka,Fazilka,Onion,Other,FAQ,2000,2500,2200,02-Jan-25
21885,Fazilka,Fazilka,Onion,Other,FAQ,2000,2500,2200,17-Jan-25
21886,Fazilka,Fazilka,Onion,Other,FAQ,2000,2500,2200,30-Jan-25
21887,Mewat,FerozpurZirkha(Nagina),Onion,Other,FAQ,1600,2000,1800,25-Jan-25
21888,Firozabad,Firozabad,Onion,Red,FAQ,1985,2200,2075,30-Jan-25
21889,Firozabad,Firozabad,Onion,Red,FAQ,2065,2235,2150,07-Jan-25
21890,Ferozpur,Firozepur City,Onion,Other,FAQ,3000,3500,3250,02-Jan-25
21891,Ferozpur,Firozepur City,Onion,Other,FAQ,3000,3500,3250,06-Jan-25
21892,Ferozpur,Firozepur City,Onion,Other,FAQ,3000,4000,3500,07-Jan-25
21893,Maharajganj,Gadaura,Onion,Red,FAQ,2200,2400,2300,10-Jan-25
21894,Maharajganj,Gadaura,Onion,Red,FAQ,2300,2500,2400,25-Jan-25
21895,Malda,Gajol,Onion,Other,FAQ,2500,3000,2700,16-Jan-25
21896,Sonipat,Ganaur,Onion,Onion,FAQ,2300,3000,2500,02-Jan-25
21897,Pudukkottai,Gandarvakottai(Uzhavar Sandhai ),Onion,Bellary,Local,4500,5000,5000,22-Jan-25
21898,Pudukkottai,Gandarvakottai(Uzhavar Sandhai ),Onion,Bellary,Local,4500,5000,5000,30-Jan-25
21899,Saharanpur,Gangoh,Onion,Red,FAQ,2000,2300,2250,01-Feb-25
21900,Medinipur(W),Garbeta(Medinipur),Onion,Onion,FAQ,2400,2800,2600,29-Jan-25
21901,Hoshiarpur,Garh Shankar,Onion,Other,FAQ,2000,2300,2100,31-Jan-25
21902,Hoshiarpur,Garh Shankar(Mahalpur),Onion,Onion,FAQ,2500,3000,2800,10-Jan-25
21903,Sagar,Garhakota,Onion,Onion,Non-FAQ,1050,1085,1085,29-Jan-25
21904,Sagar,Garhakota,Onion,Onion,Non-FAQ,1050,1100,1100,23-Jan-25
21905,Mandsaur,Garoth,Onion,Onion,FAQ,310,2351,2300,01-Jan-25
21906,Mandsaur,Garoth,Onion,Onion,FAQ,720,2000,1460,20-Jan-25
21907,Ghazipur,Gazipur,Onion,Red,FAQ,2070,2130,2100,31-Jan-25
21908,Ghazipur,Gazipur,Onion,Red,FAQ,2140,2200,2170,27-Jan-25
21909,Kaithar,"Gerabari, Korha Block",Onion,Medium,FAQ,3800,4000,3900,11-Jan-25
21910,Patiala,Ghanaur,Onion,Other,FAQ,2500,2900,2700,30-Jan-25
21911,Karnal,Gharaunda,Onion,Other,FAQ,2000,2800,2800,08-Jan-25
21912,Karnal,Gharaunda,Onion,Other,FAQ,2500,2600,2600,31-Jan-25
21913,Karnal,Gharaunda,Onion,Other,FAQ,2500,2800,2800,24-Jan-25
21914,Medinipur(W),Ghatal,Onion,Onion,FAQ,2700,2900,2800,27-Jan-25
21915,Ghaziabad,Ghaziabad,Onion,Red,FAQ,2300,2400,2350,20-Jan-25
21916,Ghaziabad,Ghaziabad,Onion,Red,FAQ,2330,2430,2380,19-Jan-25
21917,Mainpuri,Ghiraur,Onion,Red,FAQ,2300,2500,2400,15-Jan-25
21918,Muktsar,Giddarbaha,Onion,Onion,FAQ,1500,2000,1600,10-Jan-25
21919,Villupuram,Gingee(Uzhavar Sandhai ),Onion,Bellary,Local,4000,4000,4000,26-Jan-25
21920,Villupuram,Gingee(Uzhavar Sandhai ),Onion,Bellary,Local,4000,5000,5000,15-Jan-25
21921,Sonipat,Gohana,Onion,Other,FAQ,1800,2500,2000,06-Jan-25
21922,Sonipat,Gohana,Onion,Other,FAQ,2000,2800,2500,02-Jan-25
21923,Lakhimpur,Golagokarnath,Onion,Red,FAQ,2100,2200,2155,28-Jan-25
21924,Hanumangarh,Goluwala,Onion,1st Sort,FAQ,2000,2200,2200,25-Jan-25
21925,Hanumangarh,Goluwala,Onion,1st Sort,FAQ,2000,2300,2300,24-Jan-25
21926,Gonda,Gonda,Onion,Red,FAQ,2150,2400,2200,17-Jan-25
21927,Bhadohi(Sant Ravi Nagar),Gopiganj,Onion,Red,FAQ,2130,2230,2180,27-Jan-25
21928,Bhadohi(Sant Ravi Nagar),Gopiganj,Onion,Red,FAQ,2160,2270,2210,24-Jan-25
21929,Gorakhpur,Gorakhpur,Onion,Red,FAQ,2150,2250,2200,24-Jan-25
21930,The Nilgiris,Gudalur(Uzhavar Sandhai ),Onion,Bellary,Local,4500,5000,5000,11-Jan-25
21931,Hyderabad,Gudimalkapur,Onion,1st Sort,FAQ,800,4000,2500,09-Jan-25
21932,Hyderabad,Gudimalkapur,Onion,1st Sort,FAQ,800,4500,2000,05-Jan-25
21933,Vellore,Gudiyatham(Uzhavar Sandhai ),Onion,Bellary,Local,4000,4500,4500,17-Jan-25
21934,Vellore,Gudiyatham(Uzhavar Sandhai ),Onion,Bellary,Local,4500,4500,4500,25-Jan-25
21935,Chengalpattu,Guduvancheri(Uzhavar Sandhai ),Onion,Bellary,Local,3000,4000,4000,05-Jan-25
21936,Chengalpattu,Guduvancheri(Uzhavar Sandhai ),Onion,Bellary,Local,3500,4000,4000,19-Jan-25
21937,Bulandshahar,Gulavati,Onion,Red,FAQ,3000,3200,3100,03-Jan-25
21938,Bulandshahar,Gulavati,Onion,Red,FAQ,3000,3200,3100,29-Jan-25
21939,Gurgaon,Gurgaon,Onion,Other,FAQ,2000,3000,2500,05-Jan-25
21940,Jhansi,Gurusarai,Onion,Red,FAQ,2010,2065,2050,22-Jan-25
21941,Jhansi,Gurusarai,Onion,Red,FAQ,2010,2085,2050,23-Jan-25
21942,Jhansi,Gurusarai,Onion,Red,FAQ,2020,2120,2090,19-Jan-25
21943,Jhansi,Gurusarai,Onion,Red,FAQ,2080,2140,2100,12-Jan-25
21944,Jhansi,Gurusarai,Onion,Red,FAQ,2085,2160,2120,07-Jan-25
21945,Hathras,Haathras,Onion,Red,FAQ,2260,2460,2360,17-Jan-25
21946,North 24 Parganas,Habra,Onion,Other,FAQ,2500,3000,2800,15-Jan-25
21947,Nanital,Haldwani,Onion,Other,FAQ,1800,2400,2200,30-Jan-25
21948,Hamirpur,Hamirpur(Nadaun),Onion,Other,FAQ,2500,2800,2650,18-Jan-25
21949,Hamirpur,Hamirpur(Nadaun),Onion,Other,FAQ,3000,3200,3100,02-Jan-25
21950,Hamirpur,Hamirpur(Nadaun),Onion,Other,FAQ,3000,3500,3200,30-Jan-25
21951,Hissar,Hansi,Onion,Other,FAQ,1500,2500,2000,11-Jan-25
21952,Hissar,Hansi,Onion,Other,FAQ,2000,3000,2500,06-Jan-25
21953,Hanumangarh,Hanumangarh(Urlivas),Onion,1st Sort,FAQ,2400,2500,2450,13-Jan-25
21954,Hanumangarh,Hanumangarh(Urlivas),Onion,1st Sort,FAQ,2600,2800,2700,02-Jan-25
21955,Ghaziabad,Hapur,Onion,Red,FAQ,2400,2500,2450,04-Jan-25
21956,Hardoi,Hardoi,Onion,Pusa-Red,FAQ,2200,2270,2255,29-Jan-25
21957,Hardoi,Hardoi,Onion,Pusa-Red,FAQ,2400,2490,2445,13-Jan-25
21958,Haridwar,Haridwar Union,Onion,Onion,FAQ,2000,2800,2500,26-Jan-25
21959,Haridwar,Haridwar Union,Onion,Onion,Non-FAQ,2000,2500,2200,21-Jan-25
21960,Dharmapuri,Harur(Uzhavar Sandhai ),Onion,Bellary,Local,4000,4500,4500,17-Jan-25
21961,Dharmapuri,Harur(Uzhavar Sandhai ),Onion,Bellary,Local,4000,4500,4500,19-Jan-25
21962,Dharmapuri,Harur(Uzhavar Sandhai ),Onion,Bellary,Local,4300,4500,4500,07-Jan-25
21963,Dharmapuri,Harur(Uzhavar Sandhai ),Onion,Bellary,Local,4300,4500,4500,29-Jan-25
21964,Amroha,Hasanpur,Onion,Nasik,FAQ,0,2000,1450,16-Jan-25
21965,Amroha,Hasanpur,Onion,Nasik,FAQ,1410,1500,1450,08-Jan-25
21966,Amroha,Hasanpur,Onion,Nasik,FAQ,1410,1500,1450,15-Jan-25
21967,Salem,Hasthampatti(Uzhavar Sandhai ),Onion,Bellary,Local,5000,5500,5500,12-Jan-25
21968,Salem,Hasthampatti(Uzhavar Sandhai ),Onion,Bellary,Local,5000,5500,5500,31-Jan-25
21969,Salem,Hasthampatti(Uzhavar Sandhai ),Onion,Bellary,Local,5000,6000,6000,06-Jan-25
21970,Dhenkanal,Hindol,Onion,Other,FAQ,3000,3500,3200,07-Jan-25
21971,Dhenkanal,Hindol,Onion,Other,FAQ,3000,4000,3500,08-Jan-25
21972,Dhenkanal,Hindol,Onion,Other,Non-FAQ,3000,3500,3200,28-Jan-25
21973,Ganjam,Hinjilicut,Onion,Other,FAQ,3000,4000,4000,10-Jan-25
21974,Hissar,Hissar,Onion,Other,Non-FAQ,1500,2400,1900,22-Jan-25
21975,Hoshiarpur,Hoshiarpur,Onion,Other,FAQ,3000,3200,3100,07-Jan-25
21976,Krishnagiri,Hosur(Uzhavar Sandhai ),Onion,Bellary,Local,3500,4000,4000,29-Jan-25
21977,Krishnagiri,Hosur(Uzhavar Sandhai ),Onion,Bellary,Local,4500,5000,5000,02-Jan-25
21978,Krishnagiri,Hosur(Uzhavar Sandhai ),Onion,Bellary,Local,4500,5000,5000,06-Jan-25
21979,Dharwad,Hubli (Amaragol),Onion,Puna,FAQ,500,3000,1600,11-Jan-25
21980,Dharwad,Hubli (Amaragol),Onion,Puna,FAQ,500,4100,2400,06-Jan-25
21981,Imphal West,Imphal,Onion,Other,FAQ,3800,4500,4150,29-Jan-25
21982,Indore,Indore,Onion,Onion,FAQ,1111,2713,2312,06-Jan-25
21983,Indore,Indore,Onion,Other,FAQ,1196,2539,2539,22-Jan-25
21984,Indore,Indore,Onion,Other,FAQ,1428,2100,2100,30-Jan-25
21985,Indore,Indore,Onion,Other,FAQ,1674,2600,2600,17-Jan-25
21986,Indore,Indore,Onion,Other,FAQ,2081,2149,2149,16-Jan-25
21987,Karnal,Indri,Onion,Other,Non-FAQ,2500,2500,2500,28-Jan-25
21988,Thirssur,Irinjalakkuda,Onion,Other,FAQ,4000,4000,4000,24-Jan-25
21989,Yamuna Nagar,Jagadhri,Onion,Other,FAQ,2200,2400,2350,23-Jan-25
21990,Ludhiana,Jagraon,Onion,Other,FAQ,1500,2500,2000,18-Jan-25
21991,Ludhiana,Jagraon,Onion,Other,FAQ,2200,2900,2500,13-Jan-25
21992,Ludhiana,Jagraon,Onion,Other,FAQ,2300,2800,2600,02-Jan-25
21993,Ludhiana,Jagraon,Onion,Other,FAQ,2300,2800,2600,10-Jan-25
21994,Madhubani,Jahajharpur,Onion,Medium,FAQ,2500,2700,2600,04-Jan-25
21995,Madhubani,Jahajharpur,Onion,Medium,FAQ,2800,3000,2900,25-Jan-25
21996,Madhubani,Jahajharpur,Onion,Medium,FAQ,3100,3300,3200,28-Jan-25
21997,Bulandshahar,Jahangirabad,Onion,Red,FAQ,2005,2190,2100,28-Jan-25
21998,Bulandshahar,Jahangirabad,Onion,Red,FAQ,2268,2472,2370,14-Jan-25
21999,Madhubani,Jainagar,Onion,Medium,FAQ,2800,3000,2900,23-Jan-25
22000,Jaipur,Jaipur (F&V),Onion,Other,FAQ,1700,2700,2200,21-Jan-25
22001,Jaipur,Jaipur (F&V),Onion,Other,FAQ,2000,3000,2500,02-Jan-25
22002,Fatehabad,Jakhal,Onion,Other,FAQ,2000,2000,2000,16-Jan-25
22003,Salem,Jalagandapuram(Uzhavar Sandhai ),Onion,Bellary,Local,5000,5400,5400,01-Feb-25
22004,Fazilka,Jalalabad,Onion,Other,FAQ,2500,2750,2650,21-Jan-25
22005,Jalandhar,Jalandhar City(Jalandhar),Onion,Other,FAQ,500,1500,1000,08-Jan-25
22006,Jalandhar,Jalandhar City(Jalandhar),Onion,Other,FAQ,500,1500,1000,13-Jan-25
22007,Jalandhar,Jalandhar City(Jalandhar),Onion,Other,FAQ,500,1500,1000,14-Jan-25
22008,Jalandhar,Jalandhar City(Jalandhar),Onion,Other,FAQ,500,1500,1000,17-Jan-25
22009,Jalandhar,Jalandhar City(Jalandhar),Onion,Other,FAQ,500,1500,1000,22-Jan-25
22010,Jalandhar,Jalandhar City(Jalandhar),Onion,Other,FAQ,600,1600,1100,10-Jan-25
22011,Jalandhar,Jalandhar City(Jalandhar),Onion,Other,Non-FAQ,500,1500,1000,21-Jan-25
22012,Jalaun (Orai),Jalaun,Onion,Red,FAQ,2500,3200,3000,06-Jan-25
22013,Balasore,Jaleswar,Onion,Other,FAQ,2300,2700,2500,21-Jan-25
22014,Balasore,Jaleswar,Onion,Other,FAQ,2600,3000,2800,07-Jan-25
22015,Jalore,Jalore,Onion,Other,FAQ,2500,3000,2800,01-Jan-25
22016,Jalpaiguri,Jalpaiguri Sadar,Onion,Nasik,FAQ,2600,2800,2700,02-Jan-25
22017,Jalpaiguri,Jalpaiguri Sadar,Onion,Nasik,FAQ,2900,3100,3000,03-Jan-25
22018,Chengalpattu,Jameenrayapettai(Uzhavar Sandhai ),Onion,Bellary,Local,3500,5000,5000,08-Jan-25
22019,Chengalpattu,Jameenrayapettai(Uzhavar Sandhai ),Onion,Bellary,Local,3500,5000,5000,13-Jan-25
22020,Chengalpattu,Jameenrayapettai(Uzhavar Sandhai ),Onion,Bellary,Local,3500,5000,5000,17-Jan-25
22021,Chengalpattu,Jameenrayapettai(Uzhavar Sandhai ),Onion,Bellary,Local,3500,5000,5000,19-Jan-25
22022,Chengalpattu,Jameenrayapettai(Uzhavar Sandhai ),Onion,Bellary,Local,3500,5000,5000,22-Jan-25
22023,Chengalpattu,Jameenrayapettai(Uzhavar Sandhai ),Onion,Bellary,Local,3500,5000,5000,27-Jan-25
22024,Jamnagar,Jamnagar,Onion,Other,FAQ,600,2250,1550,24-Jan-25
22025,Murshidabad,Jangipur,Onion,Red,FAQ,2675,2720,2700,29-Jan-25
22026,Murshidabad,Jangipur,Onion,Red,FAQ,2700,2760,2735,27-Jan-25
22027,Murshidabad,Jangipur,Onion,Red,FAQ,2750,2800,2780,09-Jan-25
22028,Murshidabad,Jangipur,Onion,Red,FAQ,3350,3400,3370,01-Jan-25
22029,Ratlam,Jaora,Onion,Onion,FAQ,400,2300,1700,03-Jan-25
22030,Ratlam,Jaora,Onion,Onion,FAQ,600,1600,1200,17-Jan-25
22031,Ratlam,Jaora,Onion,Onion,FAQ,1200,1200,1200,15-Jan-25
22032,Prayagraj,Jasra,Onion,Red,FAQ,1850,1980,1915,27-Jan-25
22033,Jaunpur,Jaunpur,Onion,Red,FAQ,2350,2450,2400,18-Jan-25
22034,Raebarelli,Jayas,Onion,Red,FAQ,2280,2370,2300,27-Jan-25
22035,Rajkot,Jetpur(Dist.Rajkot),Onion,Onion,FAQ,505,1780,1405,13-Jan-25
22036,Rajkot,Jetpur(Dist.Rajkot),Onion,Onion,FAQ,750,2255,1800,02-Jan-25
22037,Ariyalur,Jeyankondam (Uzhavar Sandhai ),Onion,Bellary,Local,4000,4600,4600,21-Jan-25
22038,Jhansi,Jhansi,Onion,Red,FAQ,1950,2160,2050,16-Jan-25
22039,Jharsuguda,Jharsuguda,Onion,Other,FAQ,3000,3000,3000,01-Jan-25
22040,Jharsuguda,Jharsuguda,Onion,Other,FAQ,3500,3500,3500,15-Jan-25
22041,Jharsuguda,Jharsuguda,Onion,Other,Non-FAQ,3500,3500,3500,27-Jan-25
22042,Jind,Jind,Onion,Other,FAQ,1800,2200,2100,21-Jan-25
22043,Jodhpur,Jodhpur (F&V),Onion,Other,FAQ,1000,2200,1600,08-Jan-25
22044,Jodhpur,Jodhpur (F&V),Onion,Other,FAQ,1000,2200,1600,14-Jan-25
22045,Pune,Junnar(Alephata),Onion,Other,FAQ,1000,3010,2000,12-Jan-25
22046,Pune,Junnar(Narayangaon),Onion,Other,Local,1000,2500,2000,31-Jan-25
22047,Beed,Kada,Onion,Red,FAQ,500,3200,2300,15-Jan-25
22048,Vellore,Kahithapattarai(Uzhavar Sandhai ),Onion,Bellary,Local,4200,4200,4200,07-Jan-25
22049,Vellore,Kahithapattarai(Uzhavar Sandhai ),Onion,Bellary,Local,4200,4200,4200,19-Jan-25
22050,Vellore,Kahithapattarai(Uzhavar Sandhai ),Onion,Bellary,Local,4200,4200,4200,22-Jan-25
22051,Shamli,Kairana,Onion,Red,FAQ,1500,1600,1550,03-Jan-25
22052,Kakching,Kakching Market,Onion,Red,FAQ,4500,5000,4750,28-Jan-25
22053,Kakching,Kakching Market,Onion,Red,FAQ,5500,6000,5750,03-Jan-25
22054,Sirsa,kalanwali,Onion,Other,FAQ,2000,2000,2000,24-Jan-25
22055,Sirsa,kalanwali,Onion,Other,FAQ,2000,2000,2000,31-Jan-25
22056,Shajapur,Kalapipal,Onion,Onion,FAQ,1052,1300,1300,09-Jan-25
22057,Kalburgi,Kalburgi,Onion,Onion,FAQ,500,3000,1750,08-Jan-25
22058,Kalburgi,Kalburgi,Onion,Onion,FAQ,500,3000,1750,18-Jan-25
22059,Kozhikode(Calicut),Kallachi,Onion,Other,FAQ,3100,3500,3300,16-Jan-25
22060,Kozhikode(Calicut),Kallachi,Onion,Other,FAQ,3200,3600,3400,13-Jan-25
22061,Kozhikode(Calicut),Kallachi,Onion,Other,FAQ,3200,3600,3400,17-Jan-25
22062,Kozhikode(Calicut),Kallachi,Onion,Other,FAQ,3400,3800,3600,25-Jan-25
22063,Purba Bardhaman,Kalna,Onion,Local,FAQ,2300,2400,2350,05-Jan-25
22064,Purba Bardhaman,Kalna,Onion,Other,FAQ,2400,2600,2500,18-Jan-25
22065,Purba Bardhaman,Kalna,Onion,Other,FAQ,2600,2800,2700,26-Jan-25
22066,Purba Bardhaman,Kalna,Onion,Other,FAQ,3300,3500,3400,01-Jan-25
22067,Nashik,Kalvan,Onion,Red,Local,1200,2900,2301,27-Jan-25
22068,Thane,Kalyan,Onion,1st Sort,FAQ,2200,2500,2350,20-Jan-25
22069,Thane,Kalyan,Onion,1st Sort,Local,2200,2500,2350,28-Jan-25
22070,Theni,Kambam(Uzhavar Sandhai ),Onion,Bellary,Local,4000,4200,4200,01-Feb-25
22071,Theni,Kambam(Uzhavar Sandhai ),Onion,Bellary,Local,4000,4400,4400,09-Jan-25
22072,Farukhabad,Kamlaganj,Onion,Red,FAQ,1950,2050,2000,01-Feb-25
22073,North Tripura,Kanchanpur,Onion,Nasik,FAQ,2500,3000,2750,29-Jan-25
22074,Kancheepuram,Kancheepuram(Uzhavar Sandhai ),Onion,Bellary,Local,3000,4000,4000,29-Jan-25
22075,Kancheepuram,Kancheepuram(Uzhavar Sandhai ),Onion,Bellary,Local,3500,4000,4000,13-Jan-25
22076,Thirunelveli,Kandiyaperi(Uzhavar Sandhai ),Onion,Bellary,Local,3000,3600,3600,14-Jan-25
22077,Thirunelveli,Kandiyaperi(Uzhavar Sandhai ),Onion,Bellary,Local,3000,3600,3600,15-Jan-25
22078,Thirunelveli,Kandiyaperi(Uzhavar Sandhai ),Onion,Bellary,Local,3200,4000,4000,17-Jan-25
22079,Thirunelveli,Kandiyaperi(Uzhavar Sandhai ),Onion,Bellary,Local,3500,4200,4200,03-Jan-25
22080,Thirunelveli,Kandiyaperi(Uzhavar Sandhai ),Onion,Bellary,Local,4000,4200,4200,08-Jan-25
22081,Kangra,Kangra(Baijnath),Onion,Onion,FAQ,2500,2800,2700,24-Jan-25
22082,Kangra,Kangra(Jaisinghpur),Onion,1st Sort,FAQ,3200,3300,3250,18-Jan-25
22083,Kangra,Kangra(Jassour),Onion,Other,FAQ,2500,3000,2750,14-Jan-25
22084,Kangra,Kangra(Nagrota Bagwan),Onion,Other,FAQ,3000,3200,3100,29-Jan-25
22085,Kasargod,Kanjangadu,Onion,Big,FAQ,3300,4000,3500,14-Jan-25
22086,Kasargod,Kanjangadu,Onion,Big,FAQ,3300,4000,3500,22-Jan-25
22087,Kasargod,Kanjangadu,Onion,Big,FAQ,3400,4000,3600,11-Jan-25
22088,Kottayam,Kanjirappally,Onion,Onion,FAQ,8500,9000,8800,06-Jan-25
22089,Kottayam,Kanjirappally,Onion,Onion,FAQ,11000,12000,11800,08-Jan-25
22090,Kottayam,Kanjirappally,Onion,Onion,FAQ,11000,12000,11800,14-Jan-25
22091,Kottayam,Kanjirappally,Onion,Onion,FAQ,11000,12000,11800,19-Jan-25
22092,Kannuj,Kannauj,Onion,Red,FAQ,2300,2400,2350,08-Jan-25
22093,Kannur,Kannur,Onion,Other,FAQ,3600,3800,3709,11-Jan-25
22094,Kanpur,Kanpur(Grain),Onion,Red,FAQ,2200,2400,2300,22-Jan-25
22095,Kanpur,Kanpur(Grain),Onion,Red,FAQ,2520,2720,2620,04-Jan-25
22096,Kheda,Kapadvanj,Onion,Other,FAQ,1500,2400,1950,18-Jan-25
22097,Satara,Karad,Onion,Other,FAQ,2000,3000,3000,01-Jan-25
22098,Satara,Karad,Onion,Other,FAQ,2000,3000,3000,07-Jan-25
22099,Sivaganga,Karaikudi(Uzhavar Sandhai ),Onion,Bellary,Local,5200,5600,5600,19-Jan-25
22100,Nadia,Karimpur,Onion,Nasik,FAQ,2700,2900,2800,30-Jan-25
22101,Nadia,Karimpur,Onion,Nasik,Non-FAQ,2600,2800,2700,25-Jan-25
22102,Nadia,Karimpur,Onion,Nasik,Non-FAQ,2600,2800,2700,26-Jan-25
22103,Nadia,Karimpur,Onion,Nasik,Non-FAQ,2800,3000,2900,31-Jan-25
22104,Virudhunagar,Kariyapatti(Uzhavar Sandhai ),Onion,Bellary,Local,3000,4000,4000,03-Jan-25
22105,Virudhunagar,Kariyapatti(Uzhavar Sandhai ),Onion,Bellary,Local,4000,4500,4500,21-Jan-25
22106,Ahmednagar,Karjat,Onion,Local,FAQ,500,3000,1700,22-Jan-25
22107,Darjeeling,Karsiyang(Matigara),Onion,Other,FAQ,3200,3500,3300,11-Jan-25
22108,Darjeeling,Karsiyang(Matigara),Onion,Other,FAQ,3200,3500,3300,20-Jan-25
22109,Darjeeling,Karsiyang(Matigara),Onion,Other,FAQ,3200,3500,3300,26-Jan-25
22110,Darjeeling,Karsiyang(Matigara),Onion,Other,FAQ,3800,4000,3900,04-Jan-25
22111,Karur,Karur(Uzhavar Sandhai ),Onion,Bellary,Local,4500,5000,5000,04-Jan-25
22112,Karur,Karur(Uzhavar Sandhai ),Onion,Bellary,Local,4500,5000,5000,09-Jan-25
22113,Chitrakut,Karvi,Onion,Red,FAQ,2000,2200,2100,31-Jan-25
22114,Chitrakut,Karvi,Onion,Red,FAQ,2225,2400,2300,24-Jan-25
22115,Chitrakut,Karvi,Onion,Red,FAQ,2235,2435,2335,05-Jan-25
22116,Chitrakut,Karvi,Onion,Red,FAQ,2235,2445,2335,13-Jan-25
22117,Kasganj,Kasganj,Onion,Red,FAQ,2000,2300,2140,06-Jan-25
22118,Kasganj,Kasganj,Onion,Red,FAQ,2010,2410,2200,03-Jan-25
22119,Kasganj,Kasganj,Onion,Red,FAQ,2050,2450,2200,01-Feb-25
22120,Kasganj,Kasganj,Onion,Red,FAQ,2100,2500,2280,09-Jan-25
22121,Kasganj,Kasganj,Onion,Red,FAQ,2100,2500,2300,10-Jan-25
22122,Kasganj,Kasganj,Onion,Red,FAQ,2200,2500,2380,18-Jan-25
22123,UdhamSinghNagar,Kashipur,Onion,Other,FAQ,1600,1800,1700,28-Jan-25
22124,Puruliya,Kasipur,Onion,Other,FAQ,2900,3200,3000,28-Jan-25
22125,Kathua,Kathua,Onion,Other,FAQ,2000,2200,2100,16-Jan-25
22126,Kathua,Kathua,Onion,Other,FAQ,2500,2800,2650,27-Jan-25
22127,Kathua,Kathua,Onion,Other,FAQ,2500,3000,2750,03-Jan-25
22128,Kathua,Kathua,Onion,Other,FAQ,2800,3000,2900,21-Jan-25
22129,Idukki,Kattappana,Onion,Big,FAQ,3200,3500,3500,07-Jan-25
22130,Idukki,Kattappana,Onion,Big,FAQ,3500,4000,3800,18-Jan-25
22131,Idukki,Kattappana,Onion,Big,FAQ,3800,4000,3800,01-Jan-25
22132,Krishnagiri,Kaveripattinam(Uzhavar Sandhai ),Onion,Bellary,Local,3000,4000,4000,01-Jan-25
22133,Krishnagiri,Kaveripattinam(Uzhavar Sandhai ),Onion,Bellary,Local,3000,4000,4000,07-Jan-25
22134,Krishnagiri,Kaveripattinam(Uzhavar Sandhai ),Onion,Bellary,Local,3000,4000,4000,27-Jan-25
22135,Krishnagiri,Kaveripattinam(Uzhavar Sandhai ),Onion,Bellary,Local,4000,5000,5000,04-Jan-25
22136,Farukhabad,Kayamganj,Onion,Red,FAQ,2320,2430,2380,13-Jan-25
22137,Farukhabad,Kayamganj,Onion,Red,FAQ,2400,2500,2450,05-Jan-25
22138,Farukhabad,Kayamganj,Onion,Red,FAQ,2480,2580,2530,02-Jan-25
22139,Thiruvannamalai,Keelpennathur(Uzhavar Sandhai ),Onion,Bellary,Local,3000,4000,4000,22-Jan-25
22140,Delhi,Keshopur,Onion,Onion,FAQ,1500,2500,2000,12-Jan-25
22141,Delhi,Keshopur,Onion,Onion,FAQ,2000,2500,2300,17-Jan-25
22142,Kalahandi,Kesinga,Onion,Other,FAQ,7000,7500,7200,31-Jan-25
22143,Fatehpur,Khaga,Onion,Red,FAQ,1700,1850,1800,28-Jan-25
22144,Fatehpur,Khaga,Onion,Red,FAQ,1925,2060,2000,08-Jan-25
22145,Aligarh,Khair,Onion,Red,FAQ,1800,2500,2000,08-Jan-25
22146,Aligarh,Khair,Onion,Red,FAQ,2800,3200,3000,03-Jan-25
22147,Aligarh,Khair,Onion,Red,FAQ,3200,3800,3500,02-Jan-25
22148,Agra,Khairagarh,Onion,Red,FAQ,1500,1600,1550,16-Jan-25
22149,Agra,Khairagarh,Onion,Red,FAQ,3000,3100,3050,28-Jan-25
22150,Fatehgarh,Khamano,Onion,Onion,FAQ,4000,4000,4000,17-Jan-25
22151,Shamli,Khandhla,Onion,Red,FAQ,2600,2700,2650,11-Jan-25
22152,Khandwa,Khandwa,Onion,Local,FAQ,600,1300,1300,30-Jan-25
22153,Khandwa,Khandwa,Onion,Local,FAQ,700,1500,1500,20-Jan-25
22154,Khandwa,Khandwa,Onion,Local,FAQ,800,1500,800,07-Jan-25
22155,Ludhiana,Khanna,Onion,Other,FAQ,1000,2500,1500,22-Jan-25
22156,Ludhiana,Khanna,Onion,Other,FAQ,1000,2500,1500,30-Jan-25
22157,Ludhiana,Khanna,Onion,Other,FAQ,1200,2000,1500,04-Jan-25
22158,Mohali,Kharar,Onion,Other,FAQ,2600,3000,2700,11-Jan-25
22159,Nuapada,Khariar,Onion,Dry F.A.Q.,FAQ,3000,3500,3500,05-Jan-25
22160,Nuapada,Khariar,Onion,Dry F.A.Q.,Non-FAQ,3000,3500,3000,30-Jan-25
22161,Nuapada,Khariar Road,Onion,Other,FAQ,3000,3100,3000,07-Jan-25
22162,Nuapada,Khariar Road,Onion,Other,Non-FAQ,2500,3000,3000,28-Jan-25
22163,Muzaffarnagar,Khatauli,Onion,Red,FAQ,1000,1800,1250,22-Jan-25
22164,UdhamSinghNagar,Khateema,Onion,Other,FAQ,1800,2000,1900,12-Jan-25
22165,Pune,Khed(Chakan),Onion,Other,FAQ,2000,3000,2700,09-Jan-25
22166,Baghpat,Khekda,Onion,Red,FAQ,1800,2200,2000,05-Jan-25
22167,Boudh,Khunthabandha,Onion,Other,FAQ,3500,5000,4000,28-Jan-25
22168,Boudh,Khunthabandha,Onion,Other,Non-FAQ,3000,4000,3500,17-Jan-25
22169,Bulandshahar,Khurja,Onion,Red,FAQ,2100,2300,2210,23-Jan-25
22170,Thirssur,Kodungalloor,Onion,Other,FAQ,3400,3600,3500,13-Jan-25
22171,Palakad,Koduvayoor,Onion,Big,FAQ,3700,4100,3900,27-Jan-25
22172,Palakad,Koduvayoor,Onion,Small,FAQ,8500,8900,8700,05-Jan-25
22173,Palakad,Koduvayoor,Onion,Small,FAQ,10000,10400,10200,19-Jan-25
22174,Palakad,Koduvayoor,Onion,Small,FAQ,10000,10400,10200,22-Jan-25
22175,Kolhapur,Kolhapur,Onion,Other,FAQ,700,3500,2000,06-Jan-25
22176,Kolhapur,Kolhapur,Onion,Other,FAQ,800,3900,2000,20-Jan-25
22177,Kolhapur,Kolhapur,Onion,Other,Local,700,2700,1500,31-Jan-25
22178,Kolhapur,Kolhapur,Onion,Other,Local,800,3200,1800,27-Jan-25
22179,Palakad,Kollengode,Onion,Big,FAQ,3500,3900,3700,28-Jan-25
22180,Jalaun (Orai),Konch,Onion,Red,FAQ,1350,1450,1400,31-Jan-25
22181,Malappuram,Kondotty,Onion,Other,FAQ,3500,3700,3600,17-Jan-25
22182,Mau(Maunathbhanjan),Kopaganj,Onion,Red,FAQ,2100,2500,2200,17-Jan-25
22183,Ahmednagar,Kopargaon,Onion,Red,Local,900,2530,2100,30-Jan-25
22184,Mathura,Kosikalan,Onion,Red,FAQ,2000,2135,2100,07-Jan-25
22185,Kota,Kota (F&V),Onion,Other,FAQ,300,1800,1050,08-Jan-25
22186,Garhwal (Pauri),Kotadwara,Onion,Other,FAQ,1800,2200,2000,21-Jan-25
22187,Garhwal (Pauri),Kotadwara,Onion,Other,FAQ,1800,2300,2000,23-Jan-25
22188,Garhwal (Pauri),Kotadwara,Onion,Other,FAQ,2000,2500,2200,06-Jan-25
22189,Ernakulam,Kothamangalam,Onion,Big,FAQ,3000,4000,3500,07-Jan-25
22190,Kotputli- Behror,Kotputli,Onion,Onion,FAQ,2400,2600,2500,31-Jan-25
22191,Kotputli- Behror,Kotputli,Onion,Onion,Non-FAQ,2100,2300,2200,30-Jan-25
22192,Malappuram,Kottakkal,Onion,Other,FAQ,3100,3300,3200,19-Jan-25
22193,Malappuram,Kottakkal,Onion,Other,FAQ,3200,3400,3300,01-Feb-25
22194,Kollam,Kottarakkara,Onion,Other,FAQ,4500,5200,5000,18-Jan-25
22195,Kollam,Kottarakkara,Onion,Other,FAQ,5000,5200,5000,23-Jan-25
22196,Kottayam,Kottayam,Onion,Big,FAQ,4600,5000,4800,13-Jan-25
22197,Kottayam,Kottayam,Onion,Big,FAQ,4600,5000,4800,15-Jan-25
22198,Kottayam,Kottayam,Onion,Onion,FAQ,8400,8800,8600,06-Jan-25
22199,Kottayam,Kottayam,Onion,Onion,FAQ,10400,10800,10600,23-Jan-25
22200,Tuticorin,Kovilpatti(Uzhavar Sandhai ),Onion,Bellary,Local,4000,4500,4500,21-Jan-25
22201,Tuticorin,Kovilpatti(Uzhavar Sandhai ),Onion,Bellary,Local,4200,4600,4600,11-Jan-25
22202,Tuticorin,Kovilpatti(Uzhavar Sandhai ),Onion,Bellary,Local,4500,5000,5000,03-Jan-25
22203,Krishnagiri,Krishnagiri(Uzhavar Sandhai ),Onion,Bellary,Local,3500,4000,4000,19-Jan-25
22204,Krishnagiri,Krishnagiri(Uzhavar Sandhai ),Onion,Bellary,Local,4000,4500,4500,16-Jan-25
22205,Karur,Kulithalai(Uzhavar Sandhai ),Onion,Bellary,Local,4000,5000,5000,06-Jan-25
22206,Karur,Kulithalai(Uzhavar Sandhai ),Onion,Bellary,Local,4000,5000,5000,11-Jan-25
22207,Karur,Kulithalai(Uzhavar Sandhai ),Onion,Bellary,Local,4000,5000,5000,20-Jan-25
22208,Karur,Kulithalai(Uzhavar Sandhai ),Onion,Bellary,Local,4000,5000,5000,26-Jan-25
22209,Namakkal,Kumarapalayam(Uzhavar Sandhai ),Onion,Bellary,Local,4000,5000,5000,29-Jan-25
22210,Namakkal,Kumarapalayam(Uzhavar Sandhai ),Onion,Bellary,Local,5000,5200,5200,08-Jan-25
22211,Thanjavur,Kumbakonam (Uzhavar Sandhai ),Onion,Bellary,Local,3600,4800,4800,01-Feb-25
22212,Thanjavur,Kumbakonam (Uzhavar Sandhai ),Onion,Bellary,Local,3600,4800,4800,12-Jan-25
22213,Thanjavur,Kumbakonam (Uzhavar Sandhai ),Onion,Bellary,Local,3600,4800,4800,28-Jan-25
22214,Kancheepuram,Kundrathur(Uzhavar Sandhai ),Onion,Bellary,Local,4000,5000,5000,19-Jan-25
22215,Kancheepuram,Kundrathur(Uzhavar Sandhai ),Onion,Bellary,Local,4000,7500,7500,01-Feb-25
22216,Sholapur,Kurdwadi(Modnimb),Onion,Red,FAQ,300,3100,1700,20-Jan-25
22217,Kurnool,Kurnool,Onion,Local,FAQ,1237,2651,2389,18-Jan-25
22218,Kottayam,Kuruppanthura,Onion,Big,FAQ,5000,5600,5400,16-Jan-25
22219,Kottayam,Kuruppanthura,Onion,Big,FAQ,10000,12000,11000,21-Jan-25
22220,Kottayam,Kuruppanthura,Onion,Onion,FAQ,8000,9000,8800,06-Jan-25
22221,Kottayam,Kuruppanthura,Onion,Onion,FAQ,9400,10000,9800,18-Jan-25
22222,Lakhimpur,Lakhimpur,Onion,Red,FAQ,2290,2420,2340,19-Jan-25
22223,Lakhimpur,Lakhimpur,Onion,Red,FAQ,2600,2700,2650,12-Jan-25
22224,Raebarelli,Lalganj,Onion,Red,FAQ,2350,2450,2400,16-Jan-25
22225,Raebarelli,Lalganj,Onion,Red,FAQ,2350,2450,2400,17-Jan-25
22226,Thiruchirappalli,Lalgudi(Uzhavar Sandhai ),Onion,Bellary,Local,4000,5600,5600,02-Jan-25
22227,Mohali,Lalru,Onion,Other,FAQ,3000,3000,3000,13-Jan-25
22228,Mohali,Lalru,Onion,Other,FAQ,3000,3000,3000,14-Jan-25
22229,Mohali,Lalru,Onion,Other,FAQ,3000,3600,3400,08-Jan-25
22230,Imphal East,Lamlong Bazaar,Onion,Other,FAQ,4000,5000,4500,27-Jan-25
22231,Nashik,Lasalgaon,Onion,Red,Local,700,2600,2100,01-Feb-25
22232,Nashik,Lasalgaon,Onion,Red,Local,1000,2882,2400,28-Jan-25
22233,Nashik,Lasalgaon(Niphad),Onion,Red,FAQ,1000,2580,2200,09-Jan-25
22234,Nashik,Lasalgaon(Niphad),Onion,Red,FAQ,1000,2750,2350,03-Jan-25
22235,Nashik,Lasalgaon(Vinchur),Onion,Red,FAQ,1000,2721,2350,21-Jan-25
22236,Nashik,Lasalgaon(Vinchur),Onion,Red,FAQ,1000,2840,2400,01-Jan-25
22237,Nashik,Lasalgaon(Vinchur),Onion,Red,FAQ,1000,3001,2450,04-Jan-25
22238,Nashik,Lasalgaon(Vinchur),Onion,Red,Local,1000,2611,2250,28-Jan-25
22239,Chattrapati Sambhajinagar,Lasur Station,Onion,Other,FAQ,650,2560,1700,15-Jan-25
22240,Chattrapati Sambhajinagar,Lasur Station,Onion,Other,FAQ,800,2580,1800,18-Jan-25
22241,Sholapur,Laxmi Sopan Agriculture Produce Marketing Co Ltd,Onion,Other,FAQ,500,2800,1900,30-Jan-25
22242,Sholapur,Laxmi Sopan Agriculture Produce Marketing Co Ltd,Onion,Other,FAQ,500,3300,2400,24-Jan-25
22243,Sholapur,Laxmi Sopan Agriculture Produce Marketing Co Ltd,Onion,Other,FAQ,600,3500,2000,03-Jan-25
22244,Lucknow,Lucknow,Onion,Red,FAQ,2440,2540,2490,09-Jan-25
22245,Ludhiana,Ludhiana,Onion,Other,FAQ,800,2600,2000,27-Jan-25
22246,Ludhiana,Ludhiana,Onion,Other,FAQ,800,2900,2000,03-Jan-25
22247,Ajmer,Madanganj Kishangarh,Onion,1st Sort,FAQ,2200,3000,2500,30-Jan-25
22248,Ajmer,Madanganj Kishangarh,Onion,1st Sort,FAQ,2500,3000,2700,04-Jan-25
22249,Ajmer,Madanganj Kishangarh,Onion,1st Sort,FAQ,2800,3500,3000,15-Jan-25
22250,Alappuzha,Madhavapuram,Onion,Other,FAQ,7500,8400,8000,07-Jan-25
22251,Alappuzha,Madhavapuram,Onion,Other,FAQ,8000,8400,8200,11-Jan-25
22252,Hardoi,Madhoganj,Onion,Red,FAQ,2400,2480,2440,13-Jan-25
22253,Chengalpattu,Madhuranthagam(Uzhavar Sandhai ),Onion,Bellary,Local,4000,4500,4500,22-Jan-25
22254,Chengalpattu,Madhuranthagam(Uzhavar Sandhai ),Onion,Bellary,Local,4000,5000,5000,23-Jan-25
22255,Panipat,Madlauda,Onion,Other,FAQ,2000,2000,2000,24-Jan-25
22256,Panipat,Madlauda,Onion,Other,FAQ,2500,2500,2500,06-Jan-25
22257,Hyderabad,Mahboob Manison,Onion,1st Sort,FAQ,2500,3600,2700,21-Jan-25
22258,Hyderabad,Mahboob Manison,Onion,1st Sort,Non-FAQ,300,2400,1800,27-Jan-25
22259,Hyderabad,Mahboob Manison,Onion,2nd Sort,FAQ,2200,2800,2600,23-Jan-25
22260,Hyderabad,Mahboob Manison,Onion,2nd Sort,Non-FAQ,300,1800,1400,21-Jan-25
22261,Hyderabad,Mahboob Manison,Onion,2nd Sort,Non-FAQ,400,2000,1600,30-Jan-25
22262,Mahoba,Mahoba,Onion,Red,FAQ,2350,2450,2390,19-Jan-25
22263,Bhavnagar,Mahuva(Station Road),Onion,Red,FAQ,750,2595,1675,30-Jan-25
22264,Bhavnagar,Mahuva(Station Road),Onion,White,FAQ,1040,2155,1595,13-Jan-25
22265,Khiri (Lakhimpur),Maigalganj,Onion,Red,FAQ,2930,3000,2960,31-Jan-25
22266,Mainpuri,Mainpuri,Onion,Red,FAQ,2100,2300,2200,01-Jan-25
22267,Mainpuri,Mainpuri,Onion,Red,FAQ,2175,2365,2280,22-Jan-25
22268,Sangrur,Malerkotla,Onion,Other,FAQ,1500,2000,1800,22-Jan-25
22269,Sangrur,Malerkotla,Onion,Other,FAQ,2000,3000,2500,15-Jan-25
22270,Sangrur,Malerkotla,Onion,Other,FAQ,2500,3200,2800,16-Jan-25
22271,Muktsar,Malout,Onion,Onion,FAQ,1000,1500,1200,11-Jan-25
22272,Kolar,Malur,Onion,Onion,FAQ,2500,3000,2700,30-Jan-25
22273,Ferozpur,Mamdot,Onion,Other,FAQ,2800,3000,2900,23-Jan-25
22274,Thiruchirappalli,Manachanallur(Uzhavar Sandhai ),Onion,Bellary,Local,4600,5800,5800,02-Jan-25
22275,Thiruchirappalli,Manapparai(Uzhavar Sandhai ),Onion,Bellary,Local,4000,5600,5600,10-Jan-25
22276,Neemuch,Manasa,Onion,Medium,FAQ,801,1282,1282,20-Jan-25
22277,Neemuch,Manasa,Onion,Onion,FAQ,100,1516,1516,18-Jan-25
22278,Neemuch,Manasa,Onion,Onion,FAQ,100,1535,1400,23-Jan-25
22279,Neemuch,Manasa,Onion,Onion,Non-FAQ,380,1781,1120,24-Jan-25
22280,Mandsaur,Mandsaur,Onion,Onion,FAQ,100,2581,1600,04-Jan-25
22281,Mandsaur,Mandsaur,Onion,Onion-Organic,FAQ,352,1880,500,04-Jan-25
22282,Sholapur,Mangal Wedha,Onion,Local,FAQ,600,2900,2200,19-Jan-25
22283,Haridwar,Manglaur,Onion,Other,FAQ,1500,1700,1600,12-Jan-25
22284,Nashik,Manmad,Onion,Red,FAQ,500,2610,2100,03-Jan-25
22285,Nashik,Manmad,Onion,Red,FAQ,500,2676,2100,23-Jan-25
22286,Thiruvarur,Mannargudi I(Uzhavar Sandhai ),Onion,Bellary,Local,4400,5600,5600,01-Feb-25
22287,Thiruvarur,Mannargudi I(Uzhavar Sandhai ),Onion,Bellary,Local,4400,5600,5600,03-Jan-25
22288,Thiruvarur,Mannargudi II(Uzhavar Sandhai ),Onion,Bellary,Local,4400,5600,5600,31-Jan-25
22289,Thiruvarur,Mannargudi II(Uzhavar Sandhai ),Onion,Bellary,Local,4400,6000,6000,25-Jan-25
22290,North Goa,Mapusa,Onion,Onion,FAQ,2500,2500,2500,04-Jan-25
22291,North Goa,Mapusa,Onion,Onion,FAQ,2500,2500,2500,09-Jan-25
22292,Mathura,Mathura,Onion,Red,FAQ,2150,2500,2300,10-Jan-25
22293,Mathura,Mathura,Onion,Red,FAQ,2200,2450,2320,22-Jan-25
22294,Nagapattinam,Mayiladuthurai(Uzhavar Sandhai ),Onion,Bellary,Local,3000,3500,3500,10-Jan-25
22295,Medinipur(W),Medinipur(West),Onion,Onion,FAQ,2400,2800,2600,30-Jan-25
22296,Medinipur(W),Medinipur(West),Onion,Onion,FAQ,2800,3300,3000,12-Jan-25
22297,Meerut,Meerut,Onion,Red,FAQ,2050,2150,2100,01-Feb-25
22298,Meerut,Meerut,Onion,Red,FAQ,2200,2350,2270,23-Jan-25
22299,Meerut,Meerut,Onion,Red,FAQ,2450,2550,2500,09-Jan-25
22300,Meerut,Meerut,Onion,Red,FAQ,2500,2630,2560,07-Jan-25
22301,Rohtak,Meham,Onion,Other,FAQ,1700,1700,1700,02-Jan-25
22302,Rohtak,Meham,Onion,Other,FAQ,2000,2000,2000,18-Jan-25
22303,Sitapur,Mehmoodabad,Onion,Red,FAQ,2310,2370,2340,18-Jan-25
22304,Sitapur,Mehmoodabad,Onion,Red,FAQ,2380,2430,2400,01-Jan-25
22305,Ranga Reddy,Mehndipatnam(Rythu Bazar),Onion,1st Sort,FAQ,3500,3500,3500,10-Jan-25
22306,Ranga Reddy,Mehndipatnam(Rythu Bazar),Onion,1st Sort,Non-FAQ,3500,3500,3500,29-Jan-25
22307,Mehsana,Mehsana(Mehsana Veg),Onion,Onion,FAQ,1250,2500,2000,29-Jan-25
22308,Coochbehar,Mekhliganj,Onion,Other,FAQ,2700,3000,2800,08-Jan-25
22309,Sepahijala,Melaghar,Onion,Red,FAQ,3300,3500,3400,04-Jan-25
22310,Sepahijala,Melaghar,Onion,Red,FAQ,3500,3700,3600,09-Jan-25
22311,Sepahijala,Melaghar,Onion,Red,Non-FAQ,3300,3500,3400,18-Jan-25
22312,Thirunelveli,Melapalayam(Uzhavar Sandhai ),Onion,Bellary,Local,3000,3600,3600,14-Jan-25
22313,Thirunelveli,Melapalayam(Uzhavar Sandhai ),Onion,Bellary,Local,3200,4000,4000,30-Jan-25
22314,Thirunelveli,Melapalayam(Uzhavar Sandhai ),Onion,Bellary,Local,3600,4000,4000,17-Jan-25
22315,Thirunelveli,Melapalayam(Uzhavar Sandhai ),Onion,Bellary,Local,3800,4000,4000,27-Jan-25
22316,Thirunelveli,Melapalayam(Uzhavar Sandhai ),Onion,Bellary,Local,4000,4400,4400,07-Jan-25
22317,Thirunelveli,Melapalayam(Uzhavar Sandhai ),Onion,Bellary,Local,4000,4500,4500,24-Jan-25
22318,Madurai,Melur(Uzhavar Sandhai ),Onion,Bellary,Local,4500,5200,5200,06-Jan-25
22319,Coimbatore,Mettupalayam(Uzhavar Sandhai ),Onion,Bellary,Local,4200,4600,4600,05-Jan-25
22320,Salem,Mettur(Uzhavar Sandhai ),Onion,Bellary,Local,4000,5500,5500,25-Jan-25
22321,Indore,Mhow(F&V),Onion,Onion,FAQ,900,1100,972,01-Jan-25
22322,Rampur,Milak,Onion,Red,FAQ,2200,2295,2250,18-Jan-25
22323,Rampur,Milak,Onion,Red,FAQ,2220,2300,2260,20-Jan-25
22324,Mirzapur,Mirzapur,Onion,Red,FAQ,2075,2150,2125,29-Jan-25
22325,Khiri (Lakhimpur),Mohammdi,Onion,Red,Non-FAQ,1800,1900,1850,01-Feb-25
22326,Namakkal,Mohanur(Uzhavar Sandhai ),Onion,Bellary,Local,4200,5000,5000,26-Jan-25
22327,Mahendragarh-Narnaul,Mohindergarh,Onion,Onion,FAQ,1400,2000,2000,03-Jan-25
22328,Mahendragarh-Narnaul,Mohindergarh,Onion,Onion,FAQ,2000,2000,2000,01-Jan-25
22329,Jalpaiguri,Moynaguri,Onion,Nasik,FAQ,2850,2950,2900,16-Jan-25
22330,Jalpaiguri,Moynaguri,Onion,Nasik,FAQ,2900,3000,3000,21-Jan-25
22331,Jaunpur,Mugrabaadshahpur,Onion,Red,FAQ,2040,2240,2140,28-Jan-25
22332,Jaunpur,Mugrabaadshahpur,Onion,Red,FAQ,2230,2430,2330,20-Jan-25
22333,Muktsar,Muktsar,Onion,Other,Non-FAQ,2500,3000,2800,17-Jan-25
22334,Idukki,Munnar,Onion,Small,FAQ,7000,10000,8000,20-Jan-25
22335,Sambhal,Muradabad,Onion,Red,FAQ,2250,2350,2300,14-Jan-25
22336,Thiruchirappalli,Musiri(Uzhavar Sandhai ),Onion,Bellary,Local,3500,6000,6000,11-Jan-25
22337,Thiruchirappalli,Musiri(Uzhavar Sandhai ),Onion,Bellary,Local,4000,5000,5000,26-Jan-25
22338,Hamirpur,Muskara,Onion,Red,FAQ,2300,2500,2400,13-Jan-25
22339,Yamuna Nagar,Mustafabad,Onion,Other,FAQ,2600,2800,2600,27-Jan-25
22340,Yamuna Nagar,Mustafabad,Onion,Other,FAQ,2600,3000,2600,14-Jan-25
22341,Thiruvarur,Muthupettai(Uzhavar Sandhai ),Onion,Bellary,Local,5000,5000,5000,11-Jan-25
22342,Nagercoil (Kannyiakumari),Myladi(Uzhavar Sandhai ),Onion,Bellary,Local,5000,6000,6000,03-Jan-25
22343,Patiala,Nabha,Onion,Other,FAQ,1800,3200,2600,04-Jan-25
22344,Nadia,Nadia,Onion,Other,FAQ,2700,2950,2800,19-Jan-25
22345,Nadia,Nadia,Onion,Other,Non-FAQ,2450,2750,2525,23-Jan-25
22346,Kheda,Nadiyad(Piplag),Onion,Onion,FAQ,1500,1600,1550,31-Jan-25
22347,Kheda,Nadiyad(Piplag),Onion,Onion,FAQ,1650,1900,1800,24-Jan-25
22348,Kheda,Nadiyad(Piplag),Onion,Onion,FAQ,2000,2500,2300,09-Jan-25
22349,Nagapattinam,Nagapattinam(Uzhavar Sandhai ),Onion,Bellary,Local,2500,3500,3500,20-Jan-25
22350,Nagpur,Nagpur,Onion,White,FAQ,1600,2600,2100,22-Jan-25
22351,Nagpur,Nagpur,Onion,White,FAQ,1600,2800,2500,13-Jan-25
22352,Namakkal,Namakkal(Uzhavar Sandhai ),Onion,Bellary,Local,3500,4000,4000,23-Jan-25
22353,Namakkal,Namakkal(Uzhavar Sandhai ),Onion,Bellary,Local,4000,4700,4700,31-Jan-25
22354,Namakkal,Namakkal(Uzhavar Sandhai ),Onion,Bellary,Local,4300,4700,4700,27-Jan-25
22355,Bilaspur,Namhol(Bilaspur),Onion,Other,FAQ,2800,3000,2900,20-Jan-25
22356,Nashik,Nampur,Onion,Red,FAQ,300,2365,1800,22-Jan-25
22357,Nashik,Nandgaon,Onion,Red,FAQ,100,2000,1350,13-Jan-25
22358,Nashik,Nandgaon,Onion,Red,FAQ,200,2415,1750,03-Jan-25
22359,Nashik,Nandgaon,Onion,Red,FAQ,210,2651,1850,01-Jan-25
22360,Chengalpattu,Nanganallur(Uzhavar Sandhai ),Onion,Bellary,Local,3500,4500,4500,07-Jan-25
22361,Ambala,Naraingarh,Onion,Onion,FAQ,2000,2000,2000,16-Jan-25
22362,Ambala,Naraingarh,Onion,Onion,FAQ,2000,2200,2150,08-Jan-25
22363,Thiruvellore,Naravarikuppam(Uzhavar Sandhai ),Onion,Bellary,Local,5000,5000,5000,28-Jan-25
22364,Mahendragarh-Narnaul,Narnaul,Onion,Onion,Non-FAQ,1500,1500,1500,01-Feb-25
22365,Rajgarh,Narsinghgarh,Onion,Onion,Non-FAQ,300,1780,1700,31-Jan-25
22366,Jammu,Narwal Jammu (F&V),Onion,Other,FAQ,2500,3000,2750,17-Jan-25
22367,Jind,Narwana,Onion,Other,FAQ,2000,2000,2000,19-Jan-25
22368,Jind,Narwana,Onion,Other,FAQ,2000,2000,2000,27-Jan-25
22369,Nashik,Nasik,Onion,Pole,FAQ,1050,2300,1800,10-Jan-25
22370,Nashik,Nasik,Onion,Pole,FAQ,1100,2701,2300,01-Jan-25
22371,Maharajganj,Nautnava,Onion,Red,FAQ,2000,2200,2100,06-Jan-25
22372,Gonda,Nawabganj,Onion,Red,FAQ,2150,2250,2200,28-Jan-25
22373,Gonda,Nawabganj,Onion,Red,FAQ,2240,2320,2280,20-Jan-25
22374,Gonda,Nawabganj,Onion,Red,FAQ,2450,2550,2500,15-Jan-25
22375,Nawanshahr,Nawan Shahar(Subzi Mandi),Onion,Other,FAQ,2500,2700,2600,02-Jan-25
22376,Nawanshahr,Nawan Shahar(Subzi Mandi),Onion,Other,FAQ,2500,2700,2600,08-Jan-25
22377,Idukki,Nedumkandam,Onion,Big,FAQ,4000,4000,4000,29-Jan-25
22378,Thiruvarur,Needamangalam(Uzhavar Sandhai ),Onion,Bellary,Local,5400,5400,5400,01-Feb-25
22379,Thiruvarur,Needamangalam(Uzhavar Sandhai ),Onion,Bellary,Local,5800,5800,5800,22-Jan-25
22380,Neemuch,Neemuch,Onion,Onion,FAQ,350,1581,1390,31-Jan-25
22381,Neemuch,Neemuch,Onion,Onion,Non-FAQ,1000,2110,1490,29-Jan-25
22382,Panchkula,"New Grain Market , Panchkula",Onion,Other,FAQ,2500,3500,3000,09-Jan-25
22383,Karnal,"New Grain Market(main), Karnal",Onion,Other,FAQ,1400,2200,1800,13-Jan-25
22384,Ahmednagar,Newasa(Ghodegaon),Onion,Red,FAQ,1000,3000,2500,18-Jan-25
22385,Thirunelveli,NGO Colony(Uzhavar Sandhai ),Onion,Bellary,Local,3000,4000,4000,28-Jan-25
22386,Thirunelveli,NGO Colony(Uzhavar Sandhai ),Onion,Bellary,Local,3000,4400,4400,04-Jan-25
22387,Thirunelveli,NGO Colony(Uzhavar Sandhai ),Onion,Bellary,Local,3000,4400,4400,05-Jan-25
22388,Thirunelveli,NGO Colony(Uzhavar Sandhai ),Onion,Bellary,Local,3500,4400,4400,11-Jan-25
22389,Thirunelveli,NGO Colony(Uzhavar Sandhai ),Onion,Bellary,Local,4000,4300,4300,26-Jan-25
22390,Moga,Nihal Singh Wala,Onion,Other,FAQ,2500,3200,2800,20-Jan-25
22391,Moga,Nihal Singh Wala,Onion,Other,FAQ,2800,3400,3000,02-Jan-25
22392,Ghaziabad,Noida,Onion,Red,FAQ,2125,2200,2125,01-Feb-25
22393,Ghaziabad,Noida,Onion,Red,FAQ,2170,2320,2230,25-Jan-25
22394,Mewat,Nuh,Onion,Other,Non-FAQ,1700,2000,2000,24-Jan-25
22395,Mewat,Nuh,Onion,Other,Non-FAQ,1800,2000,2000,18-Jan-25
22396,Ahmednagar,Om Chaitanya Multistate Agro Purpose CoOp Society ,Onion,Red,FAQ,500,3000,2400,24-Jan-25
22397,Kancheepuram,Padappai(Uzhavar Sandhai ),Onion,Bellary,Local,3500,4000,4000,29-Jan-25
22398,Kancheepuram,Padappai(Uzhavar Sandhai ),Onion,Bellary,Local,4500,5000,5000,19-Jan-25
22399,Kottayam,Pala,Onion,Big,FAQ,4300,5000,4500,13-Jan-25
22400,Kottayam,Pala,Onion,Big,FAQ,4300,5000,4500,14-Jan-25
22401,Kottayam,Pala,Onion,Big,Non-FAQ,9800,10400,10000,19-Jan-25
22402,Palakad,Palakkad,Onion,Big,FAQ,4500,5500,5100,06-Jan-25
22403,Palakad,Palakkad,Onion,Small,FAQ,8600,10000,9400,25-Jan-25
22404,Palakad,Palakkad,Onion,Small,FAQ,8800,10000,9500,03-Jan-25
22405,Palakad,Palakkad,Onion,Small,FAQ,9000,10000,9600,06-Jan-25
22406,Palakad,Palakkad,Onion,Small,FAQ,9000,10000,9600,17-Jan-25
22407,Palakad,Palakkad,Onion,Small,FAQ,10000,11000,10600,22-Jan-25
22408,Kangra,Palampur,Onion,Other,FAQ,2900,3000,2950,21-Jan-25
22409,Kangra,Palampur,Onion,Other,FAQ,3000,3200,3100,13-Jan-25
22410,Kangra,Palampur,Onion,Other,FAQ,3000,3300,3100,10-Jan-25
22411,Madurai,Palanganatham(Uzhavar Sandhai ),Onion,Bellary,Local,4000,5000,5000,14-Jan-25
22412,Madurai,Palanganatham(Uzhavar Sandhai ),Onion,Bellary,Local,4000,5000,5000,25-Jan-25
22413,Madurai,Palanganatham(Uzhavar Sandhai ),Onion,Bellary,Local,4000,5400,5400,08-Jan-25
22414,Madurai,Palanganatham(Uzhavar Sandhai ),Onion,Bellary,Local,4500,5000,5000,24-Jan-25
22415,Madurai,Palanganatham(Uzhavar Sandhai ),Onion,Bellary,Local,4500,5000,5000,31-Jan-25
22416,Dindigul,Palani(Uzhavar Sandhai ),Onion,Bellary,Local,3000,5000,5000,01-Jan-25
22417,Dindigul,Palani(Uzhavar Sandhai ),Onion,Bellary,Local,3000,5400,5400,07-Jan-25
22418,Thirunelveli,Palayamkottai(Uzhavar Sandhai ),Onion,Bellary,Local,3000,4400,4400,06-Jan-25
22419,Thirunelveli,Palayamkottai(Uzhavar Sandhai ),Onion,Bellary,Local,3200,4000,4000,17-Jan-25
22420,Chengalpattu,Pallavaram(Uzhavar Sandhai ),Onion,Bellary,Local,3000,5000,5000,01-Jan-25
22421,Kottayam,Pampady,Onion,Big,FAQ,4000,5000,4500,29-Jan-25
22422,Balrampur,Panchpedwa,Onion,Red,FAQ,2000,2200,2100,30-Jan-25
22423,Balrampur,Panchpedwa,Onion,Red,Non-FAQ,1800,2000,1900,31-Jan-25
22424,Hooghly,Pandua,Onion,Nasik,FAQ,2700,2800,2750,20-Jan-25
22425,Hooghly,Pandua,Onion,Nasik,FAQ,2700,2900,2800,29-Jan-25
22426,Panipat,Panipat,Onion,Other,FAQ,1000,2000,1500,09-Jan-25
22427,Panipat,Panipat,Onion,Other,FAQ,1200,1400,1300,29-Jan-25
22428,North Tripura,Panisagar,Onion,Nasik,FAQ,3400,3500,3450,24-Jan-25
22429,North Tripura,Panisagar,Onion,Nasik,FAQ,3400,3500,3450,31-Jan-25
22430,North Tripura,Panisagar,Onion,Nasik,FAQ,3500,3600,3500,21-Jan-25
22431,North Tripura,Panisagar,Onion,Nasik,FAQ,3700,3800,3750,11-Jan-25
22432,North Tripura,Panisagar,Onion,Nasik,FAQ,3900,4000,3950,15-Jan-25
22433,Cuddalore,Panruti(Uzhavar Sandhai ),Onion,Bellary,Local,3500,4000,4000,11-Jan-25
22434,Thanjavur,Papanasam(Uzhavar Sandhai ),Onion,Bellary,Local,3600,4800,4800,11-Jan-25
22435,Ramanathapuram,Paramakudi(Uzhavar Sandhai ),Onion,Bellary,Local,5000,5500,5500,24-Jan-25
22436,Ramanathapuram,Paramakudi(Uzhavar Sandhai ),Onion,Bellary,Local,5500,6000,6000,20-Jan-25
22437,Namakkal,Paramathivelur(Uzhavar Sandhai ),Onion,Bellary,Local,4500,5000,5000,25-Jan-25
22438,Dharashiv(Usmanabad),Paranda,Onion,Red,FAQ,850,2700,1800,17-Jan-25
22439,Malappuram,Parappanangadi,Onion,Other,FAQ,3400,3500,3500,29-Jan-25
22440,Malappuram,Parappanangadi,Onion,Small,FAQ,9000,9100,9100,23-Jan-25
22441,Srinagar,Parimpore,Onion,Other,FAQ,2500,2900,2700,21-Jan-25
22442,Maharajganj,Partaval,Onion,Red,FAQ,2175,2325,2250,27-Jan-25
22443,Thiruvellore,Paruthipattu(Uzhavar Sandhai ),Onion,Bellary,Local,4000,4000,4000,04-Jan-25
22444,Thiruvellore,Paruthipattu(Uzhavar Sandhai ),Onion,Bellary,Local,4000,4000,4000,10-Jan-25
22445,Gurgaon,Pataudi,Onion,Other,FAQ,2000,2200,2100,09-Jan-25
22446,Patiala,Patiala,Onion,Onion,FAQ,1600,2000,1800,30-Jan-25
22447,Patiala,Patran,Onion,Other,FAQ,1000,2400,1970,22-Jan-25
22448,Palakad,Pattambi,Onion,Big,FAQ,3800,4000,3900,07-Jan-25
22449,Palakad,Pattambi,Onion,Big,FAQ,4200,4500,4300,23-Jan-25
22450,Palakad,Pattambi,Onion,Small,FAQ,8000,9000,8500,22-Jan-25
22451,Tarntaran,Patti,Onion,Other,FAQ,1800,2200,2000,20-Jan-25
22452,Tarntaran,Patti,Onion,Other,FAQ,2000,2400,2200,27-Jan-25
22453,Tarntaran,Patti,Onion,Other,FAQ,2800,3000,3000,11-Jan-25
22454,Kurnool,Pattikonda,Onion,Local,FAQ,4000,4500,4200,16-Jan-25
22455,Thanjavur,Pattukottai(Uzhavar Sandhai ),Onion,Bellary,Local,4000,5000,5000,19-Jan-25
22456,Thanjavur,Pattukottai(Uzhavar Sandhai ),Onion,Bellary,Local,4000,5000,5000,30-Jan-25
22457,Shravasti,Payagpur,Onion,Red,FAQ,2300,2500,2400,27-Jan-25
22458,Kurukshetra,Pehowa,Onion,Other,FAQ,1900,1920,1900,16-Jan-25
22459,Dharmapuri,Pennagaram(Uzhavar Sandhai ),Onion,Bellary,Local,5500,5800,5800,09-Jan-25
22460,Thiruvellore,Perambakkam(Uzhavar Sandhai ),Onion,Bellary,Local,4000,4000,4000,03-Jan-25
22461,Perambalur,Perambalur(Uzhavar Sandhai ),Onion,Bellary,Local,4800,5000,5000,16-Jan-25
22462,Perambalur,Perambalur(Uzhavar Sandhai ),Onion,Bellary,Local,4800,5000,5000,17-Jan-25
22463,Kozhikode(Calicut),Perambra,Onion,Other,FAQ,3600,4000,3800,29-Jan-25
22464,Kozhikode(Calicut),Perambra,Onion,Other,FAQ,3800,4000,4000,03-Jan-25
22465,Malappuram,Perinthalmanna,Onion,Onion,FAQ,3000,3600,3400,30-Jan-25
22466,Ernakulam,Perumbavoor,Onion,Onion,FAQ,3700,4700,4000,27-Jan-25
22467,Ernakulam,Perumbavoor,Onion,Onion,Non-FAQ,3000,4000,3500,17-Jan-25
22468,Erode,Perundurai(Uzhavar Sandhai ),Onion,Bellary,Local,4000,4500,4500,27-Jan-25
22469,kapurthala,Phagwara,Onion,Other,FAQ,1987,2528,1987,15-Jan-25
22470,kapurthala,Phagwara,Onion,Other,FAQ,2100,2400,2220,20-Jan-25
22471,Jalandhar,Phillaur(Apra Mandi),Onion,Other,FAQ,2500,2500,2500,12-Jan-25
22472,Jalandhar,Phillaur(Apra Mandi),Onion,Other,FAQ,2500,2500,2500,23-Jan-25
22473,Jalandhar,Phillaur(Apra Mandi),Onion,Other,FAQ,2500,2500,2500,25-Jan-25
22474,Pillibhit,Pilibhit,Onion,Red,FAQ,2200,2280,2240,07-Jan-25
22475,Nashik,Pimpalgaon,Onion,Pole,FAQ,500,2386,2000,16-Jan-25
22476,Hoshangabad,Pipariya(F&V),Onion,Onion,FAQ,1350,2600,2000,30-Jan-25
22477,Hoshangabad,Pipariya(F&V),Onion,Onion,FAQ,1450,2800,2200,27-Jan-25
22478,Ernakulam,Piravam,Onion,Big,FAQ,4500,6000,5500,15-Jan-25
22479,Ernakulam,Piravam,Onion,Big,FAQ,5000,7000,6000,22-Jan-25
22480,Bhojpur,Piro,Onion,Medium,FAQ,3000,3040,3020,17-Jan-25
22481,Thiruvannamalai,Polur(Uzhavar Sandhai ),Onion,Bellary,Local,3600,4000,4000,10-Jan-25
22482,Thiruvannamalai,Polur(Uzhavar Sandhai ),Onion,Bellary,Local,3600,4000,4000,16-Jan-25
22483,Thiruvannamalai,Polur(Uzhavar Sandhai ),Onion,Bellary,Local,4000,4500,4500,20-Jan-25
22484,Thiruvannamalai,Polur(Uzhavar Sandhai ),Onion,Bellary,Local,4200,5000,5000,27-Jan-25
22485,Porbandar,Porbandar,Onion,Other,FAQ,1500,2500,2000,27-Jan-25
22486,Thiruvananthapuram,Pothencode,Onion,Other,FAQ,51000,51080,51040,06-Jan-25
22487,Thiruvananthapuram,Pothencode,Onion,Other,FAQ,55250,55300,55280,08-Jan-25
22488,Pratapgarh,Pratapgarh,Onion,Other,FAQ,700,2200,1831,28-Jan-25
22489,Pratapgarh,Pratapgarh,Onion,Red,FAQ,2000,2200,2080,18-Jan-25
22490,Pudukkottai,Pudukottai(Uzhavar Sandhai ),Onion,Bellary,Local,5000,6000,6000,11-Jan-25
22491,Kanpur Dehat,Pukharayan,Onion,Red,FAQ,2080,2120,2100,29-Jan-25
22492,Kanpur Dehat,Pukharayan,Onion,Red,FAQ,2475,2530,2500,03-Jan-25
22493,Kollam,Punalur,Onion,Onion,FAQ,3500,4000,3800,29-Jan-25
22494,Kaithal,Pundri,Onion,Other,FAQ,2000,2100,2050,06-Jan-25
22495,Kaithal,Pundri,Onion,Other,FAQ,2100,2300,2200,14-Jan-25
22496,Kaithal,Pundri,Onion,Other,FAQ,2300,2400,2350,05-Jan-25
22497,Kaithal,Pundri,Onion,Other,FAQ,2900,3000,2950,03-Jan-25
22498,Kaithal,Pundri,Onion,Other,Non-FAQ,1900,2000,1950,17-Jan-25
22499,Pune,Pune,Onion,Local,FAQ,1600,3200,2400,20-Jan-25
22500,Pune,Pune(Manjri),Onion,Local,FAQ,2600,3100,2800,23-Jan-25
22501,Pune,Pune(Manjri),Onion,Local,Local,2200,3500,2800,27-Jan-25
22502,Mewat,Punhana,Onion,Other,FAQ,2000,2000,2000,08-Jan-25
22503,Mewat,Punhana,Onion,Other,FAQ,2000,2000,2000,13-Jan-25
22504,Mewat,Punhana,Onion,Other,FAQ,2000,2000,2000,14-Jan-25
22505,Mewat,Punhana,Onion,Other,FAQ,2000,2000,2000,19-Jan-25
22506,Mewat,Punhana,Onion,Other,FAQ,2000,2000,2000,22-Jan-25
22507,Mewat,Punhana,Onion,Other,FAQ,2000,2000,2000,27-Jan-25
22508,Mewat,Punhana,Onion,Other,FAQ,2000,2500,2200,06-Jan-25
22509,Pillibhit,Puranpur,Onion,Red,FAQ,2160,2240,2200,01-Feb-25
22510,Pillibhit,Puranpur,Onion,Red,FAQ,2170,2250,2210,16-Jan-25
22511,Pillibhit,Puranpur,Onion,Red,FAQ,2290,2370,2330,02-Jan-25
22512,Puruliya,Purulia,Onion,Other,FAQ,2400,3000,2800,15-Jan-25
22513,Unnao,Purwa,Onion,Red,FAQ,2400,2550,2450,10-Jan-25
22514,Shahjahanpur,Puwaha,Onion,Red,FAQ,2150,2350,2250,24-Jan-25
22515,Kozhikode(Calicut),Quilandy,Onion,Other,FAQ,4000,4200,4200,27-Jan-25
22516,Yamuna Nagar,Radaur,Onion,Other,FAQ,2000,2000,2000,01-Jan-25
22517,Yamuna Nagar,Radaur,Onion,Other,FAQ,2000,2500,2200,21-Jan-25
22518,Yamuna Nagar,Radaur,Onion,Other,FAQ,2800,3000,2900,17-Jan-25
22519,Ahmednagar,Rahata,Onion,Red,FAQ,400,3000,2200,21-Jan-25
22520,Ahmednagar,Rahuri(Vambori),Onion,Other,Local,200,2600,1700,30-Jan-25
22521,Ahmednagar,Rahuri(Vambori),Onion,Red,FAQ,200,3100,2100,23-Jan-25
22522,Panchkula,Raipur Rai,Onion,Other,FAQ,2500,2600,2500,15-Jan-25
22523,Panchkula,Raipur Rai,Onion,Other,FAQ,2500,2800,2500,19-Jan-25
22524,Panchkula,Raipur Rai,Onion,Other,FAQ,2500,2800,2500,22-Jan-25
22525,Panchkula,Raipur Rai,Onion,Other,FAQ,2500,2800,2500,27-Jan-25
22526,Virudhunagar,Rajapalayam(Uzhavar Sandhai ),Onion,Bellary,Local,4000,5000,5000,26-Jan-25
22527,Rajkot,Rajkot(Veg.Sub Yard),Onion,Onion,FAQ,600,2000,1550,11-Jan-25
22528,Rajnandgaon,Rajnandgaon,Onion,Onion,Non-FAQ,2000,2200,2100,30-Jan-25
22529,Rajnandgaon,Rajnandgaon,Onion,Onion,Non-FAQ,2000,2500,2300,25-Jan-25
22530,Rajouri,Rajouri (F&V),Onion,Other,FAQ,3200,3400,3300,18-Jan-25
22531,Bhatinda,Raman,Onion,Other,FAQ,2310,2370,2345,13-Jan-25
22532,Bhatinda,Raman,Onion,Other,FAQ,2315,2375,2335,14-Jan-25
22533,Bhatinda,Raman,Onion,Other,FAQ,2320,2370,2350,01-Feb-25
22534,Ramanathapuram,Ramanathapuram(Uzhavar Sandhai ),Onion,Bellary,Local,4500,5000,5000,06-Jan-25
22535,Ramanathapuram,Ramanathapuram(Uzhavar Sandhai ),Onion,Bellary,Local,5000,5500,5500,23-Jan-25
22536,Howrah,Ramkrishanpur(Howrah),Onion,Other,FAQ,3000,3800,3500,05-Jan-25
22537,Howrah,Ramkrishanpur(Howrah),Onion,Other,FAQ,3200,3800,3400,09-Jan-25
22538,Howrah,Ramkrishanpur(Howrah),Onion,Other,FAQ,3200,3800,3500,18-Jan-25
22539,Howrah,Ramkrishanpur(Howrah),Onion,Other,FAQ,3200,3800,3600,01-Feb-25
22540,Rampur,Rampur,Onion,Red,FAQ,2110,2200,2150,01-Feb-25
22541,Rampur,Rampur,Onion,Red,FAQ,2150,2250,2200,23-Jan-25
22542,Bhatinda,Rampuraphul(Nabha Mandi),Onion,Other,FAQ,3000,4000,3500,07-Jan-25
22543,Nagpur,Ramtek,Onion,Other,FAQ,2200,2800,2400,11-Jan-25
22544,Sirsa,Rania,Onion,Other,FAQ,1600,1800,1700,19-Jan-25
22545,Ranipet,Ranipettai(Uzhavar Sandhai ),Onion,Bellary,Local,3500,4000,4000,19-Jan-25
22546,Ranipet,Ranipettai(Uzhavar Sandhai ),Onion,Bellary,Local,4500,4500,4500,27-Jan-25
22547,Ballia,Rasda,Onion,Red,FAQ,2080,2200,2145,30-Jan-25
22548,Ballia,Rasda,Onion,Red,FAQ,2110,2245,2180,06-Jan-25
22549,Ballia,Rasda,Onion,Red,FAQ,2275,2410,2350,16-Jan-25
22550,Ballia,Rasda,Onion,Red,FAQ,2420,2545,2490,08-Jan-25
22551,Namakkal,Rasipuram(Uzhavar Sandhai ),Onion,Bellary,Local,4400,5000,5000,21-Jan-25
22552,Namakkal,Rasipuram(Uzhavar Sandhai ),Onion,Bellary,Local,4800,5500,5500,09-Jan-25
22553,Ratlam,Ratlam,Onion,Nasik,FAQ,150,2200,500,24-Jan-25
22554,Ratlam,Ratlam,Onion,Nasik,FAQ,550,1726,1602,28-Jan-25
22555,Ratlam,Ratlam,Onion,Onion,FAQ,300,2100,1301,15-Jan-25
22556,Ratlam,Ratlam,Onion,Onion,Non-FAQ,151,8201,1900,27-Jan-25
22557,Hanumangarh,Rawatsar,Onion,1st Sort,FAQ,1800,1800,1800,10-Jan-25
22558,Hanumangarh,Rawatsar,Onion,1st Sort,FAQ,1900,1900,1900,11-Jan-25
22559,Hanumangarh,Rawatsar,Onion,1st Sort,FAQ,2100,2100,2100,02-Jan-25
22560,Hanumangarh,Rawatsar,Onion,1st Sort,FAQ,2100,2100,2100,16-Jan-25
22561,Hanumangarh,Rawatsar,Onion,1st Sort,FAQ,2250,2250,2250,21-Jan-25
22562,Amritsar,Rayya,Onion,Red,FAQ,1800,1800,1800,27-Jan-25
22563,Amritsar,Rayya,Onion,Red,FAQ,2000,2000,2000,13-Jan-25
22564,Amritsar,Rayya,Onion,Red,FAQ,2000,2000,2000,15-Jan-25
22565,Amritsar,Rayya,Onion,Red,FAQ,2800,2800,2800,01-Feb-25
22566,Rewari,Rewari,Onion,Medium,Non-FAQ,1500,3200,2500,19-Jan-25
22567,Dehradoon,Rishikesh,Onion,Other,Non-FAQ,2200,2500,2350,29-Jan-25
22568,Sonbhadra,Robertsganj,Onion,Red,FAQ,2360,2550,2430,12-Jan-25
22569,Sonbhadra,Robertsganj,Onion,Red,Non-FAQ,2035,2200,2110,27-Jan-25
22570,Shimla,Rohroo,Onion,1st Sort,FAQ,3500,4000,3500,15-Jan-25
22571,Shimla,Rohroo,Onion,1st Sort,FAQ,3500,4000,3500,18-Jan-25
22572,Rohtak,Rohtak,Onion,Other,FAQ,800,1500,1000,15-Jan-25
22573,Rohtak,Rohtak,Onion,Other,FAQ,800,1500,1000,18-Jan-25
22574,Haridwar,Roorkee,Onion,Other,FAQ,2000,4000,3000,21-Jan-25
22575,Ropar (Rupnagar),Ropar,Onion,Other,FAQ,2200,2600,2400,25-Jan-25
22576,Coimbatore,RSPuram(Uzhavar Sandhai ),Onion,Bellary,Local,3800,4300,4300,25-Jan-25
22577,Coimbatore,RSPuram(Uzhavar Sandhai ),Onion,Bellary,Local,4000,4300,4300,24-Jan-25
22578,Ayodhya,Rudauli,Onion,Red,FAQ,2200,2400,2300,28-Jan-25
22579,Yamuna Nagar,Sadhaura,Onion,Onion,FAQ,1500,2500,2000,27-Jan-25
22580,Yamuna Nagar,Sadhaura,Onion,Onion,Non-FAQ,1800,2500,2200,01-Feb-25
22581,Barabanki,Safdarganj,Onion,Red,FAQ,2300,2400,2350,09-Jan-25
22582,Barabanki,Safdarganj,Onion,Red,FAQ,2350,2450,2400,06-Jan-25
22583,Jind,Safidon,Onion,Other,Non-FAQ,2000,2000,2000,01-Feb-25
22584,Saharanpur,Saharanpur,Onion,Red,FAQ,2400,2800,2600,08-Jan-25
22585,Siddharth Nagar,Sahiyapur,Onion,Red,FAQ,1500,1850,1560,30-Jan-25
22586,Siddharth Nagar,Sahiyapur,Onion,Red,FAQ,1600,1700,1650,15-Jan-25
22587,Siddharth Nagar,Sahiyapur,Onion,Red,FAQ,1800,1890,1850,07-Jan-25
22588,Ratlam,Sailana,Onion,Medium,FAQ,650,2001,2001,23-Jan-25
22589,Ratlam,Sailana,Onion,Medium,FAQ,750,2100,2100,29-Jan-25
22590,Ratlam,Sailana(F&V),Onion,Local,FAQ,600,2000,1300,20-Jan-25
22591,Ratlam,Sailana(F&V),Onion,Local,FAQ,600,2260,1430,01-Feb-25
22592,Birbhum,Sainthia,Onion,Onion,FAQ,2600,2800,2700,29-Jan-25
22593,Raebarelli,Salon,Onion,1st Sort,FAQ,2550,2560,2555,04-Jan-25
22594,Raebarelli,Salon,Onion,1st Sort,Non-FAQ,2300,2325,2320,24-Jan-25
22595,Raebarelli,Salon,Onion,1st Sort,Non-FAQ,2375,2410,2400,22-Jan-25
22596,Sambhal,Sambhal,Onion,Red,FAQ,1200,1550,1400,25-Jan-25
22597,Sambhal,Sambhal,Onion,Red,FAQ,1200,1550,1400,26-Jan-25
22598,Sambhal,Sambhal,Onion,Red,FAQ,1200,1650,1400,31-Jan-25
22599,Erode,Sampath Nagar(Uzhavar Sandhai ),Onion,Bellary,Local,4000,4800,4800,28-Jan-25
22600,Rohtak,Sampla,Onion,Other,FAQ,3500,3500,3500,20-Jan-25
22601,Ludhiana,Samrala,Onion,Other,FAQ,2000,2500,2200,07-Jan-25
22602,Agra,Samsabad,Onion,Red,FAQ,2100,2300,2200,11-Jan-25
22603,Malda,Samsi,Onion,Onion,FAQ,2500,3000,2700,05-Jan-25
22604,Malda,Samsi,Onion,Onion,FAQ,2700,3000,2800,02-Jan-25
22605,Khandwa,Sanawad(F&V),Onion,Onion,FAQ,1500,2000,1800,21-Jan-25
22606,Khandwa,Sanawad(F&V),Onion,Onion,FAQ,1800,2500,2000,17-Jan-25
22607,Khandwa,Sanawad(F&V),Onion,Onion,FAQ,2000,3000,2500,07-Jan-25
22608,Khandwa,Sanawad(F&V),Onion,Onion,FAQ,2000,3000,2500,22-Jan-25
22609,Hardoi,Sandi,Onion,Pusa-Red,FAQ,2270,2350,2310,21-Jan-25
22610,Hardoi,Sandi,Onion,Pusa-Red,FAQ,2500,2600,2565,06-Jan-25
22611,Hardoi,Sandila,Onion,Red,FAQ,2270,2350,2310,21-Jan-25
22612,Hardoi,Sandila,Onion,Red,FAQ,2500,2600,2550,07-Jan-25
22613,Ahmednagar,Sangamner,Onion,Red,FAQ,500,3501,2000,06-Jan-25
22614,Ahmednagar,Sangamner,Onion,Red,FAQ,500,3511,2006,07-Jan-25
22615,Ahmednagar,Sangamner,Onion,Red,Local,500,3000,1750,31-Jan-25
22616,Sangli,"Sangli(Phale, Bhajipura Market)",Onion,Local,FAQ,1000,3400,2200,25-Jan-25
22617,Hanumangarh,Sangriya,Onion,Onion,FAQ,2200,3400,2700,10-Jan-25
22618,Tenkasi,Sankarankoil(Uzhavar Sandhai ),Onion,Bellary,Local,4000,5000,5000,04-Jan-25
22619,Tenkasi,Sankarankoil(Uzhavar Sandhai ),Onion,Bellary,Local,4500,5000,5000,21-Jan-25
22620,Kallakuruchi,Sankarapuram(Uzhavar Sandhai ),Onion,Bellary,Local,4000,5000,5000,29-Jan-25
22621,Sundergarh,Sargipali,Onion,Other,FAQ,3000,3400,3200,14-Jan-25
22622,Sundergarh,Sargipali,Onion,Other,FAQ,3000,3500,3200,10-Jan-25
22623,Sundergarh,Sargipali,Onion,Other,Non-FAQ,2500,3000,2800,29-Jan-25
22624,Rohtas,Sasaram,Onion,Medium,FAQ,2000,2400,2200,01-Jan-25
22625,Rohtas,Sasaram,Onion,Medium,FAQ,2100,2600,2300,01-Feb-25
22626,Rohtas,Sasaram,Onion,Medium,FAQ,2500,2900,2700,13-Jan-25
22627,Satara,Satara,Onion,Other,Local,1000,3200,2100,25-Jan-25
22628,Erode,Sathiyamagalam(Uzhavar Sandhai ),Onion,Bellary,Local,4300,4700,4700,14-Jan-25
22629,Gorakhpur,Sehjanwa,Onion,Red,FAQ,2390,2405,2400,10-Jan-25
22630,Gorakhpur,Sehjanwa,Onion,Red,FAQ,2490,2505,2500,13-Jan-25
22631,Hathras,Shadabad,Onion,Red,FAQ,2100,2200,2150,03-Jan-25
22632,Hathras,Shadabad,Onion,Red,FAQ,3100,3200,3150,23-Jan-25
22633,Hathras,Shadabad,Onion,Red,FAQ,3100,3200,3150,31-Jan-25
22634,Kurukshetra,Shahabad,Onion,Onion,FAQ,1900,2500,2000,23-Jan-25
22635,Kurukshetra,Shahabad,Onion,Onion,FAQ,2500,3000,2700,01-Jan-25
22636,Kurukshetra,Shahabad,Onion,Onion,Non-FAQ,1700,2200,2000,30-Jan-25
22637,Hardoi,Shahabad(New Mandi),Onion,Red,FAQ,2250,2350,2300,28-Jan-25
22638,Delhi,Shahdara,Onion,Other,Non-FAQ,2100,2800,2400,29-Jan-25
22639,Jaunpur,Shahganj,Onion,Red,FAQ,2450,2600,2520,14-Jan-25
22640,Shahjahanpur,Shahjahanpur,Onion,Red,FAQ,2200,2300,2250,08-Jan-25
22641,Ambala,Shahzadpur,Onion,Local,FAQ,2000,2000,2000,24-Jan-25
22642,Shajapur,Shajapur,Onion,Medium,Non-FAQ,520,1706,1395,28-Jan-25
22643,Mandsaur,Shamgarh,Onion,Onion,FAQ,320,2200,2200,20-Jan-25
22644,Shamli,Shamli,Onion,Red,FAQ,2300,2400,2340,21-Jan-25
22645,Shamli,Shamli,Onion,Red,FAQ,2350,2450,2400,15-Jan-25
22646,Shamli,Shamli,Onion,Red,FAQ,2350,2450,2400,17-Jan-25
22647,Shamli,Shamli,Onion,Red,Non-FAQ,2250,2350,2300,23-Jan-25
22648,Sheohar,Sheohar,Onion,Medium,FAQ,3000,3300,3200,17-Jan-25
22649,Sheohar,Sheohar,Onion,Medium,FAQ,3000,3300,3200,30-Jan-25
22650,Hooghly,Sheoraphuly,Onion,Nasik,FAQ,2800,3200,3000,03-Jan-25
22651,Hooghly,Sheoraphuly,Onion,Nasik,FAQ,3100,3300,3200,29-Jan-25
22652,Ahmednagar,Shevgaon,Onion,Other,FAQ,300,900,700,13-Jan-25
22653,Ahmednagar,Shevgaon,Onion,Other,FAQ,500,1200,1200,25-Jan-25
22654,Dhule,Shirpur,Onion,Red,FAQ,155,2050,1600,18-Jan-25
22655,Pune,Shirur,Onion,Other,FAQ,1000,3500,2500,19-Jan-25
22656,Nashik,Shivsiddha Govind Producer Company Limited Sanchal,Onion,Red,FAQ,2100,2900,2550,27-Jan-25
22657,Ahmednagar,Shree Sairaj Krushi Market,Onion,Local,FAQ,400,2600,1500,13-Jan-25
22658,Ahmednagar,Shrigonda,Onion,Other,Local,300,2800,2200,28-Jan-25
22659,Shajapur,Shujalpur(F&V),Onion,Onion,FAQ,800,2040,1300,22-Jan-25
22660,Bulandshahar,Sikanderabad,Onion,Medium,FAQ,2000,2400,2200,06-Jan-25
22661,Sikar,Sikar,Onion,Onion,FAQ,1000,1800,1400,20-Jan-25
22662,Bulandshahar,Sikarpur,Onion,Red,FAQ,1300,1500,1400,17-Jan-25
22663,Gomati,Silachhari,Onion,Nasik,FAQ,3600,4000,3800,08-Jan-25
22664,Darjeeling,Siliguri,Onion,Other,FAQ,2500,2700,2600,12-Jan-25
22665,Sivaganga,Singampunari(Uzhavar Sandhai ),Onion,Bellary,Local,4500,5000,5000,06-Jan-25
22666,Coimbatore,Singanallur(Uzhavar Sandhai ),Onion,Bellary,Local,3800,4200,4200,13-Jan-25
22667,Nashik,Sinner,Onion,Red,FAQ,500,2481,2150,08-Jan-25
22668,Nagapattinam,Sirkali(Uzhavar Sandhai ),Onion,Bellary,Local,4000,5000,5000,25-Jan-25
22669,Nagapattinam,Sirkali(Uzhavar Sandhai ),Onion,Bellary,Local,4000,5000,5000,26-Jan-25
22670,Nagapattinam,Sirkali(Uzhavar Sandhai ),Onion,Bellary,Local,4500,5000,5000,05-Jan-25
22671,Sirsa,Sirsa,Onion,Other,FAQ,1700,2500,2400,22-Jan-25
22672,Sirsa,Sirsa,Onion,Other,FAQ,1800,2700,2500,12-Jan-25
22673,Sirsa,Sirsa,Onion,Other,FAQ,1850,2800,2300,09-Jan-25
22674,Sirsa,Sirsa,Onion,Other,FAQ,2000,2500,2300,23-Jan-25
22675,Prayagraj,Sirsa,Onion,Red,FAQ,2000,2200,2100,21-Jan-25
22676,Prayagraj,Sirsa,Onion,Red,FAQ,2100,2300,2200,31-Jan-25
22677,Sitapur,Sitapur,Onion,Red,FAQ,1600,2500,2425,13-Jan-25
22678,Sitapur,Sitapur,Onion,Red,FAQ,1600,2550,2430,12-Jan-25
22679,Sitapur,Sitapur,Onion,Red,FAQ,1600,2550,2440,11-Jan-25
22680,Sitapur,Sitapur,Onion,Red,FAQ,1600,2600,2500,02-Jan-25
22681,Sivaganga,Sivagangai (Uzhavar Sandhai ),Onion,Bellary,Local,5000,5200,5200,13-Jan-25
22682,Sivaganga,Sivagangai (Uzhavar Sandhai ),Onion,Bellary,Local,5000,5200,5200,14-Jan-25
22683,Sivaganga,Sivagangai (Uzhavar Sandhai ),Onion,Bellary,Local,5000,5200,5200,17-Jan-25
22684,Virudhunagar,Sivakasi(Uzhavar Sandhai ),Onion,Bellary,Local,3800,4000,4000,04-Jan-25
22685,Virudhunagar,Sivakasi(Uzhavar Sandhai ),Onion,Bellary,Local,3800,4000,4000,29-Jan-25
22686,Kaithal,Siwan,Onion,Other,FAQ,2000,2000,2000,05-Jan-25
22687,Kaithal,Siwan,Onion,Other,FAQ,2100,2200,2100,21-Jan-25
22688,Bulandshahar,Siyana,Onion,Red,FAQ,2100,2230,2170,24-Jan-25
22689,Bulandshahar,Siyana,Onion,Red,FAQ,2100,2230,2170,31-Jan-25
22690,Gurgaon,Sohna,Onion,Onion,FAQ,2200,2800,2500,10-Jan-25
22691,Gurgaon,Sohna,Onion,Onion,FAQ,2400,2500,2500,19-Jan-25
22692,Solan,Solan,Onion,Other,FAQ,2300,3200,3000,08-Jan-25
22693,Solan,Solan(Nalagarh),Onion,Other,FAQ,2800,3000,2900,29-Jan-25
22694,Sholapur,Solapur,Onion,Red,FAQ,200,4000,2000,25-Jan-25
22695,Sholapur,Solapur,Onion,Red,FAQ,300,4300,2000,02-Jan-25
22696,Sonipat,Sonepat,Onion,Other,FAQ,2000,2300,2000,15-Jan-25
22697,Sonipat,Sonepat,Onion,Other,FAQ,2000,2300,2000,18-Jan-25
22698,Sonipat,Sonepat,Onion,Other,FAQ,2000,2900,2000,08-Jan-25
22699,Sonipat,Sonepat(Kharkhoda),Onion,Other,FAQ,1800,2300,2000,14-Jan-25
22700,Sonipat,Sonepat(Kharkhoda),Onion,Other,FAQ,1800,2300,2000,22-Jan-25
22701,Sonipat,Sonepat(Kharkhoda),Onion,Other,FAQ,1800,2400,2000,23-Jan-25
22702,Sonipat,Sonepat(Kharkhoda),Onion,Other,FAQ,1800,2400,2000,25-Jan-25
22703,Sonipat,Sonepat(Kharkhoda),Onion,Other,FAQ,1800,2400,2100,01-Feb-25
22704,Sonipat,Sonepat(Kharkhoda),Onion,Other,FAQ,2000,2600,2300,10-Jan-25
22705,Sonipat,Sonepat(Kharkhoda),Onion,Other,FAQ,2500,3200,2800,03-Jan-25
22706,Sonipat,Sonepat(Kharkhoda),Onion,Other,FAQ,2500,3500,3000,02-Jan-25
22707,Dewas,Sonkatch,Onion,Local,FAQ,501,1210,1210,17-Jan-25
22708,Salem,Sooramangalam(Uzhavar Sandhai ),Onion,Bellary,Local,5500,6000,6000,01-Jan-25
22709,Salem,Sooramangalam(Uzhavar Sandhai ),Onion,Bellary,Local,5500,6000,6000,28-Jan-25
22710,Virudhunagar,Srivilliputhur(Uzhavar Sandhai ),Onion,Bellary,Local,4800,6000,6000,27-Jan-25
22711,Churu,Sujangarh,Onion,Other,FAQ,2000,2200,2100,14-Jan-25
22712,Amethi,Sultanpur,Onion,Red,FAQ,2200,2350,2255,27-Jan-25
22713,Coimbatore,Sulur(Uzhavar Sandhai ),Onion,Bellary,Local,3800,4200,4200,12-Jan-25
22714,Sangrur,Sunam,Onion,Nasik,FAQ,2000,2200,2100,12-Jan-25
22715,Sangrur,Sunam,Onion,Nasik,FAQ,2000,2500,2300,10-Jan-25
22716,Sangrur,Sunam,Onion,Nasik,FAQ,2000,3000,2500,18-Jan-25
22717,Coimbatore,Sundarapuram(Uzhavar Sandhai ),Onion,Bellary,Local,3800,4200,4200,06-Jan-25
22718,Coimbatore,Sundarapuram(Uzhavar Sandhai ),Onion,Bellary,Local,4000,4200,4200,20-Jan-25
22719,Surat,Surat,Onion,Other,FAQ,1000,2800,1900,11-Jan-25
22720,Surat,Surat,Onion,Other,FAQ,1000,3000,2000,06-Jan-25
22721,Bhavnagar,Taleja,Onion,Red,FAQ,1250,2215,1735,01-Feb-25
22722,Bhavnagar,Taleja,Onion,White,FAQ,1350,1580,1465,07-Jan-25
22723,Kannur,Taliparamba,Onion,Onion,FAQ,3300,3500,3400,13-Jan-25
22724,Kannur,Taliparamba,Onion,Onion,FAQ,3300,3500,3400,14-Jan-25
22725,Kannur,Taliparamba,Onion,Onion,FAQ,3300,3500,3400,15-Jan-25
22726,Kannur,Taliparamba,Onion,Onion,FAQ,3900,4100,4000,07-Jan-25
22727,Thiruvannamalai,Tamarainagar(Uzhavar Sandhai ),Onion,Bellary,Local,3500,4000,4000,28-Jan-25
22728,Thiruvannamalai,Tamarainagar(Uzhavar Sandhai ),Onion,Bellary,Local,3600,4000,4000,17-Jan-25
22729,Thiruvannamalai,Tamarainagar(Uzhavar Sandhai ),Onion,Bellary,Local,4000,4500,4500,20-Jan-25
22730,Medinipur(E),Tamluk (Medinipur E),Onion,Onion,FAQ,3500,4000,3800,02-Jan-25
22731,Hoshiarpur,Tanda Urmur,Onion,Other,FAQ,3000,3500,3200,18-Jan-25
22732,Tarntaran,Tarantaran,Onion,Other,FAQ,2200,2600,2500,08-Jan-25
22733,Karnal,Tarori,Onion,Other,Non-FAQ,2200,2800,2500,01-Feb-25
22734,Mewat,Tauru,Onion,Other,FAQ,2700,2700,2700,02-Jan-25
22735,Kannur,Thalasserry,Onion,1st Sort,FAQ,2900,3100,3000,19-Jan-25
22736,Kannur,Thalasserry,Onion,1st Sort,FAQ,3500,3700,3600,22-Jan-25
22737,Kottayam,Thalayolaparambu,Onion,Big,FAQ,3900,4200,4000,28-Jan-25
22738,Kottayam,Thalayolaparambu,Onion,Onion,FAQ,8900,9200,9000,17-Jan-25
22739,Kottayam,Thalayolaparambu,Onion,Onion,FAQ,9000,9400,9200,09-Jan-25
22740,Salem,Thammampatti (Uzhavar Sandhai ),Onion,Bellary,Local,5000,5500,5500,24-Jan-25
22741,Salem,Thammampatti (Uzhavar Sandhai ),Onion,Bellary,Local,5000,5500,5500,31-Jan-25
22742,Shamli,Thanabhavan,Onion,Red,FAQ,2200,2500,2350,07-Jan-25
22743,Shamli,Thanabhavan,Onion,Red,FAQ,2200,2500,2400,17-Jan-25
22744,Kurukshetra,Thanesar,Onion,Onion,FAQ,1000,2600,1800,16-Jan-25
22745,Kurukshetra,Thanesar,Onion,Onion,FAQ,1000,3000,2000,10-Jan-25
22746,Thanjavur,Thanjavur(Uzhavar Sandhai ),Onion,Bellary,Local,4600,4600,4600,01-Feb-25
22747,Thanjavur,Thanjavur(Uzhavar Sandhai ),Onion,Bellary,Local,5000,5000,5000,13-Jan-25
22748,Salem,Thathakapatti(Uzhavar Sandhai ),Onion,Bellary,Local,5000,6000,6000,11-Jan-25
22749,Theni,Theni(Uzhavar Sandhai ),Onion,Bellary,Local,4000,4500,4500,12-Jan-25
22750,Chengalpattu,Thirukalukundram(Uzhavar Sandhai ),Onion,Bellary,Local,4000,4500,4500,10-Jan-25
22751,Chengalpattu,Thirukalukundram(Uzhavar Sandhai ),Onion,Bellary,Local,4000,5000,5000,26-Jan-25
22752,Madurai,Thirumangalam(Uzhavar Sandhai ),Onion,Bellary,Local,4500,5200,5200,21-Jan-25
22753,Madurai,Thirumangalam(Uzhavar Sandhai ),Onion,Bellary,Local,5000,5400,5400,02-Jan-25
22754,Vellore,Thirupathur,Onion,Bellary,Local,4500,4500,4500,25-Jan-25
22755,Vellore,Thirupathur,Onion,Bellary,Local,5000,5000,5000,30-Jan-25
22756,Malappuram,Thirurrangadi,Onion,Other,FAQ,3500,3500,3500,04-Jan-25
22757,Malappuram,Thirurrangadi,Onion,Other,Non-FAQ,2500,2600,2600,18-Jan-25
22758,Idukki,Thodupuzha,Onion,Small,FAQ,7300,7500,7500,04-Jan-25
22759,Thoubal,Thoubal,Onion,Other,FAQ,4500,5000,4750,17-Jan-25
22760,Ernakulam,Thrippunithura,Onion,Big,FAQ,3700,4400,3700,30-Jan-25
22761,Thirssur,Thrissur,Onion,Onion,FAQ,7000,7500,7300,29-Jan-25
22762,Thiruchirappalli,Thuraiyur,Onion,Bellary,Local,4000,5000,5000,20-Jan-25
22763,Thiruchirappalli,Thuraiyur,Onion,Bellary,Local,4000,5000,5000,21-Jan-25
22764,Thiruchirappalli,Thuraiyur,Onion,Bellary,Local,4000,5600,5600,06-Jan-25
22765,Thiruchirappalli,Thuraiyur,Onion,Bellary,Local,5000,5600,5600,04-Jan-25
22766,Thiruchirappalli,Thuraiyur,Onion,Bellary,Local,5000,5600,5600,09-Jan-25
22767,Shahjahanpur,Tilhar,Onion,Red,FAQ,2160,2260,2210,17-Jan-25
22768,Shahjahanpur,Tilhar,Onion,Red,FAQ,2185,2285,2235,23-Jan-25
22769,Shahjahanpur,Tilhar,Onion,Red,FAQ,2190,2290,2240,28-Jan-25
22770,Shahjahanpur,Tilhar,Onion,Red,FAQ,2205,2305,2255,02-Jan-25
22771,Villupuram,Tindivanam,Onion,Bellary,Local,4000,4800,4800,24-Jan-25
22772,Villupuram,Tindivanam,Onion,Bellary,Local,4000,5000,5000,02-Jan-25
22773,Villupuram,Tindivanam,Onion,Bellary,Local,4000,5000,5000,06-Jan-25
22774,Namakkal,Tiruchengode,Onion,Bellary,Local,5000,6000,6000,14-Jan-25
22775,Namakkal,Tiruchengode,Onion,Bellary,Local,5000,6000,6000,19-Jan-25
22776,Sivaganga,Tirupatthur(Uzhavar Sandhai ),Onion,Bellary,Local,5200,5500,5500,24-Jan-25
22777,Sivaganga,Tirupatthur(Uzhavar Sandhai ),Onion,Bellary,Local,5200,5500,5500,31-Jan-25
22778,Thirupur,Tiruppur (North) (Uzhavar Sandhai ),Onion,Bellary,Local,3500,4000,4000,27-Jan-25
22779,Thirupur,Tiruppur (South) (Uzhavar Sandhai ),Onion,Bellary,Local,3500,4000,4000,27-Jan-25
22780,Thiruvellore,Tiruvallur(Uzhavar Sandhai ),Onion,Bellary,Local,3500,3500,3500,29-Jan-25
22781,Thiruvellore,Tiruvallur(Uzhavar Sandhai ),Onion,Bellary,Local,4500,4500,4500,05-Jan-25
22782,Thiruvannamalai,Tiruvannamalai(Uzhavar Sandhai ),Onion,Bellary,Local,4000,5000,5000,28-Jan-25
22783,Thiruvarur,Tiruvarur(Uzhavar Sandhai ),Onion,Bellary,Local,4400,6000,6000,25-Jan-25
22784,Thiruvarur,Tiruvarur(Uzhavar Sandhai ),Onion,Bellary,Local,4400,6000,6000,26-Jan-25
22785,Thiruvarur,Tiruvarur(Uzhavar Sandhai ),Onion,Bellary,Local,6000,6000,6000,03-Jan-25
22786,Fatehabad,Tohana(New Veg Market),Onion,Onion,FAQ,900,900,900,29-Jan-25
22787,Tumkur,Tumkur,Onion,Other,FAQ,2400,3400,2950,02-Jan-25
22788,Tumkur,Tumkur,Onion,Other,Ref grade-1,2200,3100,2600,31-Jan-25
22789,Firozabad,Tundla,Onion,Red,FAQ,2200,2275,2250,18-Jan-25
22790,Firozabad,Tundla,Onion,Red,FAQ,2265,2320,2300,10-Jan-25
22791,Tuticorin,Tuticorin(Uzhavar Sandhai ),Onion,Bellary,Local,4500,5000,5000,01-Jan-25
22792,Udaipur,Udaipur (F&V),Onion,Other,FAQ,1000,2000,1500,22-Jan-25
22793,Udaipur,Udaipur (F&V),Onion,Other,FAQ,1000,2200,1600,01-Feb-25
22794,Mayurbhanja,Udala,Onion,Onion,FAQ,3400,3500,3400,28-Jan-25
22795,Mayurbhanja,Udala,Onion,Onion,FAQ,3400,3600,3500,29-Jan-25
22796,Mayurbhanja,Udala,Onion,Onion,FAQ,3500,3700,3600,08-Jan-25
22797,Mayurbhanja,Udala,Onion,Onion,FAQ,3500,3700,3600,13-Jan-25
22798,The Nilgiris,Udhagamandalam(Uzhavar Sandhai ),Onion,Bellary,Local,4500,4800,4800,09-Jan-25
22799,Udupi,Udupi,Onion,Onion,FAQ,3000,3600,3400,24-Jan-25
22800,Udupi,Udupi,Onion,Onion,FAQ,3200,3600,3400,02-Jan-25
22801,Udupi,Udupi,Onion,Onion,FAQ,3200,3600,3400,06-Jan-25
22802,Badaun,Ujhani,Onion,Red,FAQ,2250,2350,2300,07-Jan-25
22803,Badaun,Ujhani,Onion,Red,FAQ,2250,2350,2300,19-Jan-25
22804,Ujjain,Ujjain,Onion,Onion,FAQ,300,2021,1700,30-Jan-25
22805,Ujjain,Ujjain,Onion,Onion,FAQ,350,2000,2000,15-Jan-25
22806,Ujjain,Ujjain,Onion,Onion,FAQ,740,2080,2080,24-Jan-25
22807,Ujjain,Ujjain,Onion,Onion,Non-FAQ,652,1975,1700,30-Jan-25
22808,Villupuram,Ulundurpettai,Onion,Bellary,Local,4000,5000,5000,08-Jan-25
22809,Villupuram,Ulundurpettai,Onion,Bellary,Local,4000,5000,5000,14-Jan-25
22810,Villupuram,Ulundurpettai,Onion,Bellary,Local,4000,5000,5000,19-Jan-25
22811,Villupuram,Ulundurpettai,Onion,Bellary,Local,4000,5000,5000,22-Jan-25
22812,Villupuram,Ulundurpettai,Onion,Bellary,Local,4000,5000,5000,27-Jan-25
22813,Nashik,Umrane,Onion,Red,FAQ,700,2811,2000,21-Jan-25
22814,Nashik,Umrane,Onion,Red,Local,700,2511,1850,31-Jan-25
22815,Una,Una,Onion,Onion,FAQ,2600,3400,3000,13-Jan-25
22816,Una,Una,Onion,Onion,FAQ,3000,3500,3250,06-Jan-25
22817,Unnao,Unnao,Onion,Red,FAQ,2250,2375,2300,22-Jan-25
22818,Madurai,Usilampatty,Onion,Bellary,Local,4500,5000,5000,16-Jan-25
22819,Madurai,Usilampatty,Onion,Bellary,Local,4800,5000,5000,01-Feb-25
22820,Kanpur,Uttaripura,Onion,Red,FAQ,2740,2940,2840,01-Jan-25
22821,Palakad,vadakarapathy,Onion,Small,FAQ,3300,3500,3400,03-Jan-25
22822,Palakad,Vadakkenchery,Onion,Big,FAQ,4000,4500,4250,04-Jan-25
22823,Palakad,Vadakkenchery,Onion,Big,FAQ,4500,5000,4750,20-Jan-25
22824,Palakad,Vadakkenchery,Onion,Small,FAQ,10000,11000,10500,24-Jan-25
22825,Coimbatore,Vadavalli(Uzhavar Sandhai ),Onion,Bellary,Local,3500,3900,3900,12-Jan-25
22826,Coimbatore,Vadavalli(Uzhavar Sandhai ),Onion,Bellary,Local,3800,4200,4200,04-Jan-25
22827,Coimbatore,Vadavalli(Uzhavar Sandhai ),Onion,Bellary,Local,4000,4500,4500,22-Jan-25
22828,Kolhapur,Vadgaonpeth,Onion,Local,FAQ,2800,4000,3500,04-Jan-25
22829,Chattrapati Sambhajinagar,Vaijpur,Onion,Red,FAQ,500,2760,2100,24-Jan-25
22830,Thiruvananthapuram,Vamanapuram,Onion,Other,FAQ,5000,5500,5000,18-Jan-25
22831,Thiruvananthapuram,Vamanapuram,Onion,Other,FAQ,5000,5500,5500,03-Jan-25
22832,Thiruvananthapuram,Vamanapuram,Onion,Other,Non-FAQ,4500,5000,5000,31-Jan-25
22833,Varanasi,Varanasi,Onion,Red,FAQ,2245,2365,2300,19-Jan-25
22834,Varanasi,Varanasi,Onion,Red,FAQ,2450,2590,2525,08-Jan-25
22835,Kanpur,Varipaal,Onion,Red,Non-FAQ,1800,1800,1800,21-Jan-25
22836,Kanpur,Varipaal,Onion,Red,Non-FAQ,1800,2000,1900,30-Jan-25
22837,Mumbai,Vashi New Mumbai,Onion,Other,FAQ,500,3000,1750,06-Jan-25
22838,Mumbai,Vashi New Mumbai,Onion,Other,FAQ,800,2600,1700,13-Jan-25
22839,Mumbai,Vashi New Mumbai,Onion,Other,FAQ,1000,3200,2100,01-Jan-25
22840,Dindigul,Vedasanthur(Uzhavar Sandhai ),Onion,Bellary,Local,4000,4500,4500,17-Jan-25
22841,Karur,Velayuthampalayam(Uzhavar Sandhai ),Onion,Bellary,Local,4000,5000,5000,01-Feb-25
22842,Karur,Velayuthampalayam(Uzhavar Sandhai ),Onion,Bellary,Local,4000,5000,5000,28-Jan-25
22843,Vellore,Vellore,Onion,Bellary,Local,3800,4000,4000,29-Jan-25
22844,Vellore,Vellore,Onion,Bellary,Local,4000,4400,4400,12-Jan-25
22845,Vellore,Vellore,Onion,Bellary,Local,4200,4200,4200,17-Jan-25
22846,Dehradoon,Vikasnagar,Onion,Other,Non-FAQ,1500,1600,1600,30-Jan-25
22847,Virudhunagar,Virudhunagar(Uzhavar Sandhai ),Onion,Bellary,Local,3700,4500,4500,30-Jan-25
22848,Virudhunagar,Virudhunagar(Uzhavar Sandhai ),Onion,Bellary,Local,5700,5900,5900,07-Jan-25
22849,Cuddalore,Viruthachalam(Uzhavar Sandhai ),Onion,Bellary,Local,4000,4000,4000,24-Jan-25
22850,Cuddalore,Viruthachalam(Uzhavar Sandhai ),Onion,Bellary,Local,4500,4500,4500,10-Jan-25
22851,Cuddalore,Viruthachalam(Uzhavar Sandhai ),Onion,Bellary,Local,4500,4500,4500,11-Jan-25
22852,Junagarh,Visavadar,Onion,Onion,FAQ,670,1730,1200,16-Jan-25
22853,Sitapur,Viswan,Onion,Red,FAQ,2140,2200,2170,30-Jan-25
22854,Sitapur,Viswan,Onion,Red,FAQ,2340,2380,2360,18-Jan-25
22855,Sitapur,Viswan,Onion,Red,FAQ,2420,2460,2440,10-Jan-25
22856,Badaun,Wazirganj,Onion,Red,FAQ,2150,2250,2200,29-Jan-25
22857,Badaun,Wazirganj,Onion,Red,FAQ,2200,2250,2225,15-Jan-25
22858,Badaun,Wazirganj,Onion,Red,FAQ,2200,2250,2225,17-Jan-25
22859,Badaun,Wazirganj,Onion,Red,Non-FAQ,1950,2100,2000,30-Jan-25
22860,Badaun,Wazirganj,Onion,Red,Non-FAQ,2200,2275,2225,19-Jan-25
22861,Yamuna Nagar,Yamuna Nagar,Onion,Other,FAQ,600,2800,2100,04-Jan-25
22862,Jalgaon,Yawal,Onion,Red,Local,1250,1600,1310,31-Jan-25
22863,Nashik,Yeola,Onion,Red,FAQ,500,2701,2150,04-Jan-25
22864,Nashik,Yeola,Onion,Red,Local,500,2701,2150,25-Jan-25
